pbanka_id	Gene	Barcodes	PbFertility7_1_GCKO2_t_r1	PbFertility7_2_145480_t_r1	PbFertility7_4_GCKO2_d0_b_mf1_r1	PbFertility7_5_GCKO2_d0_b_mf2_r1	PbFertility7_6_145480_d0_b_mf1_r1	PbFertility7_7_145480_d0_b_mf2_r1	PbFertility7_10_GCKO2_d14_mf1.1_r1	PbFertility7_11_GCKO2_d14_mf1.2_r1	PbFertility7_12_GCKO2_d14_mf2.1_r1	PbFertility7_13_GCKO2_d14_mf2.2_r1	PbFertility7_14_145480_d14_mf1.1_r1	PbFertility7_15_145480_d14_mf1.2_r1	PbFertility7_16_145480_d14_mf2.1_r1	PbFertility7_17_145480_d14_mf2.2_r1	PbFertility7_22_GCKO2_t_r2	PbFertility7_23_145480_t_r2	PbFertility7_25_GCKO2_d0_b_mf1_r2	PbFertility7_26_GCKO2_d0_b_mf2_r2	PbFertility7_27_145480_d0_b_mf1_r2	PbFertility7_28_145480_d0_b_mf2_r2	PbFertility7_31_GCKO2_d14_mf1.1_r2	PbFertility7_32_GCKO2_d14_mf1.2_r2	PbFertility7_33_GCKO2_d14_mf2.1_r2	PbFertility7_34_GCKO2_d14_mf2.2_r2	PbFertility7_35_145480_d14_mf1.1_r2	PbFertility7_36_145480_d14_mf1.2_r2	PbFertility7_37_145480_d14_mf2.1_r2	PbFertility7_38_145480_d14_mf2.2_r2
PBANKA_010010	PbGEM-327491|PbGEM-265972|PbGEM-265964|PBANKA_010010	TTATAAAATTG	252.0	197.5	1420.0	1042.0	643.0	683.0	1625.0	1548.5	1693.0	1776.5	1630.5	1623.5	1283.0	1486.0	248.5	253.0	1185.5	997.0	626.5	528.5	1511.5	1861.0	1580.0	1727.0	1343.5	1398.5	1256.0	1373.5
PBANKA_010110	PbGEM-266100|PbGEM-266092|PbGEM-668501|PBANKA_010110	CAGCGTGATGT	218.0	831.0	138.5	159.5	1161.5	1012.5	106.0	185.5	258.0	75.5	1704.0	1627.5	1654.5	1592.0	225.5	1024.5	120.5	132.0	1075.0	1049.0	84.0	254.0	228.0	89.5	1410.0	1532.5	1408.5	1394.5
PBANKA_010160	PbGEM-081273|PbGEM-646931|PbGEM-005333|PBANKA_010160|PbGEM-226701	GAAATTTGGCA	474.0	250.0	195.0	174.5	56.0	44.5	63.0	113.0	82.5	85.5	0.0	9.0	18.0	0.0	455.5	312.0	158.5	152.5	47.5	64.5	60.5	125.0	67.5	100.5	0.0	7.0	20.5	0.0
PBANKA_010220	PbGEM-645656|PbGEM-266204|PBANKA_010220|PbGEM-646795|PbGEM-645735|PbGEM-266212	TTCACTCAAGT	294.0	252.0	463.5	405.0	214.0	192.0	0.0	0.0	1.5	0.0	1.0	17.0	0.0	8.0	268.0	310.5	450.5	402.0	189.0	155.0	1.0	4.0	2.5	1.0	1.0	18.0	0.0	5.5
PBANKA_010510	PbGEM-005773|PBANKA_010510|PbGEM-005781|PbGEM-227013	AGGGGTGTTGT	216.5	162.5	181.5	157.0	478.5	391.0	22.5	15.0	56.5	74.5	590.5	490.0	572.5	485.5	233.0	220.5	122.5	133.0	417.5	339.0	19.0	20.0	49.5	65.0	476.0	391.0	545.5	388.5
PBANKA_010590	PBANKA_010590|PbGEM-327691|PbGEM-005901|PbGEM-227138|PbGEM-537843	CGAACCCGGCG	306.0	224.0	41.0	29.5	257.0	209.5	39.0	44.5	32.0	49.0	173.0	197.0	192.5	194.5	298.0	301.0	34.0	42.5	180.0	205.0	23.5	66.5	24.0	39.0	137.5	163.0	104.0	147.5
PBANKA_010600	PBANKA_010600|PbGEM-327699|PbGEM-266699	CGGGCAGGACT	308.0	250.5	63.0	73.0	1.0	1.0	15.0	19.0	10.5	9.0	0.0	2.0	0.0	0.0	254.5	268.5	64.0	55.5	0.0	0.0	15.0	19.5	10.0	7.0	0.0	9.0	0.0	0.0
PBANKA_020670	PBANKA_020670|PbGEM-268195|PbGEM-268179|PbGEM-268187	ATCCAGGATAT	336.5	153.5	20.0	17.0	15.0	12.0	17.0	29.0	38.5	16.0	51.5	32.0	40.0	43.0	322.5	225.0	22.0	29.0	27.0	11.0	20.5	42.5	31.5	17.0	45.5	35.0	32.5	38.0
PBANKA_020920	PbGEM-268579|PbGEM-268595|PbGEM-268587|PBANKA_020920	CGAACCGCTTG	110.0	91.5	197.0	195.0	166.5	182.0	318.0	284.5	265.0	224.5	325.0	379.5	348.5	331.0	99.0	113.5	221.5	201.0	139.5	135.5	298.0	342.5	260.0	244.5	237.5	328.5	158.5	195.5
PBANKA_020960	PbGEM-268643|PbGEM-268635|PbGEM-268627|PbGEM-328107|PBANKA_020960	GGTCCTAGGAT	346.5	282.0	145.5	129.5	42.0	46.0	274.0	276.5	312.5	282.5	34.5	36.5	1.0	22.5	327.5	329.5	155.0	134.5	42.0	34.0	273.0	335.5	278.0	258.0	36.0	35.0	1.0	19.5
PBANKA_021030	PbGEM-268739|PbGEM-268747|PbGEM-533331|PbGEM-268755|PBANKA_021030|PbGEM-328131|PbGEM-646799	ATTAATCTAGT	544.5	299.5	16.0	21.5	45.0	25.0	15.0	30.0	8.0	43.0	22.0	33.0	19.0	21.5	479.0	335.0	22.5	34.0	48.5	19.0	14.0	26.0	15.0	47.0	25.0	26.0	15.5	17.0
PBANKA_021140	PbGEM-082644|PBANKA_021140|PbGEM-008197|PbGEM-229906|PbGEM-082652	TAGGGCGAAGT	395.5	235.5	348.5	266.5	0.0	0.0	184.5	187.5	302.5	332.0	0.0	0.0	0.0	0.0	392.5	298.0	223.0	258.5	1.0	0.0	177.0	205.5	262.0	254.5	0.0	1.5	0.0	0.0
PBANKA_021390	PbGEM-008580|PBANKA_021390|PbGEM-666117|PbGEM-227253|PbGEM-328275	TGTACCCTTTA	366.0	334.5	187.5	222.0	875.5	764.5	165.0	173.0	197.5	190.0	402.0	508.5	463.0	580.0	406.0	377.0	166.0	205.0	858.5	795.0	194.5	234.5	207.5	161.5	340.5	460.0	446.0	447.5
PBANKA_030180	PbGEM-269443|PbGEM-269451|PBANKA_030180	CAGCATACGAC	475.5	252.0	354.5	344.0	90.0	76.0	568.5	600.5	452.0	423.0	0.0	0.0	1.0	0.0	455.5	294.0	324.5	318.0	70.0	88.5	487.0	625.5	444.0	372.5	1.0	0.0	1.5	0.0
PBANKA_030260	PBANKA_030260|PbGEM-009087|PbGEM-009095|PbGEM-227849	GTTGCGAGCAC	213.0	163.5	139.5	149.0	816.0	649.0	101.0	63.5	131.0	62.0	2027.0	1866.5	1756.0	1799.5	224.5	213.0	137.5	110.5	693.0	618.5	99.0	94.0	144.0	66.0	1643.0	1726.5	1581.0	1634.0
PBANKA_030340	PbGEM-269651|PbGEM-669349|PbGEM-269659|PbGEM-269643|PBANKA_030340|PbGEM-533419	TCCGCCACCTG	335.5	169.0	26.0	11.5	12.0	11.0	25.5	2.0	28.5	23.0	51.5	23.0	18.0	14.5	382.5	160.5	15.5	16.0	15.5	9.5	34.0	2.0	15.5	17.0	43.5	29.0	27.0	17.0
PBANKA_030370	PbGEM-664461|PBANKA_030370|PbGEM-009257|PbGEM-228022|PbGEM-009249	GCACCCACGCG	327.5	146.5	174.5	169.5	138.0	104.0	205.5	166.0	127.0	181.5	184.0	162.0	160.5	161.5	337.5	193.5	145.0	157.0	99.5	104.5	194.0	216.0	117.5	168.0	163.0	138.5	151.5	137.0
PBANKA_030650	PbGEM-270083|PbGEM-270099|PBANKA_030650|PbGEM-270091	TATCGGAGCTT	424.5	282.5	571.0	524.5	27.0	23.0	1194.5	1027.5	1120.5	860.0	22.5	11.5	44.5	63.5	412.0	329.0	534.0	495.5	36.0	35.0	1116.5	1141.0	1175.0	786.5	25.0	12.0	35.5	35.0
PBANKA_030890	PBANKA_030890|PbGEM-533467|PbGEM-270307|PbGEM-270315|PbGEM-270299|PbGEM-328547	CTTGGGCGTGC	466.0	293.0	50.0	46.0	78.0	55.5	38.0	79.0	143.5	62.0	9.0	22.0	34.5	20.0	456.0	334.5	41.0	36.0	62.0	51.0	26.0	96.0	131.5	56.5	4.5	11.0	42.0	16.0
PBANKA_031000	PBANKA_031000|PbGEM-665341|PbGEM-010090|PbGEM-229258	CGGAATGCCAG	388.0	203.5	194.5	201.5	71.5	76.0	140.5	146.5	124.0	86.0	12.0	2.5	5.0	8.0	450.0	261.0	183.5	153.0	80.5	64.5	116.5	127.0	117.0	88.5	8.0	3.0	10.0	7.0
PBANKA_031200	PbGEM-328635|PbGEM-010360|PBANKA_031200|PbGEM-229672|PbGEM-647075|PbGEM-010368	GGGCAACGGCG	232.5	192.5	127.5	107.0	331.5	315.5	42.0	70.5	107.5	86.5	424.5	367.0	324.0	367.0	284.0	210.5	92.5	90.0	302.5	265.5	57.5	81.5	95.5	73.0	376.5	353.5	299.5	368.5
PBANKA_031360	PbGEM-328675|PbGEM-533523|PbGEM-271010|PbGEM-271018|PBANKA_031360	CTATCCGCCAC	214.0	198.0	101.5	92.0	0.0	2.0	31.0	22.5	84.0	64.5	0.0	0.0	0.0	0.0	211.0	210.5	93.0	115.5	1.0	2.0	17.0	18.0	100.0	58.0	0.0	0.0	0.0	0.0
PBANKA_031490	PbGEM-271138|PbGEM-271130|PBANKA_031490	TCTGCTAGAAG	266.5	222.0	1222.5	1151.5	469.0	405.5	1.5	9.0	1.0	12.5	27.0	39.0	40.5	16.0	253.5	249.5	1044.5	981.5	419.0	358.5	6.0	13.0	0.0	16.0	31.0	14.5	28.0	25.5
PBANKA_031590	PbGEM-010885|PbGEM-230346|PBANKA_031590|PbGEM-010877	CCATCGTGGCC	229.5	178.5	288.5	270.0	433.5	315.5	401.0	263.5	358.5	321.0	603.5	726.5	545.5	490.5	223.5	186.5	253.0	254.5	320.5	282.0	309.5	258.0	363.5	313.0	490.0	690.5	511.5	471.5
PBANKA_031660	PbGEM-645719|PbGEM-271226|PBANKA_031660|PbGEM-328723|PbGEM-645660	TCCTCGAGATG	426.5	282.0	0.0	0.0	30.0	53.0	0.0	0.0	0.0	0.0	38.5	25.0	13.0	43.0	537.5	302.5	0.0	0.0	31.0	30.5	0.0	2.0	0.0	0.0	29.5	21.0	13.0	33.5
PBANKA_040120	PbGEM-646531|PBANKA_040120|PbGEM-011029|PbGEM-230537|PbGEM-528340|PbGEM-646365|PbGEM-645750|PbGEM-528199|PbGEM-011021|PbGEM-230557|PbGEM-226165|PbGEM-084058|PbGEM-528058	GTTACGAAGGG	466.5	295.0	171.5	99.5	9.5	6.5	256.5	229.5	207.0	219.0	9.0	17.0	3.0	16.0	494.0	350.5	127.5	97.5	8.0	7.0	241.0	234.0	169.5	280.5	11.5	14.0	1.5	9.0
PBANKA_040240	PbGEM-271442|PbGEM-271434|PbGEM-271426|PBANKA_040240	AGTGGCGTGAA	481.5	227.5	705.5	712.0	324.0	332.5	655.5	724.0	805.0	602.0	386.5	413.0	354.5	342.0	476.0	282.5	626.0	710.5	348.0	278.5	659.5	830.0	818.5	580.5	341.5	305.5	302.0	329.0
PBANKA_040410	PbGEM-671365|PBANKA_040410|PbGEM-228796|PbGEM-011394|PbGEM-011402	AGCAGTGCCTT	382.5	207.5	757.0	661.0	200.0	161.0	658.0	914.5	914.0	848.5	184.0	185.5	223.5	191.0	360.5	258.5	632.5	569.0	172.0	141.5	644.5	987.5	910.5	849.0	139.5	155.0	151.5	201.0
PBANKA_040950	PbGEM-272202|PbGEM-272186|PbGEM-272194|PBANKA_040950	ATGGACACTTG	332.0	195.0	83.0	55.0	51.5	44.0	96.0	121.5	70.5	139.5	28.5	67.0	48.5	37.0	323.0	208.0	77.0	76.5	50.5	37.0	90.5	112.0	78.5	128.0	18.0	49.0	50.0	27.0
PBANKA_041065	PbGEM-084632|PbGEM-012346|PbGEM-329011|PBANKA_041065|PbGEM-230132|PbGEM-084640	AGTAGTTACTT	500.5	299.0	436.0	414.0	165.5	167.0	392.5	390.0	436.0	408.5	213.5	174.0	224.5	272.0	508.0	307.5	387.5	353.5	164.0	128.0	385.0	450.0	459.5	358.0	163.0	125.5	189.0	210.0
PBANKA_041170	PBANKA_041170|PbGEM-012515|PbGEM-230293	CTTAGTCAATT	189.0	195.0	100.0	110.5	135.5	106.0	61.5	70.5	31.0	34.5	199.5	68.0	79.0	151.5	226.5	199.5	62.5	73.0	134.5	114.0	54.0	75.0	44.5	35.0	156.5	64.5	74.5	108.0
PBANKA_041190	PBANKA_041190|PbGEM-272490|PbGEM-272482	AGAGTTTCGGA	217.5	192.5	734.0	615.0	288.0	227.5	928.0	801.5	863.0	665.0	274.0	297.5	229.0	243.5	233.5	241.5	614.0	652.5	215.0	206.5	798.0	949.0	770.0	682.0	185.0	247.0	193.5	208.5
PBANKA_041350	PBANKA_041350|PbGEM-230494|PbGEM-012712|PbGEM-121274	CTGGCCGCTAA	166.0	129.0	19.5	31.0	103.5	114.0	0.0	0.0	0.0	0.0	247.5	220.5	181.5	176.0	139.5	130.5	23.5	35.5	106.0	89.5	0.0	1.0	0.0	0.0	186.0	195.0	178.5	168.5
PBANKA_041780	PbGEM-273274|PBANKA_041780|PbGEM-273282	GAGCCTGGTGG	201.5	155.0	144.0	111.0	238.5	193.5	39.5	82.0	38.0	35.0	419.0	400.0	451.5	400.5	204.0	207.5	116.0	104.0	196.0	190.5	42.5	114.0	42.5	30.5	343.0	302.5	391.0	317.5
PBANKA_050120	PbGEM-273538|PBANKA_050120|PbGEM-273546|PbGEM-329235	CTCGGGAGGGG	410.0	924.0	1111.5	919.0	4658.0	4120.0	932.0	767.5	906.5	854.5	7259.5	7151.0	7657.0	7676.0	447.0	1158.0	897.0	829.0	4295.5	3632.5	883.0	979.5	926.5	878.5	5863.0	6381.0	6678.0	6344.5
PBANKA_050200	PbGEM-273682|PbGEM-273690|PbGEM-273674|PbGEM-273666|PBANKA_050200	CCCACCCCGAG	258.5	206.5	1714.5	1401.0	788.0	665.5	2427.0	2042.0	2233.5	1873.0	1263.5	1131.0	1083.0	1404.0	247.0	199.5	1303.0	1335.5	575.5	580.5	2123.5	2192.5	2192.5	1951.0	997.0	975.0	974.5	1068.5
PBANKA_050330	PBANKA_050330|PbGEM-273898|PbGEM-273890|PbGEM-670197|PbGEM-533739	TATAGGTATAA	523.5	252.0	960.0	918.5	28.0	18.5	67.0	148.0	117.0	125.0	18.0	32.5	24.0	42.0	526.5	297.0	794.0	864.0	21.0	26.5	66.5	153.0	128.5	113.0	16.0	35.0	7.5	23.5
PBANKA_050970	PbGEM-274722|PbGEM-329507|PbGEM-274714|PBANKA_050970	CTCCGGGATTC	307.0	247.5	0.0	0.5	30.0	30.0	0.0	0.0	0.0	0.0	1.0	0.0	6.0	0.0	307.0	274.5	0.0	0.0	24.5	36.0	0.0	0.0	0.0	0.0	0.0	0.0	5.0	0.0
PBANKA_051060	PbGEM-329547|PbGEM-646729|PbGEM-274850|PBANKA_051060	CGTGTGATGCC	164.0	627.0	271.5	301.0	491.5	451.5	237.0	306.0	225.5	372.0	0.0	11.0	1.0	2.0	170.5	799.0	234.5	236.0	463.5	385.0	235.5	342.0	246.5	337.5	0.0	10.0	0.0	1.0
PBANKA_051080	PbGEM-274882|PBANKA_051080|PbGEM-274890	CCCGATCTGAT	677.5	558.0	70.0	56.5	2.0	6.0	104.5	97.5	90.5	72.0	47.5	16.0	38.5	20.5	720.0	679.5	70.5	70.0	3.5	8.0	104.5	126.0	83.5	84.5	33.0	13.5	40.5	25.0
PBANKA_051220	PbGEM-015205|PbGEM-231673|PbGEM-015197|PbGEM-647147|PbGEM-329595|PBANKA_051220	AGCCCACTTTT	434.5	276.5	500.5	506.5	93.0	84.5	453.0	516.5	456.0	480.5	77.0	82.5	45.5	83.5	486.5	343.5	402.0	445.0	92.0	70.0	411.0	566.0	431.5	427.0	68.0	84.5	45.0	71.5
PBANKA_051520	PbGEM-086151|PbGEM-646595|PbGEM-528261|PbGEM-645814|PbGEM-232056|PbGEM-528402|PbGEM-528120|PBANKA_051520|PbGEM-086159|PbGEM-646429|PbGEM-015601	ATCGATTTCCA	513.0	244.0	550.0	530.0	201.5	203.5	372.0	258.0	322.0	441.0	201.0	209.5	206.0	206.5	574.0	328.0	455.5	457.5	194.0	211.0	345.5	319.5	253.5	391.0	192.0	176.0	166.5	189.5
PBANKA_051710	PbGEM-275714|PBANKA_051710|PbGEM-275722|PbGEM-329707|PbGEM-341363	GTAACTCAGAC	339.5	211.5	239.5	215.0	36.0	28.0	350.5	357.0	244.0	271.5	32.0	7.5	31.5	25.5	375.0	262.0	185.5	194.5	26.5	14.0	312.5	401.5	211.0	240.0	40.5	14.0	28.5	23.0
PBANKA_051900	PBANKA_051900|PbGEM-275986|PbGEM-276002|PbGEM-275994	GTCAAAGGTCG	247.5	147.0	325.0	306.5	99.0	100.0	512.5	531.5	419.5	414.0	171.5	107.0	109.5	127.0	307.0	209.0	322.5	276.0	96.5	72.0	544.5	505.0	381.5	392.5	116.5	105.5	83.0	109.0
PBANKA_051950	PbGEM-674709|PBANKA_051950|PbGEM-329779|PbGEM-276090|PbGEM-276098|PbGEM-276106|PbGEM-533923	CTCCTATCCCT	427.5	250.5	1309.5	1359.0	26.0	25.5	1199.5	1140.5	1421.5	1483.5	28.5	41.5	18.0	30.5	395.0	311.0	1160.5	1184.5	21.0	16.5	1142.0	1364.0	1336.0	1436.5	20.0	40.5	11.0	23.0
PBANKA_051970	PbGEM-276146|PBANKA_051970|PbGEM-276154|PbGEM-276138	TGAGAGCCATA	828.0	706.5	422.5	413.5	1334.0	1151.5	446.5	450.5	437.5	405.5	412.0	403.5	332.0	433.0	876.5	838.5	327.5	308.5	1112.0	1036.0	484.5	515.5	439.5	393.5	347.5	384.0	333.0	342.0
PBANKA_052240	PbGEM-668213|PbGEM-276490|PBANKA_052240|PbGEM-276498|PbGEM-645744|PbGEM-276506|PbGEM-538163|PbGEM-645640|PbGEM-646810	CAAATATGCAA	371.0	294.0	1.0	0.0	100.0	82.5	0.0	0.0	0.0	0.0	137.0	202.0	177.0	108.0	360.5	321.0	1.0	2.0	69.0	66.0	0.0	0.0	0.0	0.0	106.0	165.0	130.0	95.0
PBANKA_061190	PbGEM-342004|PbGEM-534107|PbGEM-233862|PBANKA_061190|PbGEM-330179|PbGEM-087535|PbGEM-018680	GGTAGGGTCAC	419.0	219.5	709.5	688.0	79.0	45.5	869.5	578.5	781.5	754.5	54.0	97.0	126.5	93.5	441.5	275.5	573.0	616.5	72.0	73.0	769.5	676.0	754.5	725.0	61.0	67.0	126.0	74.0
PBANKA_061570	PbGEM-330283|PbGEM-278674|PBANKA_061570|PbGEM-278682|PbGEM-278666	AACTTGTACAA	303.0	233.5	0.0	2.0	0.0	0.0	0.0	0.0	18.5	0.0	0.0	0.0	0.0	0.0	292.0	324.0	3.0	2.0	0.0	0.0	0.0	0.0	12.5	0.0	0.0	0.0	0.0	0.0
PBANKA_061590	PbGEM-278754|PbGEM-278738|PbGEM-278746|PBANKA_061590|PbGEM-341555	AATGCCCCCTG	259.5	226.0	36.5	32.5	60.5	52.5	36.5	31.5	13.0	23.5	24.5	21.0	14.0	40.0	267.0	297.5	28.0	15.5	34.0	47.0	32.0	34.5	15.0	29.0	18.0	18.0	15.5	40.0
PBANKA_061670	PbGEM-646732|PbGEM-072498|PBANKA_061670	TCTCGGTTAT	139.0	792.0	97.5	82.5	388.5	363.5	0.0	1.0	0.0	0.0	643.0	734.0	813.5	747.5	216.5	825.5	79.5	90.0	301.0	320.0	0.5	4.0	0.0	0.0	540.0	693.0	604.5	595.0
PBANKA_061680	PbGEM-528434|PbGEM-646462|PbGEM-528152|PbGEM-019373|PBANKA_061680|PbGEM-645847|PbGEM-234694|PbGEM-528293|PbGEM-646628	CGGCCCGGATA	185.0	175.5	0.0	0.0	3.0	0.0	0.0	0.0	0.0	0.0	0.0	0.0	0.0	0.0	172.5	183.5	0.0	0.0	0.0	0.0	0.0	0.0	0.0	0.0	0.0	0.0	0.0	0.0
PBANKA_070330	PBANKA_070330|PbGEM-020708|PbGEM-088718|PbGEM-233516|PbGEM-088710	CGTCACAAGTA	202.5	144.5	137.0	129.5	415.5	369.5	16.0	13.0	17.0	18.0	458.0	450.0	352.0	444.0	190.5	203.0	93.5	103.5	339.0	336.0	15.0	18.0	27.0	13.0	341.5	447.5	333.5	385.0
PBANKA_071010	PbGEM-665157|PbGEM-021754|PbGEM-467265|PbGEM-021746|PbGEM-330779|PbGEM-534323|PBANKA_071010|PbGEM-234822	ATAGGTGGTGA	479.0	292.5	670.0	575.5	92.0	116.0	20.5	4.5	11.0	12.5	121.5	74.5	55.0	67.0	474.5	333.0	626.0	536.0	96.5	84.0	18.5	8.5	6.0	7.5	73.5	67.5	53.5	76.5
PBANKA_071020	PBANKA_071020|PbGEM-281322|PbGEM-281330	ACGTTTGGGAA	620.0	510.5	299.0	248.5	734.0	663.5	324.5	399.5	266.0	390.0	965.5	907.0	1110.5	957.5	602.0	601.0	251.5	233.0	658.5	574.5	256.5	440.0	301.0	379.5	742.0	731.0	872.0	864.0
PBANKA_071270	PBANKA_071270|PbGEM-281626|PbGEM-281634|PbGEM-330859	TTGTCCATGCA	241.5	178.0	193.5	192.5	359.5	349.0	105.0	108.5	143.5	125.5	389.0	326.0	377.0	416.0	244.5	195.5	175.0	193.5	328.5	323.0	131.0	124.0	169.0	118.0	287.5	292.0	315.5	361.0
PBANKA_071430	PbGEM-089404|PbGEM-022313|PbGEM-235652|PBANKA_071430|PbGEM-330899|PbGEM-022321	TGACTCAGCTT	212.0	177.5	68.5	78.0	106.5	91.0	94.5	76.5	56.0	82.0	160.5	158.5	160.5	140.0	224.5	208.5	79.5	76.5	93.5	83.5	104.5	69.5	59.5	77.5	115.5	125.5	156.5	141.5
PBANKA_071490	PbGEM-022409|PBANKA_071490|PbGEM-022417|PbGEM-235774	CGGGTGTAAGT	441.5	226.5	273.5	284.5	161.5	148.5	328.0	397.5	245.0	299.5	115.5	137.0	131.5	203.5	466.0	262.5	272.5	283.0	150.0	137.5	306.5	391.0	225.5	290.0	103.0	112.0	100.5	167.0
PBANKA_071720	PbGEM-330987|PbGEM-534387|PBANKA_071720|PbGEM-667021|PbGEM-282122	GCAGCGTCGGT	583.0	314.0	24.5	24.0	0.0	0.0	1.0	3.0	5.5	2.0	0.0	0.0	0.0	0.0	543.5	362.0	25.5	19.0	0.0	0.0	3.0	12.0	5.0	3.0	0.0	0.0	0.0	0.0
PBANKA_080250	PBANKA_080250|PbGEM-670917|PbGEM-283042|PbGEM-283034	GTCCGGTTGAA	519.5	313.5	341.5	307.0	13.0	15.5	258.0	320.5	337.0	318.5	1.0	10.0	11.0	4.5	523.0	350.0	273.5	317.0	12.0	15.0	235.5	307.5	348.0	279.5	3.0	6.5	5.0	4.0
PBANKA_080670	PbGEM-331411|PbGEM-283546|PbGEM-534515|PbGEM-283554|PBANKA_080670|PbGEM-283562	TTCTATCTGAG	334.5	266.0	20.0	8.0	2.0	3.0	2.0	0.0	0.0	0.0	2.0	6.0	7.0	0.0	327.5	321.5	9.0	9.5	2.0	4.0	8.0	0.0	0.0	0.0	1.0	6.0	7.0	0.0
PBANKA_080720	PbGEM-194170|PbGEM-024427|PbGEM-024419|PBANKA_080720|PbGEM-236591	TGAATAGAGGT	230.5	189.5	157.5	130.5	117.5	96.5	80.0	96.5	90.0	94.0	105.5	142.0	60.0	99.0	228.0	208.0	143.5	137.0	99.0	90.5	94.0	130.0	90.0	69.5	110.0	105.0	57.5	94.0
PBANKA_081110	PbGEM-331491|PBANKA_081110|PbGEM-237372|PbGEM-024883|PbGEM-090742	TCCAGTCTCGG	402.5	256.5	344.5	295.0	247.0	176.5	68.0	58.0	55.5	85.0	22.0	52.0	45.0	17.0	402.5	258.0	263.0	254.0	176.0	179.0	66.5	73.5	68.0	68.5	16.5	51.5	57.0	14.0
PBANKA_081180	PBANKA_081180|PbGEM-024995|PbGEM-237576|PbGEM-090791|PbGEM-647339	AGGTAGCACTG	221.5	185.5	111.0	119.5	178.5	151.5	99.0	81.0	98.0	108.0	0.0	0.0	0.0	0.0	240.0	191.0	97.5	101.0	152.5	146.5	102.0	113.5	109.0	125.5	0.0	0.0	0.0	0.0
PBANKA_081240	PbGEM-341547|PBANKA_081240|PbGEM-284082|PbGEM-284090|PbGEM-284098	ATCCTGGCACA	360.5	265.0	65.5	89.0	0.0	0.0	108.5	41.5	74.5	108.5	0.0	0.0	1.0	0.0	329.0	345.0	59.0	93.5	0.0	0.0	94.5	66.0	53.5	112.0	0.0	0.0	0.0	0.0
PBANKA_081600	PbGEM-331603|PbGEM-284546|PbGEM-284538|PbGEM-342124|PBANKA_081600	CGAGCCTTGAA	216.0	182.0	52.5	49.0	557.5	480.5	1.0	0.0	0.0	0.0	346.5	350.5	354.5	350.0	206.0	214.0	52.0	30.0	496.5	426.5	0.0	6.0	0.0	0.5	277.0	288.5	297.5	303.5
PBANKA_082430	PbGEM-026560|PbGEM-259468|PBANKA_082430	GATAGTTTAAT	531.0	298.5	456.5	390.0	66.0	66.5	2.5	5.0	4.0	1.0	12.5	78.0	25.5	0.0	539.0	336.5	368.0	370.0	65.5	50.5	5.0	12.0	4.0	0.0	4.0	61.0	15.0	0.0
PBANKA_082930	PbGEM-285938|PbGEM-647379|PbGEM-285946|PBANKA_082930	TGTCCCCACGG	364.5	217.0	64.5	68.5	226.0	197.5	24.5	12.5	33.0	14.0	73.5	49.5	77.5	52.5	337.5	250.5	40.0	60.0	173.5	177.0	26.5	13.0	41.0	14.0	32.0	47.0	67.0	32.5
PBANKA_083200	PbGEM-286258|PBANKA_083200|PbGEM-286266	AATAGCGGGTA	189.5	155.5	72.5	75.0	128.5	116.5	81.5	69.0	40.5	35.5	108.5	105.0	144.0	111.0	148.0	184.0	52.0	68.5	136.0	96.5	59.5	64.0	58.5	24.0	112.0	92.5	143.5	115.5
PBANKA_083250	PBANKA_083250|PbGEM-286362|PbGEM-286346|PbGEM-286354	GCTGTCGCGTA	403.0	240.5	525.0	527.5	65.5	34.0	700.0	615.0	678.5	448.0	0.5	0.0	4.0	0.0	487.5	287.0	453.5	419.5	41.5	38.0	588.0	738.0	617.0	450.5	0.0	0.0	2.0	0.0
PBANKA_083655	PbGEM-332139|PBANKA_083655|PbGEM-286842|PbGEM-286834	CGATTTCCAAA	276.0	223.0	985.0	871.0	462.5	447.5	873.0	915.0	910.0	933.5	710.5	973.5	773.5	777.0	282.5	249.5	852.5	832.0	420.5	401.0	800.5	993.0	795.0	839.5	525.0	845.0	741.5	660.5
PBANKA_083680	PbGEM-286890|PbGEM-286882|PBANKA_083680|PbGEM-332155	TGAACGTGGTG	302.0	230.5	726.5	687.5	779.5	719.0	494.0	550.5	800.0	740.0	510.0	562.5	569.5	720.5	282.0	328.5	741.5	708.0	693.0	616.5	471.5	642.5	704.5	773.5	365.0	487.5	450.0	680.0
PBANKA_090200	PbGEM-332227|PbGEM-287154|PbGEM-287146|PBANKA_090200	TGTGCAACAAC	211.5	175.0	519.0	559.5	285.0	250.0	451.0	497.0	493.0	428.5	113.0	150.0	174.0	96.0	236.0	229.0	477.0	489.0	236.0	208.5	436.5	622.5	470.0	425.0	98.0	140.5	176.5	92.0
PBANKA_090420	PbGEM-092761|PbGEM-092753|PBANKA_090420|PbGEM-260676|PbGEM-673485|PbGEM-028835	CTTTCGTCCGT	616.0	514.0	414.5	404.5	1651.5	1470.5	276.5	383.5	429.0	448.0	2172.0	2485.0	2342.5	2265.5	612.5	635.0	366.0	366.0	1426.5	1324.0	255.0	406.5	457.0	439.0	1745.5	2101.0	2039.5	2013.0
PBANKA_090510	PbGEM-287546|PbGEM-287554|PBANKA_090510|PbGEM-287562	AGCATACACTT	25.5	23.5	10.5	11.0	6.0	12.5	22.5	3.0	0.0	3.0	2.0	5.0	0.0	0.0	26.0	37.5	6.0	7.0	13.5	12.0	28.5	0.0	0.0	4.0	3.0	4.0	0.0	0.0
PBANKA_090520	PbGEM-287570|PbGEM-287586|PBANKA_090520|PbGEM-287578	GCACCCTTCTC	217.5	202.5	254.0	200.0	664.0	549.5	321.5	190.5	285.0	271.5	668.5	620.0	791.5	667.0	238.0	211.0	216.0	214.0	528.0	475.5	296.5	263.5	262.0	306.0	457.5	561.0	758.5	599.0
PBANKA_090530	PBANKA_090530|PbGEM-287594|PbGEM-332323|PbGEM-287602	GACGGCTACAG	189.0	181.5	265.5	248.5	311.0	275.5	258.5	279.5	303.0	302.5	522.5	510.0	502.5	475.0	213.0	220.0	211.0	258.5	255.0	254.5	277.5	325.0	300.5	296.0	415.0	449.0	470.5	386.0
PBANKA_090850	PbGEM-029396|PbGEM-332395|PbGEM-237320|PBANKA_090850|PbGEM-665693|PbGEM-029404	AGCGACGTAGC	488.5	289.5	17.0	5.0	19.5	22.0	8.0	8.0	8.0	14.0	0.0	0.0	0.0	0.0	538.0	371.0	9.0	8.0	16.0	13.0	7.0	11.0	3.0	8.0	0.0	0.0	0.0	0.0
PBANKA_090860	PbGEM-288066|PbGEM-288074|PBANKA_090860|PbGEM-672565	GTCCGTCTAAC	233.0	188.5	185.0	176.5	334.0	337.5	231.5	195.0	200.5	198.0	415.0	486.0	543.5	404.0	242.0	226.0	174.5	173.0	344.0	278.0	220.0	241.5	173.5	171.0	296.5	400.5	528.0	344.0
PBANKA_091360	PbGEM-030181|PBANKA_091360|PbGEM-093243|PbGEM-093235|PbGEM-332547|PbGEM-238435	AGCCGATATAA	249.0	184.5	152.0	152.0	505.5	462.0	113.5	224.0	251.5	180.0	233.0	269.0	138.5	185.5	283.5	248.0	149.5	164.0	474.0	412.0	128.0	239.5	227.5	179.0	175.0	258.0	134.5	154.5
PBANKA_091600	PbGEM-093381|PbGEM-093389|PbGEM-239096|PbGEM-030551|PBANKA_091600	AAAGCCGAGAC	475.0	344.0	315.0	250.5	103.5	132.0	195.0	201.0	252.5	237.5	153.0	164.0	148.5	179.0	572.0	371.5	274.5	240.5	103.5	85.5	140.5	235.0	262.0	189.5	131.0	199.5	162.0	104.5
PBANKA_091870	PbGEM-239901|PbGEM-668541|PBANKA_091870|PbGEM-030796|PbGEM-030788	CTGGTTATTAA	363.0	239.0	872.0	769.5	43.0	29.0	897.0	1019.5	1001.0	1275.5	86.0	28.0	77.5	55.5	407.5	269.5	694.0	761.5	38.5	42.0	970.0	1152.5	1005.5	1099.5	71.0	34.5	63.0	52.5
PBANKA_091990	PbGEM-240203|PbGEM-030960|PBANKA_091990|PbGEM-030952|PbGEM-332707	CTCCTTTCTAC	541.5	299.0	77.0	61.0	37.0	32.5	0.0	0.0	0.0	0.0	48.0	30.0	48.0	28.5	547.5	341.0	81.5	72.0	20.5	24.5	1.0	0.0	0.0	0.0	31.0	32.5	43.0	20.0
PBANKA_092770	PbGEM-332883|PBANKA_092770|PbGEM-290376|PbGEM-290384|PbGEM-290392|PbGEM-669029	CCGATTGGCGA	238.0	184.5	65.0	69.0	0.0	0.0	92.5	31.5	98.5	79.0	0.0	0.0	0.0	0.5	261.0	215.5	57.5	61.5	0.0	0.0	76.5	40.0	103.0	59.5	1.0	0.0	0.0	0.0
PBANKA_092930	PBANKA_092930|PbGEM-290648|PbGEM-290656	AAAAAGGTATA	227.0	217.5	578.5	494.5	301.0	248.0	854.0	876.5	937.5	660.5	0.0	1.0	2.0	0.0	284.5	244.5	452.0	466.0	240.5	208.5	846.5	716.5	927.0	644.5	0.0	0.0	1.0	0.0
PBANKA_093210	PbGEM-528055|PbGEM-645747|PbGEM-094497|PbGEM-646528|PBANKA_093210|PbGEM-121226|PbGEM-528196|PbGEM-112069|PbGEM-121234|PbGEM-528337|PbGEM-646362|PbGEM-239370|PbGEM-032586	TATACCTAAAG	183.0	150.5	56.0	39.0	78.0	58.5	34.0	38.0	8.5	32.5	172.5	187.0	127.5	173.5	177.0	171.0	36.5	35.0	61.5	66.0	34.0	42.5	16.0	34.0	109.5	158.0	90.0	150.5
PBANKA_093360	PBANKA_093360|PbGEM-291184|PbGEM-291192|PbGEM-291200	TGAAGTGAACC	219.0	178.5	142.5	133.5	481.5	395.0	103.0	126.5	178.5	218.0	0.0	0.0	0.0	0.0	212.5	237.0	148.5	126.5	418.5	398.0	90.0	177.5	148.0	205.5	0.0	0.0	0.0	0.0
PBANKA_093370	PbGEM-239850|PbGEM-646718|PbGEM-032842|PbGEM-112363|PbGEM-111778|PBANKA_093370	GAGTAGATCTG	192.0	173.5	96.5	59.5	600.0	480.5	66.5	48.5	51.0	69.0	0.0	0.0	0.0	0.0	210.5	201.0	58.5	55.5	523.5	418.0	58.5	60.5	67.0	71.0	0.0	0.0	0.5	0.0
PBANKA_093980	PbGEM-033693|PbGEM-333203|PbGEM-241174|PBANKA_093980|PbGEM-672645	CACTTGATGTT	562.0	258.5	696.0	748.0	19.0	24.0	358.0	341.5	304.0	367.5	3.5	13.0	9.0	0.5	555.0	344.0	615.5	648.5	26.5	26.0	324.0	396.0	328.0	313.0	4.0	7.0	10.0	2.5
PBANKA_094230	PbGEM-667629|PBANKA_094230|PbGEM-241876	ATATCCGTTAG	417.0	198.0	390.5	318.5	151.5	104.0	279.5	239.0	321.5	353.5	0.0	0.0	0.5	0.0	401.5	253.5	317.5	311.5	120.5	104.5	267.0	293.5	280.0	358.0	0.0	0.0	0.0	0.0
PBANKA_100010	PbGEM-292400|PbGEM-333323|PBANKA_100010|PbGEM-292392	TCGCTACACAT	578.5	422.5	234.5	235.5	762.0	656.5	133.0	163.0	140.0	190.0	1583.0	1546.0	1427.0	1712.5	596.5	617.0	191.0	183.5	604.5	612.0	119.0	177.5	139.0	180.0	1373.0	1349.0	1250.0	1470.0
PBANKA_100220	PbGEM-292736|PbGEM-647499|PBANKA_100220|PbGEM-292744	GCGTCGTGAAG	100.5	82.5	48.0	69.5	118.5	131.0	81.0	105.5	58.0	78.5	114.5	228.5	220.5	168.5	109.5	106.0	77.5	65.0	129.5	116.0	92.5	87.5	58.5	86.0	104.5	165.5	173.0	149.5
PBANKA_100350	PbGEM-333467|PbGEM-292936|PbGEM-292944|PBANKA_100350	GTGTCTCATCT	282.5	233.5	438.0	407.5	154.0	135.5	0.0	0.0	0.0	0.0	274.0	217.0	169.5	203.5	260.5	264.5	343.5	431.5	105.0	104.5	0.0	2.0	0.0	1.0	234.5	168.0	144.5	247.5
PBANKA_100520	PbGEM-293240|PBANKA_100520|PbGEM-293248|PbGEM-646970	CTTCACCTACC	215.0	188.0	91.0	63.5	517.5	522.0	107.5	45.5	81.0	66.0	1227.0	1103.0	1109.0	1056.5	204.5	198.0	53.0	70.5	484.5	424.5	81.5	59.0	86.0	84.5	937.5	956.5	952.5	987.0
PBANKA_100630	PbGEM-293440|PBANKA_100630|PbGEM-647515|PbGEM-293432|PbGEM-671229|PbGEM-467262	CGGCCTGGTAT	199.0	169.0	26.5	33.5	83.5	70.5	74.0	42.0	37.0	35.5	111.0	105.5	114.0	99.5	178.0	232.0	23.0	27.5	67.0	77.0	56.5	37.0	32.5	40.0	105.0	91.5	64.5	79.5
PBANKA_100640	PBANKA_100640|PbGEM-095750|PbGEM-095758|PbGEM-035219|PbGEM-244092	CATTGAACGAT	223.5	204.5	119.0	126.0	391.0	347.5	96.0	114.0	113.5	132.5	372.0	430.5	388.5	362.5	236.5	230.0	96.0	110.5	372.0	378.0	82.5	122.5	113.5	139.5	313.5	350.5	340.5	291.5
PBANKA_100960	PbGEM-293880|PbGEM-293856|PBANKA_100960|PbGEM-293872|PbGEM-293864	TCAAATCGTTA	225.0	211.0	970.5	891.5	409.5	381.5	879.0	906.5	1058.5	784.0	545.0	683.5	638.0	634.0	233.0	272.5	792.5	807.5	354.0	371.5	761.0	1041.0	968.5	803.0	444.0	567.5	548.5	458.0
PBANKA_101050	PbGEM-096113|PbGEM-035840|PbGEM-333699|PbGEM-262772|PBANKA_101050|PbGEM-096105	TTCCTCGGATC	434.5	250.5	221.0	240.0	135.5	119.0	20.5	13.0	6.0	11.0	22.0	80.0	48.0	56.0	503.0	291.5	153.5	221.0	131.5	111.5	21.5	10.0	7.0	6.0	31.5	74.5	56.5	34.0
PBANKA_101470	PbGEM-294512|PbGEM-294520|PBANKA_101470|PbGEM-671277	CCACTTTCAGC	218.5	158.5	1054.0	987.5	370.5	361.0	1222.0	1043.5	1089.5	1065.5	633.5	670.0	644.0	579.0	244.5	274.0	927.0	1017.0	304.0	300.0	1048.5	1179.5	976.5	1017.5	463.5	562.0	593.5	487.0
PBANKA_101530	PbGEM-263116|PbGEM-036523|PBANKA_101530|PbGEM-036531|PbGEM-333851	CCCGATCCTTC	292.0	233.5	126.0	105.0	0.0	0.0	157.0	101.0	137.0	213.0	0.0	0.0	0.0	0.0	326.5	309.0	99.0	90.0	0.0	0.0	122.0	114.0	131.0	208.0	0.0	0.0	0.0	0.0
PBANKA_101610	PBANKA_101610|PbGEM-036651|PbGEM-036659|PbGEM-263172	ACGAATGTGCT	245.5	190.5	96.5	109.5	1186.0	994.5	84.0	85.5	90.5	85.0	2202.5	2361.5	2161.0	1923.5	225.0	229.5	107.5	82.5	999.5	872.0	84.5	124.0	100.5	86.0	1783.0	2090.5	1925.0	1739.0
PBANKA_101900	PbGEM-294974|PbGEM-294982|PBANKA_101900	CAGTTAACGCG	187.5	139.5	804.5	778.0	293.0	330.5	1046.0	756.0	1008.5	787.5	0.0	2.5	0.0	0.0	199.5	163.0	799.5	712.0	282.0	252.0	921.5	909.5	907.5	753.0	0.0	0.0	0.5	0.5
PBANKA_101910	PbGEM-037088|PbGEM-096621|PBANKA_101910|PbGEM-647563|PbGEM-263388|PbGEM-333987	GCAGTCCCAAC	467.5	241.0	1642.0	1415.5	449.5	384.0	3472.0	2743.5	3011.5	2396.0	475.0	444.5	423.0	326.5	496.5	301.5	1466.5	1306.5	373.0	387.0	3088.5	3025.5	2780.5	2264.0	394.5	321.5	403.0	303.5
PBANKA_101935	PbGEM-333995|PbGEM-295038|PbGEM-295030|PBANKA_101935	GCGACTGCGAT	195.5	156.0	1824.0	1801.0	1553.0	1406.5	939.0	838.0	1006.0	983.5	332.0	276.0	270.5	378.0	195.5	185.0	1617.0	1691.0	1344.5	1318.0	903.5	977.5	993.5	962.5	238.0	223.5	268.0	284.5
PBANKA_101980	PbGEM-226253|PbGEM-646406|PbGEM-528239|PbGEM-528098|PbGEM-263460|PbGEM-334011|PbGEM-645791|PbGEM-528380|PbGEM-037216|PBANKA_101980|PbGEM-111858|PbGEM-263452|PbGEM-646572|PbGEM-096658	GCGTGGAGGCA	227.0	176.5	198.5	173.0	1.0	0.0	131.0	125.0	119.0	133.5	0.0	0.0	0.5	0.0	247.5	253.5	167.0	168.0	1.0	0.0	108.0	106.0	129.5	133.0	0.0	0.0	0.0	0.0
PBANKA_102070	PbGEM-334035|PbGEM-295190|PBANKA_102070|PbGEM-295182	ATACCAACGCA	451.0	230.0	190.5	177.0	118.0	78.0	0.0	9.0	8.5	12.5	41.5	31.0	52.5	17.5	442.5	270.5	142.5	149.5	101.5	82.0	0.0	7.5	9.0	19.0	24.0	36.0	34.5	25.0
PBANKA_102460	PbGEM-295718|PbGEM-295702|PbGEM-295710|PBANKA_102460|PbGEM-334115	CGAGTATGCTT	149.5	619.5	40.0	33.5	219.5	235.5	73.0	42.5	23.5	36.0	295.0	254.5	225.0	225.5	174.0	819.0	42.0	27.0	243.5	214.0	71.5	67.0	10.5	49.5	233.0	208.5	161.0	206.0
PBANKA_102600	PbGEM-038106|PbGEM-202206|PbGEM-263908|PbGEM-038114|PBANKA_102600	GGCTGTGAGTC	249.0	183.0	108.5	111.0	517.0	379.0	16.5	20.0	18.5	10.0	618.5	532.5	463.0	526.5	236.0	237.5	113.5	147.5	416.0	391.5	23.0	20.5	17.0	8.0	498.5	480.5	390.5	540.5
PBANKA_103220	PBANKA_103220|PbGEM-296678|PbGEM-664725|PbGEM-535555|PbGEM-334363|PbGEM-296670	TGCATACGGTC	306.0	284.5	108.0	82.0	18.0	14.0	100.5	68.0	44.0	34.5	23.5	33.0	39.0	47.5	326.5	309.0	88.0	87.0	15.0	19.0	74.5	71.5	47.5	33.5	37.0	15.0	28.0	34.5
PBANKA_103780	PbGEM-097830|PbGEM-538699|PbGEM-527714|PBANKA_103780|PbGEM-243516|PbGEM-039757|PbGEM-097822|PbGEM-467284	ACACGACAAGC	247.5	212.0	190.5	173.0	359.0	312.0	208.5	203.0	170.0	271.0	420.5	320.0	347.5	355.5	263.5	246.5	204.0	216.5	311.5	290.0	203.5	230.0	152.5	238.0	363.5	320.0	264.5	297.5
PBANKA_103830	PBANKA_103830|PbGEM-243678|PbGEM-039837	TCAGGAAGTTA	246.5	174.0	123.5	124.5	543.0	489.0	112.5	56.5	44.0	108.5	1251.0	1286.5	1246.5	983.0	247.5	225.5	98.5	93.5	454.0	433.5	100.0	72.5	36.5	100.0	1062.0	1139.0	1137.0	779.5
PBANKA_104000	PbGEM-334611|PbGEM-297638|PbGEM-297622|PbGEM-297630|PBANKA_104000	TGACGGGGCTC	23.5	15.0	121.0	132.5	13.0	9.5	251.5	171.5	120.5	130.5	0.0	0.0	0.0	0.0	12.5	20.5	106.5	139.0	15.0	13.0	169.5	237.0	134.0	180.0	0.0	0.0	0.0	0.0
PBANKA_110220	PbGEM-298005|PbGEM-297997|PBANKA_110220	AGTTAGGTTCC	252.5	189.5	30.0	23.5	68.5	47.5	23.0	47.5	46.0	32.5	86.0	79.5	64.5	36.0	207.5	212.0	30.5	23.0	48.0	59.0	26.5	52.0	49.5	26.5	64.0	65.0	72.0	34.5
PBANKA_110430	PbGEM-298317|PbGEM-298325|PBANKA_110430|PbGEM-334763	GCAGGTATTAT	36.5	14.0	16.0	15.0	30.5	25.5	10.0	5.0	13.0	6.0	14.5	20.5	24.0	10.5	46.0	24.0	18.5	5.0	23.0	28.5	1.0	5.0	6.5	8.5	16.0	16.0	28.5	11.0
PBANKA_110760	PBANKA_110760|PbGEM-246187|PbGEM-041091|PbGEM-265060	GGCACCCTACC	98.0	60.0	41.0	37.0	170.0	143.0	81.0	41.0	41.5	39.5	173.5	180.5	158.0	222.5	114.5	96.0	44.0	34.0	118.0	116.5	71.5	41.0	44.0	37.5	113.5	140.0	130.0	175.5
PBANKA_111090	PbGEM-647683|PBANKA_111090|PbGEM-299123|PbGEM-334995|PbGEM-299115	ACCCCCCGTGT	469.0	218.0	20.0	26.0	78.5	62.0	65.5	46.0	56.0	24.5	47.5	70.0	56.0	53.0	506.5	238.0	26.0	18.0	64.0	58.0	52.5	48.0	50.5	40.0	37.0	60.0	53.5	60.0
PBANKA_111340	PBANKA_111340|PbGEM-041952|PbGEM-467251|PbGEM-244050|PbGEM-041944	GGCCAGGAAAG	248.5	213.0	84.0	75.5	382.0	305.5	8.0	34.5	18.5	31.0	364.5	360.5	375.5	429.0	226.5	193.0	70.0	81.0	348.0	294.0	8.0	26.0	19.0	32.5	281.5	298.0	337.5	360.5
PBANKA_111510	PbGEM-121266|PbGEM-244523|PbGEM-665405|PbGEM-042217|PbGEM-121330|PBANKA_111510	TTGCTGTCGGC	270.5	231.5	700.0	649.0	3.0	1.0	0.0	0.0	0.0	0.0	0.0	1.0	0.0	0.0	269.5	293.0	608.0	603.5	4.0	1.0	1.0	1.0	0.0	0.0	0.0	0.0	0.0	0.0
PBANKA_111520	PbGEM-299555|PbGEM-299547|PbGEM-335099|PBANKA_111520|PbGEM-299563	GGCATCAACCA	492.0	265.5	302.5	323.0	66.0	51.0	0.0	0.0	2.0	0.0	0.0	0.0	0.0	0.0	512.5	306.0	274.0	301.5	51.5	63.0	0.0	1.0	2.0	0.0	0.0	0.0	0.0	0.0
PBANKA_111600	PbGEM-646583|PbGEM-042340|PbGEM-528391|PbGEM-528109|PbGEM-646417|PbGEM-244722|PBANKA_111600|PbGEM-528250|PbGEM-042332|PbGEM-645802	TCAAGCTTCAT	182.5	179.0	35.5	43.5	65.5	58.5	26.5	33.0	48.5	49.0	65.5	61.5	114.0	45.5	189.0	225.0	28.0	39.5	44.5	34.0	15.5	34.5	42.0	41.5	34.0	32.0	87.0	54.5
PBANKA_111760	PBANKA_111760|PbGEM-299859|PbGEM-299851	CGAAGTAGCAA	207.5	179.0	145.0	130.5	405.0	331.0	106.0	103.0	72.0	81.0	394.0	384.5	563.5	377.5	222.0	228.5	106.5	119.5	343.5	328.0	121.5	104.5	93.5	73.5	362.5	350.0	496.5	396.0
PBANKA_112020	PBANKA_112020|PbGEM-042886|PbGEM-246036|PbGEM-646709|PbGEM-042878	GCTTTCCTCCA	475.0	260.5	18.5	15.5	84.5	58.5	6.0	31.0	13.0	18.5	31.0	77.0	76.5	78.0	474.0	271.5	9.0	13.5	60.5	54.5	9.0	32.0	15.0	19.0	25.0	56.0	54.0	54.5
PBANKA_112230	PbGEM-647002|PBANKA_112230|PbGEM-300539|PbGEM-335323|PbGEM-300555|PbGEM-300547	CGACATTGAAG	491.5	280.0	1326.5	1043.0	234.5	203.5	2460.5	2100.5	2675.0	2566.5	350.0	470.0	696.0	621.0	464.5	302.5	1111.0	961.0	189.0	174.5	2191.0	2376.5	2488.0	2417.0	335.5	434.5	526.0	461.0
PBANKA_112240	PbGEM-043181|PbGEM-043189|PBANKA_112240|PbGEM-246652|PbGEM-099490|PbGEM-646987	GGGTTTATCCG	270.0	175.5	122.5	139.5	64.0	65.0	108.0	139.5	115.0	143.5	131.5	156.5	117.0	93.5	331.0	174.5	117.0	115.0	81.5	69.0	97.5	127.5	98.5	153.0	110.0	168.5	97.0	91.0
PBANKA_112690	PbGEM-646407|PBANKA_112690|PbGEM-528240|PbGEM-645792|PbGEM-099797|PbGEM-528099|PbGEM-099789|PbGEM-247974|PbGEM-646573|PbGEM-528381	AGAGGTCGGGT	255.0	233.0	2.0	2.0	0.0	0.0	0.0	0.0	0.0	0.0	0.0	0.0	0.0	0.0	253.0	276.0	2.0	0.0	0.0	0.0	0.0	0.0	0.0	0.0	0.0	0.0	0.0	0.0
PBANKA_112890	PbGEM-647763|PBANKA_112890|PbGEM-301298|PbGEM-301306	GAGCGAGTCAA	757.5	659.5	1563.0	1423.0	674.5	583.5	2093.0	1443.0	1547.0	1414.5	496.0	601.0	606.5	423.0	793.5	727.5	1318.5	1207.0	534.5	502.0	2004.0	1652.5	1382.0	1370.0	393.5	549.0	533.5	385.5
PBANKA_112980	PbGEM-044271|PbGEM-249094|PbGEM-044263|PBANKA_112980	TACTACCATCG	198.5	194.0	132.5	133.0	200.0	174.5	148.5	112.5	109.0	106.0	338.0	270.5	222.0	208.5	207.5	223.0	115.0	106.0	163.0	153.5	154.5	154.5	114.5	113.5	268.0	254.5	432.0	198.5
PBANKA_113230	PbGEM-100268|PbGEM-335683|PBANKA_113230|PbGEM-245172|PbGEM-100276|PbGEM-647771	AACATCCGGCG	422.5	285.5	339.0	297.0	251.0	210.5	201.0	201.0	115.5	143.5	344.5	363.5	434.0	478.0	441.0	354.0	313.0	260.5	227.5	195.0	186.5	180.5	139.5	138.5	280.5	300.0	334.0	379.0
PBANKA_113490	PbGEM-100440|PbGEM-044926|PBANKA_113490|PbGEM-246061|PbGEM-535875|PbGEM-044918|PbGEM-335755	AATGTCAAAAA	292.0	269.0	78.0	65.5	0.0	2.0	0.0	0.0	0.0	0.0	10.0	12.0	19.0	0.0	311.0	322.0	70.0	71.0	2.0	0.0	0.0	1.0	0.0	0.0	9.0	8.0	17.0	0.0
PBANKA_113740	PbGEM-100629|PbGEM-246864|PBANKA_113740|PbGEM-045326	GAATGGAACAG	311.0	182.0	261.5	227.5	61.0	48.5	130.5	196.0	206.0	235.0	75.0	78.5	100.5	56.0	346.0	213.5	231.5	207.5	44.0	31.0	141.5	242.5	223.5	246.5	49.0	77.5	104.5	65.5
PBANKA_113810	PbGEM-646631|PbGEM-045431|PBANKA_113810|PbGEM-528191|PbGEM-247030|PbGEM-645850|PbGEM-461671|PbGEM-528050|PbGEM-528332|PbGEM-646465|PbGEM-461637	GTCCTACTTCG	240.0	191.5	253.0	294.5	282.5	239.0	235.0	256.0	388.0	293.5	506.5	566.0	523.0	537.5	256.0	249.5	208.0	295.0	243.0	239.5	258.5	296.5	377.0	297.5	371.0	495.5	438.0	392.5
PBANKA_113870	PbGEM-302554|PbGEM-335859|PbGEM-645684|PbGEM-645741|PbGEM-302562|PBANKA_113870	TTGGGTCACCC	404.0	261.0	157.5	160.0	366.0	322.0	218.0	62.5	141.0	189.0	211.5	204.0	202.0	190.5	461.5	359.5	153.0	103.0	324.5	262.5	226.5	55.5	120.0	187.0	194.5	150.0	149.5	183.0
PBANKA_114590	PbGEM-303474|PbGEM-303482|PbGEM-456558|PbGEM-303466|PBANKA_114590|PbGEM-456590|PbGEM-336043	GGTTTACAGTT	215.5	190.0	829.5	713.5	88.0	78.5	838.5	688.0	945.0	852.5	178.5	163.0	100.5	103.5	199.0	206.0	774.0	639.0	82.5	83.0	819.0	833.5	868.5	910.5	131.0	146.5	79.0	73.0
PBANKA_120200	PbGEM-250155|PBANKA_120200|PbGEM-647827|PbGEM-046708|PbGEM-336107|PbGEM-046716	CTAGAGGTTTA	173.0	135.5	25.5	26.5	0.0	1.0	37.0	9.0	8.0	22.5	0.0	0.0	0.0	0.0	180.5	187.0	16.0	16.0	4.5	2.0	52.0	10.5	4.0	21.0	0.0	0.0	0.0	0.0
PBANKA_120260	PbGEM-336139|PBANKA_120260|PbGEM-303850|PbGEM-303842|PbGEM-647843	CGACAGCCGGG	219.5	188.0	29.5	24.0	0.0	0.0	32.0	36.5	30.0	34.5	0.0	0.0	0.0	0.0	238.0	245.0	16.0	17.5	1.0	1.0	24.5	43.0	30.0	24.0	0.0	0.0	0.0	0.0
PBANKA_120800	PBANKA_120800|PbGEM-245685|PbGEM-336267|PbGEM-101938|PbGEM-047570	TGCTGTGTGCT	500.5	339.5	529.0	573.0	21.0	30.0	916.0	617.0	862.5	775.0	34.0	28.0	27.5	17.0	554.0	391.5	510.5	501.5	11.0	21.5	963.0	793.0	811.5	750.5	23.0	20.5	15.5	15.0
PBANKA_120820	PBANKA_120820|PbGEM-336283|PbGEM-669749|PbGEM-304642|PbGEM-304658|PbGEM-304650	AAAATGATCGG	307.0	226.5	10.0	6.0	0.0	0.0	0.0	1.0	2.0	5.0	0.0	0.0	0.0	0.0	315.5	283.5	10.0	3.0	0.0	0.0	0.0	0.0	2.5	5.0	0.0	0.0	0.5	0.0
PBANKA_121000	PBANKA_121000|PbGEM-304842|PbGEM-304850	ACTGCTACCCC	281.5	231.5	1236.5	1296.5	412.0	467.5	195.0	124.0	224.5	203.0	450.5	446.5	238.5	351.5	269.0	255.5	1165.5	1155.0	444.0	330.0	156.5	135.0	207.0	222.0	369.0	364.5	235.0	319.5
PBANKA_121320	PBANKA_121320|PbGEM-305346|PbGEM-305354|PbGEM-336427	GAAACCCCTCC	255.0	149.5	491.0	437.0	59.5	79.5	761.0	611.0	676.5	645.0	16.0	0.0	7.0	8.5	265.5	171.0	404.5	463.5	57.5	63.5	720.5	698.0	627.0	613.0	13.5	0.0	7.0	12.0
PBANKA_121630	PbGEM-664405|PbGEM-336539|PBANKA_121630|PbGEM-305786|PbGEM-305778	GGGAAAGAACG	454.0	270.5	535.5	461.0	39.0	30.5	0.0	4.5	0.0	24.5	67.5	40.0	45.5	93.0	490.0	358.5	428.0	472.5	44.5	29.5	3.0	2.5	0.0	34.0	40.0	45.5	38.5	90.5
PBANKA_121830	PbGEM-102677|PbGEM-248816|PBANKA_121830|PbGEM-102669	CGACACAAGTT	210.0	179.0	172.5	132.5	231.5	178.0	191.5	139.0	186.5	172.0	351.0	408.5	293.0	255.0	214.5	195.0	132.5	134.5	181.5	206.0	163.0	179.0	198.5	152.0	292.0	284.0	220.0	231.5
PBANKA_122030	PbGEM-249671|PbGEM-102780|PbGEM-049300|PbGEM-102772|PbGEM-646790|PBANKA_122030	ACGGAGTTCCA	428.0	216.0	347.5	276.0	19.0	19.0	405.0	406.5	472.0	423.0	6.0	9.0	3.0	26.0	445.0	294.5	269.0	242.0	17.0	18.0	382.0	504.5	454.5	445.0	3.0	8.5	6.0	13.0
PBANKA_122300	PbGEM-674789|PBANKA_122300|PbGEM-306618|PbGEM-306626	GCGAAGGATAA	251.5	238.0	603.0	578.5	534.5	452.0	711.0	557.5	588.5	558.5	640.0	561.5	609.0	582.0	249.0	251.5	549.0	531.0	420.0	414.5	630.5	677.0	604.0	524.5	510.0	480.5	584.5	514.5
PBANKA_122560	PbGEM-050103|PbGEM-103015|PbGEM-251724|PbGEM-121250|PBANKA_122560|PbGEM-103023	CTACTAGTTAA	207.5	162.0	72.0	76.5	271.0	201.5	51.5	72.0	92.0	86.0	213.0	265.0	282.5	314.5	221.0	242.5	75.0	68.0	216.0	206.0	55.0	80.5	90.5	85.0	203.5	264.0	229.5	281.5
PBANKA_122580	PbGEM-050135|PBANKA_122580|PbGEM-251803|PbGEM-050127	GAGATGCTCTT	211.5	203.5	0.0	0.0	0.0	1.0	0.0	0.0	0.0	0.0	0.0	0.0	0.0	0.0	189.0	211.5	0.0	0.0	0.0	0.0	0.0	0.0	0.0	0.0	0.0	0.0	0.0	0.0
PBANKA_122750	PbGEM-307282|PBANKA_122750|PbGEM-307274	AAAACGCAAGG	268.0	202.0	653.0	537.5	278.0	198.0	578.5	536.0	647.0	625.5	612.5	634.0	623.5	532.0	252.0	234.5	574.5	479.0	215.0	190.5	523.0	604.5	567.0	561.0	469.0	525.5	572.0	432.5
PBANKA_122990	PBANKA_122990|PbGEM-103326|PbGEM-260980|PbGEM-673717|PbGEM-050692|PbGEM-050700	TCTCTGAATCA	205.5	217.5	75.5	60.0	286.5	229.5	1.0	12.0	16.0	21.0	372.5	446.0	295.0	307.5	220.5	222.0	56.0	57.5	241.5	213.5	0.0	30.0	18.0	16.0	268.5	430.0	234.5	260.0
PBANKA_123230	PbGEM-051034|PbGEM-051042|PBANKA_123230|PbGEM-261148|PbGEM-645648|PbGEM-645698	GTGGTTGTAAC	526.0	294.5	644.5	665.5	188.5	124.5	878.5	976.0	1053.5	1005.0	149.0	183.0	132.0	106.5	558.0	326.0	568.5	559.0	139.5	87.0	901.5	1120.5	1126.5	906.0	118.0	168.0	110.5	76.5
PBANKA_123240	PbGEM-307922|PbGEM-307914|PBANKA_123240	AATATCTCCGG	254.0	228.0	222.5	193.5	1260.0	1071.5	0.0	15.5	1.5	2.0	1758.0	2041.5	1812.5	2026.5	254.5	278.0	196.5	183.5	1091.0	988.5	0.0	37.0	3.0	0.0	1451.5	1664.5	1612.0	1595.0
PBANKA_123280	PbGEM-337027|PbGEM-308010|PBANKA_123280|PbGEM-308002|PbGEM-671053	CCCGTTGCGCA	289.5	160.5	84.5	86.5	201.0	161.5	101.0	104.5	74.0	75.0	230.0	314.5	257.5	277.0	283.5	208.0	89.0	103.0	186.0	174.0	90.5	127.5	56.0	89.0	192.0	277.5	304.5	204.0
PBANKA_123640	PbGEM-337123|PBANKA_123640|PbGEM-051620|PbGEM-261452	TTCAACTTTGT	262.5	233.5	0.0	0.0	15.0	9.0	0.0	0.0	0.0	0.0	19.0	0.0	7.0	10.0	255.0	240.0	0.0	0.0	14.0	11.0	0.0	0.0	0.0	0.0	17.5	0.0	4.0	13.0
PBANKA_123740	PbGEM-261516|PBANKA_123740|PbGEM-103728	AGACAATGGAC	228.5	191.0	88.5	113.5	84.0	93.0	154.5	118.5	129.0	114.0	132.0	65.5	66.5	52.0	219.0	199.0	103.0	85.0	97.5	73.0	139.0	167.0	109.5	130.0	99.5	72.5	71.0	40.5
PBANKA_123830	PbGEM-308649|PbGEM-673021|PBANKA_123830|PbGEM-308641|PbGEM-647907	CGTGGCGCTAG	229.0	221.5	697.5	601.5	570.5	496.5	967.5	926.0	883.0	977.5	170.5	278.5	280.0	307.5	244.0	241.5	596.0	572.0	521.0	509.0	845.5	1111.0	895.5	915.0	157.5	248.5	247.5	259.0
PBANKA_123960	PbGEM-337179|PbGEM-103842|PBANKA_123960|PbGEM-051991|PbGEM-261644	GCGTTACGGCT	232.0	187.0	141.0	133.5	91.5	89.5	126.0	64.0	175.5	151.5	161.0	122.5	154.0	114.0	191.0	227.5	136.0	118.0	92.0	81.0	132.5	74.0	176.5	160.0	109.0	119.5	114.5	88.0
PBANKA_124120	PbGEM-052197|PbGEM-261764|PBANKA_124120|PbGEM-052205	TATCGACCCCG	225.0	169.5	161.5	135.5	751.5	654.0	19.0	6.5	18.0	0.0	1025.5	886.5	885.5	899.5	194.5	203.5	143.5	119.0	637.5	599.5	26.0	20.0	17.5	0.0	753.0	662.5	849.0	741.5
PBANKA_124440	PbGEM-337307|PbGEM-309449|PBANKA_124440|PbGEM-309441	TGTAAGTGAAC	247.5	182.5	980.5	936.5	681.0	659.5	979.0	869.0	1040.5	1023.5	413.0	541.5	653.0	532.5	242.5	254.5	831.0	868.5	640.5	585.0	888.5	949.0	930.0	1026.0	350.5	487.0	511.0	483.5
PBANKA_124490	PbGEM-528343|PBANKA_124490|PbGEM-052713|PbGEM-646534|PbGEM-210652|PbGEM-646368|PbGEM-528202|PbGEM-528061|PbGEM-262020|PbGEM-121354|PbGEM-052705|PbGEM-645753	ATTGCCGATGT	203.5	178.5	102.5	78.0	591.5	552.0	89.0	71.5	70.0	94.0	1247.0	1335.5	1226.5	1169.0	206.0	202.0	66.5	76.0	511.0	455.5	84.5	115.5	55.5	81.0	994.5	1191.0	1037.5	984.5
PBANKA_130050	PbGEM-309911|PbGEM-309895|PbGEM-309903|PBANKA_130050	CCGTGATTAAT	237.0	209.0	185.0	118.0	393.0	328.0	216.0	222.0	200.0	227.5	0.0	2.0	0.0	0.5	262.0	280.5	151.0	135.0	379.5	330.5	224.5	248.0	199.5	225.0	0.0	2.0	0.0	1.0
PBANKA_130450	PbGEM-247801|PBANKA_130450|PbGEM-104653|PbGEM-053692|PbGEM-053684	CAACTCGGATG	165.0	151.0	113.0	105.0	528.5	531.5	155.0	114.0	100.5	102.5	0.0	0.0	0.0	0.0	216.5	180.0	75.5	76.0	406.0	472.0	89.0	131.5	85.5	122.5	0.0	0.0	0.0	0.0
PBANKA_130480	PbGEM-310575|PbGEM-310583|PBANKA_130480	ATAAACTTTAC	262.0	202.5	522.0	433.5	189.0	149.5	639.0	649.0	624.5	695.0	141.0	116.5	104.5	197.0	290.5	258.0	426.0	468.0	164.0	129.5	556.5	774.5	570.5	660.0	106.0	106.0	108.5	137.5
PBANKA_130790	PbGEM-536539|PbGEM-311015|PbGEM-311007|PbGEM-671149|PBANKA_130790	TTCAATAGAGA	460.5	221.0	283.5	331.5	149.5	127.5	151.5	254.0	282.5	294.0	66.5	68.5	36.0	59.0	505.0	301.0	270.0	304.0	137.5	145.5	191.0	280.0	290.5	292.5	58.0	57.0	31.0	55.0
PBANKA_131070	PBANKA_131070|PbGEM-054628|PbGEM-250324|PbGEM-342996|PbGEM-337683	GTAGCTAGGAA	601.0	521.0	333.5	340.0	1836.5	1565.0	141.5	71.5	175.0	88.5	1300.5	1161.5	1510.0	1233.0	584.5	607.5	290.0	300.5	1471.5	1425.0	148.5	92.5	192.5	87.0	1016.5	1075.5	1230.5	1163.0
PBANKA_131200	PbGEM-311533|PBANKA_131200|PbGEM-311517|PbGEM-311525|PbGEM-337699	TCGTCCCGATA	259.0	237.5	81.0	87.0	18.0	5.0	295.5	95.0	93.0	136.5	0.0	0.0	0.0	0.0	281.0	296.0	60.5	50.5	6.0	6.0	212.0	97.0	103.5	143.5	0.0	0.0	0.0	0.0
PBANKA_132010	PBANKA_132010|PbGEM-312581|PbGEM-312589|PbGEM-337939	CGGGTACAGTG	500.0	277.0	537.0	413.0	325.5	298.5	811.5	581.0	890.5	786.5	0.0	0.0	0.0	0.0	454.0	324.5	484.5	410.5	264.5	242.5	672.5	676.5	753.5	701.0	0.0	0.0	0.0	0.0
PBANKA_132220	PbGEM-312877|PBANKA_132220|PbGEM-312869|PbGEM-338003	TGAAGACCATC	657.0	528.0	20.0	12.0	73.5	61.0	4.0	10.0	11.0	5.0	1.0	6.0	17.0	3.0	675.0	649.0	11.0	13.0	66.0	43.0	10.0	22.5	9.0	5.0	1.0	9.0	8.0	2.0
PBANKA_132380	PbGEM-106052|PbGEM-056469|PbGEM-255080|PBANKA_132380|PbGEM-106060	GTCACTGACGG	206.5	158.5	142.5	138.5	333.0	338.5	289.0	56.5	182.0	135.0	472.5	433.5	477.5	375.0	195.5	183.5	103.5	112.0	299.0	319.5	202.0	65.0	177.0	111.0	368.5	338.5	448.0	309.5
PBANKA_132900	PbGEM-671549|PbGEM-313773|PbGEM-313781|PBANKA_132900|PbGEM-313765	ATATATGTTGC	255.5	238.5	391.0	359.0	196.5	178.5	660.0	724.0	919.0	682.0	1.0	1.0	0.5	0.0	286.0	262.5	367.0	292.0	181.5	165.5	588.5	792.5	804.0	690.5	0.0	0.0	0.5	1.0
PBANKA_132940	PbGEM-106474|PBANKA_132940|PbGEM-057157|PbGEM-248743|PbGEM-106482	TTCTTAGTGTG	233.5	169.5	124.5	118.0	438.5	476.0	157.5	61.0	136.5	135.5	412.5	647.5	415.0	470.0	254.5	221.0	92.0	103.5	385.0	350.5	166.5	86.5	108.5	143.0	285.5	469.0	222.5	366.5
PBANKA_133390	PbGEM-338355|PbGEM-314445|PbGEM-314453|PbGEM-536795|PBANKA_133390	ATCGAATATTC	253.0	236.5	68.0	73.5	0.0	0.0	91.0	59.5	34.0	34.0	0.0	0.0	0.0	0.0	298.5	295.0	67.5	58.0	0.0	0.0	106.5	75.0	26.5	30.0	0.0	0.0	0.0	0.0
PBANKA_133650	PbGEM-314709|PbGEM-314701|PBANKA_133650	GAAAGGTTCCA	498.5	296.5	755.5	664.5	142.0	134.5	922.0	796.0	961.5	836.5	17.0	29.0	16.5	11.5	562.0	367.5	642.5	643.0	105.5	111.5	901.0	841.0	984.5	812.0	11.0	23.0	13.0	9.0
PBANKA_134250	PbGEM-338619|PbGEM-213859|PbGEM-058948|PbGEM-058956|PbGEM-253484|PBANKA_134250	TTATCGCCTCC	227.5	191.0	5.0	5.5	1.0	5.5	10.0	7.0	1.0	1.0	7.0	7.5	7.0	6.0	249.0	236.5	5.0	5.0	1.0	6.0	11.0	5.0	2.0	3.0	5.0	6.0	4.0	7.0
PBANKA_134380	PbGEM-107421|PbGEM-059134|PbGEM-253917|PbGEM-059126|PBANKA_134380	ACATCAGAAAG	239.5	205.0	172.0	156.0	393.0	460.0	0.0	0.0	2.5	2.0	572.0	494.5	651.0	568.0	235.0	232.0	185.5	140.5	360.0	328.0	0.0	8.5	2.0	0.0	459.0	419.5	622.0	529.5
PBANKA_134800	PbGEM-059771|PbGEM-249320|PbGEM-646772|PBANKA_134800|PbGEM-667661	CATTGCTTTAG	214.5	177.5	54.5	40.0	191.5	159.0	3.0	26.0	7.5	6.0	147.0	122.0	140.5	169.5	229.5	213.0	40.5	45.0	179.5	136.5	3.0	28.0	9.0	9.0	118.0	93.0	125.5	124.5
PBANKA_135590	PbGEM-108377|PbGEM-060874|PbGEM-338971|PBANKA_135590|PbGEM-108369|PbGEM-252526	AGCCTCGCCTC	166.0	192.5	116.5	118.0	146.0	134.5	65.0	64.0	37.5	48.0	260.0	296.5	276.0	292.5	197.5	188.5	123.0	95.5	144.5	131.0	70.0	67.0	46.5	49.5	173.5	241.5	251.0	230.5
PBANKA_135820	PbGEM-317427|PBANKA_135820|PbGEM-317435	GCTTCTCTTTA	506.0	456.0	484.5	467.5	2004.5	1737.5	504.5	461.0	521.0	538.5	2446.0	2489.5	2462.5	2217.0	586.5	577.5	310.5	422.0	1655.5	1617.5	413.0	542.0	478.5	491.0	1900.0	2193.5	2133.0	1639.0
PBANKA_135960	PbGEM-061450|PbGEM-061442|PBANKA_135960|PbGEM-253840|PbGEM-646722	CCCTCAAATAC	447.5	915.5	367.5	322.5	2391.0	2105.5	481.5	391.5	427.5	393.0	1.5	13.0	0.5	23.5	397.5	1106.5	282.0	286.5	2167.0	1922.0	435.0	425.5	443.5	411.0	1.0	9.0	1.0	27.5
PBANKA_135970	PbGEM-253875|PbGEM-061466|PbGEM-343204|PbGEM-646730|PBANKA_135970|PbGEM-339139|PbGEM-061458	GTTTAAGCTTT	144.5	686.5	465.0	424.0	1842.5	1602.5	1.5	4.5	9.0	2.0	3627.5	3469.5	3044.0	3206.0	148.0	762.5	429.0	410.5	1543.5	1423.0	3.0	33.0	4.0	3.0	2961.0	3029.0	2736.5	2777.5
PBANKA_136180	PbGEM-339211|PBANKA_136180|PbGEM-317907	GGGACGAAACA	224.0	206.5	820.0	859.0	461.5	465.5	612.0	621.5	634.0	589.5	534.5	490.0	403.5	490.0	258.5	258.0	744.0	771.5	358.5	360.5	619.5	710.5	636.5	643.5	405.5	434.0	378.0	407.0
PBANKA_140170	PbGEM-062500|PbGEM-256378|PbGEM-264420|PBANKA_140170|PbGEM-343220	CAGTTCTGATT	244.5	194.0	216.0	227.0	551.0	561.5	44.5	64.0	64.0	90.0	142.0	190.5	119.5	197.0	234.5	207.0	216.5	203.0	521.0	457.0	36.0	92.0	54.5	95.5	128.0	179.5	122.5	207.0
PBANKA_140240	PbGEM-665589|PbGEM-318699|PbGEM-339371|PbGEM-318691|PBANKA_140240	CTGGAGTAGTG	277.0	254.5	937.0	865.0	451.5	435.0	1090.5	1180.5	1280.0	1019.5	0.0	0.0	0.5	1.0	271.0	289.5	742.5	751.0	408.0	373.5	984.5	1328.5	1223.0	1154.0	0.0	0.0	1.0	0.0
PBANKA_140330	PbGEM-339403|PBANKA_140330|PbGEM-318811	TTCATCCCCAG	323.0	267.0	23.0	19.0	0.0	2.0	35.5	0.0	34.5	27.0	3.0	0.0	0.0	0.0	300.0	297.0	21.0	18.5	3.0	0.0	26.5	0.0	31.0	29.0	0.0	0.0	0.0	0.0
PBANKA_140430	PbGEM-318955|PBANKA_140430|PbGEM-339443|PbGEM-318947	AGACAAACTTC	231.0	228.5	516.0	562.5	204.5	158.0	330.5	394.5	486.5	464.5	362.0	345.5	295.0	333.5	283.0	282.0	429.5	470.5	154.5	142.0	363.5	385.5	488.0	389.0	258.0	315.0	281.5	301.0
PBANKA_140500	PbGEM-339475|PbGEM-062978|PbGEM-062986|PBANKA_140500|PbGEM-669061|PbGEM-252310	TACTGGCAGTA	425.0	308.5	667.0	652.0	288.5	255.0	1164.0	837.5	1021.5	912.5	201.0	132.0	180.0	155.5	461.5	322.0	561.0	597.5	231.0	224.5	1061.0	922.0	993.0	847.5	148.0	111.0	133.0	109.0
PBANKA_141360	PbGEM-648035|PbGEM-064159|PbGEM-255104|PbGEM-064151|PbGEM-110072|PBANKA_141360|PbGEM-255061|PbGEM-110080	CTATGCTTACG	171.0	122.5	181.5	159.5	276.0	286.5	159.0	149.5	165.5	212.0	149.0	196.0	193.0	200.0	196.0	139.0	156.5	154.0	267.5	268.0	118.0	153.5	135.5	191.5	141.0	183.5	164.5	199.5
PBANKA_141460	PbGEM-255405|PbGEM-064305|PbGEM-064297|PBANKA_141460	CCAGAGCGGTA	529.5	274.5	412.0	353.5	75.0	60.5	267.0	460.0	322.5	435.5	31.5	96.0	31.0	38.5	530.5	322.0	335.5	324.5	65.0	61.5	265.5	486.5	348.0	376.5	33.0	80.0	18.0	38.5
PBANKA_141470	PbGEM-064313|PbGEM-646777|PbGEM-255451|PbGEM-343260|PbGEM-064321|PBANKA_141470	GCTGCCACAAA	547.0	408.0	183.5	214.0	683.0	593.0	208.0	297.5	289.5	201.5	54.0	60.0	26.0	25.5	504.0	515.0	226.5	203.0	572.0	545.0	191.5	361.0	286.0	196.5	41.0	54.5	15.0	22.5
PBANKA_141700	PbGEM-320627|PBANKA_141700|PbGEM-320611|PbGEM-320619	TTACATTGTCT	246.0	235.5	374.5	298.0	104.0	94.5	782.0	743.5	627.0	580.0	86.5	109.0	159.0	123.0	231.5	237.0	345.5	306.0	98.5	102.0	768.0	801.0	600.0	611.0	78.0	94.5	152.5	131.0
PBANKA_141770	PbGEM-339795|PbGEM-537195|PBANKA_141770|PbGEM-320699|PbGEM-320707	CCCATACTGTA	321.0	228.5	41.5	23.5	27.0	24.5	113.0	137.5	55.5	105.0	0.0	0.0	0.0	0.0	315.0	282.0	39.0	33.0	19.0	23.0	84.0	132.0	54.5	115.5	0.0	0.0	0.0	0.0
PBANKA_142150	PbGEM-065275|PBANKA_142150|PbGEM-065283|PbGEM-110525|PbGEM-257060	ACTTTAAATAC	440.0	290.5	81.0	70.5	36.5	47.5	102.0	32.0	88.5	83.0	42.0	46.0	33.5	29.0	449.5	328.5	89.5	76.0	54.0	28.5	108.5	32.5	117.5	68.5	32.0	47.0	28.5	30.0
PBANKA_142210	PbGEM-321259|PBANKA_142210|PbGEM-321267|PbGEM-321251	TACCAAGCGAT	189.5	775.5	120.5	85.0	1414.0	1319.0	150.5	90.5	120.5	94.5	1576.5	1462.5	1487.0	1360.5	212.5	870.0	99.5	106.0	1164.0	1091.0	130.0	144.0	110.0	89.5	1183.5	1256.0	1379.0	1214.5
PBANKA_142370	PbGEM-065557|PbGEM-645650|PbGEM-065565|PbGEM-645696|PBANKA_142370|PbGEM-257563	GAAAGTCTAAT	235.0	175.0	85.0	86.5	301.5	267.0	137.0	171.0	115.5	101.5	265.5	214.5	246.0	255.5	257.0	246.5	84.0	73.0	269.0	250.5	118.5	178.5	115.5	110.0	193.0	200.5	189.5	215.5
PBANKA_142610	PbGEM-321667|PbGEM-321675|PBANKA_142610	CCACATAGCCT	944.0	561.5	750.0	695.0	513.5	451.5	1212.0	1160.5	1049.0	1065.5	567.0	605.5	587.0	542.5	911.5	657.0	663.5	684.5	434.5	399.0	1076.0	1260.0	1035.5	1012.0	438.5	564.0	538.0	471.5
PBANKA_142920	PbGEM-066312|PbGEM-255130|PBANKA_142920|PbGEM-111063	TTCGCCGGAAG	180.5	171.5	97.0	131.5	324.5	284.0	70.5	110.0	72.0	70.0	368.5	254.5	413.5	456.5	211.5	206.0	83.5	62.5	299.0	247.5	68.0	127.5	58.0	69.5	306.5	237.0	423.0	373.0
PBANKA_143150	PbGEM-255858|PBANKA_143150|PbGEM-666037|PbGEM-066674|PbGEM-066682	CGCACGGTTGA	23.5	29.5	31.0	22.0	57.0	63.0	25.0	22.0	33.0	27.0	0.0	0.0	0.0	0.0	29.0	23.0	20.5	21.5	60.5	72.5	22.0	30.0	23.0	31.5	0.0	1.0	0.0	0.0
PBANKA_143630	PbGEM-067386|PBANKA_143630|PbGEM-648115|PbGEM-067394|PbGEM-257036	GTATCGTTGTT	274.0	220.0	139.5	102.5	487.5	513.0	187.0	110.0	92.5	166.0	654.0	719.0	687.5	698.0	288.5	286.5	146.0	100.5	448.5	421.0	203.0	135.5	118.0	164.0	505.5	674.5	557.5	547.0
PBANKA_144160	PbGEM-340427|PBANKA_144160|PbGEM-258100|PbGEM-079665	AGTCGGGAGAC	229.0	201.0	33.5	38.5	1.0	0.0	79.5	39.0	52.0	46.0	0.0	0.0	0.0	0.0	265.5	237.5	27.5	25.5	0.0	0.0	68.0	45.0	42.0	40.5	0.0	0.0	0.0	0.0
PBANKA_144280	PBANKA_144280|PbGEM-323851|PbGEM-323843|PbGEM-323859	ACCGAGGCGGG	33.0	17.0	1.0	0.0	0.0	0.0	0.0	0.0	0.0	0.0	0.0	0.0	0.0	0.0	29.5	20.0	1.0	1.0	0.0	0.0	0.0	0.0	0.0	0.0	0.0	0.0	0.0	0.0
PBANKA_144600	PbGEM-068823|PbGEM-068831|PBANKA_144600|PbGEM-258715|PbGEM-648163|PbGEM-664437|PbGEM-340595	TGCGTAGCAGA	273.5	238.0	39.0	39.5	11.5	16.5	14.0	49.5	30.0	8.5	1.0	2.0	0.0	20.0	282.0	266.0	45.0	46.5	19.5	12.5	13.0	61.5	20.5	9.0	2.0	2.5	0.0	14.5
PBANKA_145190	PbGEM-325019|PBANKA_145190|PbGEM-340827|PbGEM-325035|PbGEM-325027	ATTAGCACTAG	194.0	194.0	551.5	533.5	498.5	443.0	577.0	586.5	604.5	548.0	287.0	356.0	332.5	330.0	235.0	241.0	512.5	475.5	413.0	321.5	531.5	600.5	540.0	595.5	266.0	247.5	322.0	269.0
PBANKA_145700	PbGEM-258620|PbGEM-070465|PbGEM-264860|PBANKA_145700	TTACATGCTGG	219.5	195.0	191.0	193.0	578.0	514.5	21.5	53.5	28.0	23.0	458.0	389.5	443.5	336.5	207.0	217.0	150.0	146.5	477.5	444.0	34.5	61.0	31.5	31.5	356.5	320.0	399.0	285.0
PBANKA_145920	PBANKA_145920|PbGEM-070810|PbGEM-258892|PbGEM-070802|PbGEM-343452|PbGEM-080802	TTTACGGAGAT	467.0	311.5	1693.5	1462.0	64.0	28.5	2648.5	2248.0	2481.0	2221.5	66.5	105.5	41.5	74.0	438.0	339.0	1451.0	1353.5	28.5	39.5	2444.0	2544.0	2364.5	2061.0	39.5	88.0	38.0	51.5
PBANKA_146300	PbGEM-326387|PBANKA_146300|PbGEM-326379|PbGEM-326371|PbGEM-648219	GGTAGGACGTG	272.0	223.0	668.0	695.5	341.0	289.0	125.5	166.0	206.0	301.5	509.0	503.5	613.5	648.0	268.0	264.5	637.5	645.0	293.5	273.0	98.0	215.5	188.0	276.5	403.0	490.0	504.5	552.5
PBANKA_146370	PbGEM-326451|PbGEM-326459|PBANKA_146370|PbGEM-326443|PbGEM-326435|PbGEM-341163	CGGTGAGGCTT	458.0	315.5	213.5	210.0	152.0	142.5	314.5	439.5	236.5	292.5	243.5	242.5	238.5	266.5	524.0	309.5	225.0	206.5	122.5	110.5	291.5	509.0	193.5	261.0	169.0	216.5	245.0	269.0
