Cluster	Pvals	Cluster size (number of unique genes in phospho data)	Cluster size ( overlapping genes with fertility data)	Number of phenotype genes in cluster	FDR	Genes	Data
8	1.1721221607752241e-06	45	11	7	1.406546592930269e-05	PBANKA_0828900, PBANKA_0811800, PBANKA_1320100, PBANKA_1442800, PBANKA_1018300, PBANKA_1336500, PBANKA_1038700	"            protein  position  cluster   0s        6s       12s       18s       60s       pbanka_id
295   PBANKA_082890        55        2  0.0  0.919204  0.403514  1.259704  2.277703  PBANKA_0828900
418   PBANKA_101830       323        1  0.0  1.914023  1.132485  2.354777  2.174357  PBANKA_1018300
419   PBANKA_101830       568        2  0.0  0.974946  1.180140  1.696867  2.386737  PBANKA_1018300
420   PBANKA_101830       570        1  0.0  2.222137  1.878577  1.944410  3.511753  PBANKA_1018300
654   PBANKA_132010        22        2  0.0  1.271289  1.238023  1.704215  1.882831  PBANKA_1320100
655   PBANKA_132010        28        2  0.0  1.079074  0.598607  1.779293  2.543290  PBANKA_1320100
656   PBANKA_132010        39       10  0.0 -1.799119 -1.008620 -0.382970 -2.137729  PBANKA_1320100
657   PBANKA_132010       193        5  0.0  0.854847 -0.495913  1.439891  2.667985  PBANKA_1320100
658   PBANKA_132010       428        4  0.0  0.311808  0.397845  0.751100  2.030679  PBANKA_1320100
659   PBANKA_132010       539        2  0.0  1.015171  0.917092  1.386251  2.065390  PBANKA_1320100
660   PBANKA_132010       781       10  0.0 -1.422832 -1.960505 -2.350518 -1.283706  PBANKA_1320100
661   PBANKA_132010       783       10  0.0 -1.422832 -1.960505 -2.350518 -1.283706  PBANKA_1320100
704   PBANKA_133650       463       10  0.0 -1.540906 -2.056179 -1.404919 -1.960012  PBANKA_1336500
705   PBANKA_133650       485        2  0.0  1.361553  1.284904  0.894669  2.039846  PBANKA_1336500
995   PBANKA_132010       566        9  0.0  1.699736 -1.152243  0.469359       NaN  PBANKA_1320100
996   PBANKA_132010       571        9  0.0  1.699736 -1.152243  0.469359       NaN  PBANKA_1320100
1051  PBANKA_081180        52        8  NaN  0.000000  0.492940  1.052749  1.579709  PBANKA_0811800
1052  PBANKA_081180        54        8  NaN  0.000000  0.476788  0.532720  2.027996  PBANKA_0811800
1055  PBANKA_082890       364        8  NaN  0.000000 -0.317237  1.854455  2.625284  PBANKA_0828900
1062  PBANKA_101830       329        8  NaN  0.000000 -0.291515  0.962452  2.833570  PBANKA_1018300
1066  PBANKA_103870       308        8  NaN  0.000000 -0.422167 -0.175236  1.895494  PBANKA_1038700
1077  PBANKA_132010       748        8  NaN  0.000000  0.450498  1.655617  1.789859  PBANKA_1320100
1079  PBANKA_133650       296        8  NaN  0.000000 -0.115965  0.230647  1.279266  PBANKA_1336500
1086  PBANKA_144280       410        8  NaN  0.000000 -0.232818  0.441634  1.990690  PBANKA_1442800"
5	0.0002646380727642228	67	19	7	0.001227636989829417	PBANKA_1320100, PBANKA_0912600, PBANKA_1224100, PBANKA_0203000, PBANKA_0414500, PBANKA_0202700, PBANKA_1417700	"            protein  position  cluster   0s        6s       12s       18s       60s       pbanka_id
25    PBANKA_020270        11        2  0.0  0.982004  0.625232  1.150448  1.757271  PBANKA_0202700
26    PBANKA_020270        42        2  0.0  0.951897  0.611766  1.327654  1.866365  PBANKA_0202700
27    PBANKA_020270        69        3  0.0  0.237801  0.395731  1.602953  0.809827  PBANKA_0202700
28    PBANKA_020270        95        7  0.0  1.130318  1.235486  1.734110 -0.234444  PBANKA_0202700
29    PBANKA_020270       241        5  0.0  0.952655  0.798551  1.432404  3.274252  PBANKA_0202700
30    PBANKA_020270       402        2  0.0  0.546569  0.571306  1.518251  2.078462  PBANKA_0202700
31    PBANKA_020270       456        6  0.0  0.058435 -0.149629  0.797908  2.394020  PBANKA_0202700
32    PBANKA_020270       512        6  0.0 -0.065824 -0.243900  0.087150  1.508501  PBANKA_0202700
33    PBANKA_020300        12        6  0.0 -0.340855  0.435460 -0.114502  2.242062  PBANKA_0203000
34    PBANKA_020300        50        5  0.0  0.550611  1.448658 -0.052474  2.096822  PBANKA_0203000
115   PBANKA_041450        39        5  0.0  0.683095 -0.266086  1.624280  3.907840  PBANKA_0414500
116   PBANKA_041450        42        5  0.0  0.478649  0.155479  0.489946  3.094810  PBANKA_0414500
325   PBANKA_091260       195       10  0.0 -0.931012 -0.724352 -1.897351 -1.696104  PBANKA_0912600
326   PBANKA_091260       558        3  0.0  1.286958  0.968862  1.132214  1.197859  PBANKA_0912600
327   PBANKA_091260       562        5  0.0  0.755585  0.370656  1.311047  2.870839  PBANKA_0912600
328   PBANKA_091260       730        2  0.0  1.001890  0.696307  1.065220  2.441253  PBANKA_0912600
329   PBANKA_091260       979        2  0.0  0.922131  0.980393  1.082528  1.707143  PBANKA_0912600
330   PBANKA_091260      1058        5  0.0  0.545175  0.596798  0.762931  2.785794  PBANKA_0912600
331   PBANKA_091260      1103        4  0.0  0.311076  0.251890  0.562076  2.128523  PBANKA_0912600
332   PBANKA_091260      1132       10  0.0 -0.424231 -2.284635 -0.715349  0.320678  PBANKA_0912600
333   PBANKA_091260      2215        2  0.0  1.215154  0.959108  1.528348  2.200683  PBANKA_0912600
580   PBANKA_122410       713        5  0.0  0.692121  0.065508  1.939775  2.662572  PBANKA_1224100
654   PBANKA_132010        22        2  0.0  1.271289  1.238023  1.704215  1.882831  PBANKA_1320100
655   PBANKA_132010        28        2  0.0  1.079074  0.598607  1.779293  2.543290  PBANKA_1320100
656   PBANKA_132010        39       10  0.0 -1.799119 -1.008620 -0.382970 -2.137729  PBANKA_1320100
657   PBANKA_132010       193        5  0.0  0.854847 -0.495913  1.439891  2.667985  PBANKA_1320100
658   PBANKA_132010       428        4  0.0  0.311808  0.397845  0.751100  2.030679  PBANKA_1320100
659   PBANKA_132010       539        2  0.0  1.015171  0.917092  1.386251  2.065390  PBANKA_1320100
660   PBANKA_132010       781       10  0.0 -1.422832 -1.960505 -2.350518 -1.283706  PBANKA_1320100
661   PBANKA_132010       783       10  0.0 -1.422832 -1.960505 -2.350518 -1.283706  PBANKA_1320100
814   PBANKA_141770       523        5  0.0  1.170255  1.090456  1.121445  2.903439  PBANKA_1417700
815   PBANKA_141770       531        6  0.0  0.306375 -0.058469 -0.558068  1.410742  PBANKA_1417700
995   PBANKA_132010       566        9  0.0  1.699736 -1.152243  0.469359       NaN  PBANKA_1320100
996   PBANKA_132010       571        9  0.0  1.699736 -1.152243  0.469359       NaN  PBANKA_1320100
1026  PBANKA_020270       377       11  NaN  0.000000 -0.735071  0.032917 -2.011035  PBANKA_0202700
1027  PBANKA_020300       440       11  NaN  0.000000 -1.370768  0.302363 -0.228821  PBANKA_0203000
1077  PBANKA_132010       748        8  NaN  0.000000  0.450498  1.655617  1.789859  PBANKA_1320100"
6	0.00030690924745735426	69	15	6	0.001227636989829417	PBANKA_1329600, PBANKA_1102300, PBANKA_0202700, PBANKA_0203000, PBANKA_0301800, PBANKA_1417700	"            protein  position  cluster   0s        6s       12s       18s       60s       pbanka_id
25    PBANKA_020270        11        2  0.0  0.982004  0.625232  1.150448  1.757271  PBANKA_0202700
26    PBANKA_020270        42        2  0.0  0.951897  0.611766  1.327654  1.866365  PBANKA_0202700
27    PBANKA_020270        69        3  0.0  0.237801  0.395731  1.602953  0.809827  PBANKA_0202700
28    PBANKA_020270        95        7  0.0  1.130318  1.235486  1.734110 -0.234444  PBANKA_0202700
29    PBANKA_020270       241        5  0.0  0.952655  0.798551  1.432404  3.274252  PBANKA_0202700
30    PBANKA_020270       402        2  0.0  0.546569  0.571306  1.518251  2.078462  PBANKA_0202700
31    PBANKA_020270       456        6  0.0  0.058435 -0.149629  0.797908  2.394020  PBANKA_0202700
32    PBANKA_020270       512        6  0.0 -0.065824 -0.243900  0.087150  1.508501  PBANKA_0202700
33    PBANKA_020300        12        6  0.0 -0.340855  0.435460 -0.114502  2.242062  PBANKA_0203000
34    PBANKA_020300        50        5  0.0  0.550611  1.448658 -0.052474  2.096822  PBANKA_0203000
57    PBANKA_030180       221        3  0.0  0.970113  0.814583  1.511204  1.327999  PBANKA_0301800
58    PBANKA_030180       622        6  0.0 -0.259112  0.465066  0.191987  2.028323  PBANKA_0301800
464   PBANKA_110230       449        6  0.0 -0.214708  0.106840  0.727554  1.813059  PBANKA_1102300
685   PBANKA_132960      1640        6  0.0 -1.091173 -0.515834 -0.664252  1.623724  PBANKA_1329600
814   PBANKA_141770       523        5  0.0  1.170255  1.090456  1.121445  2.903439  PBANKA_1417700
815   PBANKA_141770       531        6  0.0  0.306375 -0.058469 -0.558068  1.410742  PBANKA_1417700
1026  PBANKA_020270       377       11  NaN  0.000000 -0.735071  0.032917 -2.011035  PBANKA_0202700
1027  PBANKA_020300       440       11  NaN  0.000000 -1.370768  0.302363 -0.228821  PBANKA_0203000"
2	0.000660378195250666	117	37	10	0.001981134585751998	PBANKA_0519900, PBANKA_0828900, PBANKA_1320100, PBANKA_1034100, PBANKA_0908500, PBANKA_0912600, PBANKA_0720200, PBANKA_1018300, PBANKA_1336500, PBANKA_0202700	"            protein  position  cluster   0s        6s       12s       18s       60s       pbanka_id
25    PBANKA_020270        11        2  0.0  0.982004  0.625232  1.150448  1.757271  PBANKA_0202700
26    PBANKA_020270        42        2  0.0  0.951897  0.611766  1.327654  1.866365  PBANKA_0202700
27    PBANKA_020270        69        3  0.0  0.237801  0.395731  1.602953  0.809827  PBANKA_0202700
28    PBANKA_020270        95        7  0.0  1.130318  1.235486  1.734110 -0.234444  PBANKA_0202700
29    PBANKA_020270       241        5  0.0  0.952655  0.798551  1.432404  3.274252  PBANKA_0202700
30    PBANKA_020270       402        2  0.0  0.546569  0.571306  1.518251  2.078462  PBANKA_0202700
31    PBANKA_020270       456        6  0.0  0.058435 -0.149629  0.797908  2.394020  PBANKA_0202700
32    PBANKA_020270       512        6  0.0 -0.065824 -0.243900  0.087150  1.508501  PBANKA_0202700
167   PBANKA_051990       149        2  0.0  0.935620  0.434631  1.349400  1.770819  PBANKA_0519900
168   PBANKA_051990       181        4  0.0  0.147191  0.379747  0.425933  1.762579  PBANKA_0519900
249   PBANKA_072020         9        2  0.0  0.786881  0.628699  1.033506  2.186997  PBANKA_0720200
250   PBANKA_072020       332        3  0.0  0.976986  0.841479  1.026533  1.572761  PBANKA_0720200
295   PBANKA_082890        55        2  0.0  0.919204  0.403514  1.259704  2.277703  PBANKA_0828900
318   PBANKA_090850       699        4  0.0  0.489007  0.105350  0.346754  2.301952  PBANKA_0908500
319   PBANKA_090850      1309        2  0.0  1.371202  1.515424  1.466048  2.231205  PBANKA_0908500
320   PBANKA_090850      1322        4  0.0  0.321013 -0.031818  1.603221  2.167882  PBANKA_0908500
325   PBANKA_091260       195       10  0.0 -0.931012 -0.724352 -1.897351 -1.696104  PBANKA_0912600
326   PBANKA_091260       558        3  0.0  1.286958  0.968862  1.132214  1.197859  PBANKA_0912600
327   PBANKA_091260       562        5  0.0  0.755585  0.370656  1.311047  2.870839  PBANKA_0912600
328   PBANKA_091260       730        2  0.0  1.001890  0.696307  1.065220  2.441253  PBANKA_0912600
329   PBANKA_091260       979        2  0.0  0.922131  0.980393  1.082528  1.707143  PBANKA_0912600
330   PBANKA_091260      1058        5  0.0  0.545175  0.596798  0.762931  2.785794  PBANKA_0912600
331   PBANKA_091260      1103        4  0.0  0.311076  0.251890  0.562076  2.128523  PBANKA_0912600
332   PBANKA_091260      1132       10  0.0 -0.424231 -2.284635 -0.715349  0.320678  PBANKA_0912600
333   PBANKA_091260      2215        2  0.0  1.215154  0.959108  1.528348  2.200683  PBANKA_0912600
418   PBANKA_101830       323        1  0.0  1.914023  1.132485  2.354777  2.174357  PBANKA_1018300
419   PBANKA_101830       568        2  0.0  0.974946  1.180140  1.696867  2.386737  PBANKA_1018300
420   PBANKA_101830       570        1  0.0  2.222137  1.878577  1.944410  3.511753  PBANKA_1018300
450   PBANKA_103410       101        2  0.0  1.299252  1.038318  2.031062  1.954103  PBANKA_1034100
654   PBANKA_132010        22        2  0.0  1.271289  1.238023  1.704215  1.882831  PBANKA_1320100
655   PBANKA_132010        28        2  0.0  1.079074  0.598607  1.779293  2.543290  PBANKA_1320100
656   PBANKA_132010        39       10  0.0 -1.799119 -1.008620 -0.382970 -2.137729  PBANKA_1320100
657   PBANKA_132010       193        5  0.0  0.854847 -0.495913  1.439891  2.667985  PBANKA_1320100
658   PBANKA_132010       428        4  0.0  0.311808  0.397845  0.751100  2.030679  PBANKA_1320100
659   PBANKA_132010       539        2  0.0  1.015171  0.917092  1.386251  2.065390  PBANKA_1320100
660   PBANKA_132010       781       10  0.0 -1.422832 -1.960505 -2.350518 -1.283706  PBANKA_1320100
661   PBANKA_132010       783       10  0.0 -1.422832 -1.960505 -2.350518 -1.283706  PBANKA_1320100
704   PBANKA_133650       463       10  0.0 -1.540906 -2.056179 -1.404919 -1.960012  PBANKA_1336500
705   PBANKA_133650       485        2  0.0  1.361553  1.284904  0.894669  2.039846  PBANKA_1336500
995   PBANKA_132010       566        9  0.0  1.699736 -1.152243  0.469359       NaN  PBANKA_1320100
996   PBANKA_132010       571        9  0.0  1.699736 -1.152243  0.469359       NaN  PBANKA_1320100
1026  PBANKA_020270       377       11  NaN  0.000000 -0.735071  0.032917 -2.011035  PBANKA_0202700
1055  PBANKA_082890       364        8  NaN  0.000000 -0.317237  1.854455  2.625284  PBANKA_0828900
1062  PBANKA_101830       329        8  NaN  0.000000 -0.291515  0.962452  2.833570  PBANKA_1018300
1077  PBANKA_132010       748        8  NaN  0.000000  0.450498  1.655617  1.789859  PBANKA_1320100
1079  PBANKA_133650       296        8  NaN  0.000000 -0.115965  0.230647  1.279266  PBANKA_1336500"
4	0.0008500801569960581	133	38	10	0.0020401923767905394	PBANKA_1213200, PBANKA_0519900, PBANKA_1038200, PBANKA_1320100, PBANKA_0908500, PBANKA_1430900, PBANKA_0912600, PBANKA_0716500, PBANKA_0930800, PBANKA_0307800	"            protein  position  cluster   0s        6s       12s       18s       60s       pbanka_id
68    PBANKA_030780       176        4  0.0  0.502401  0.581886  1.333142  2.014231  PBANKA_0307800
167   PBANKA_051990       149        2  0.0  0.935620  0.434631  1.349400  1.770819  PBANKA_0519900
168   PBANKA_051990       181        4  0.0  0.147191  0.379747  0.425933  1.762579  PBANKA_0519900
237   PBANKA_071650       102        4  0.0  0.498960  0.127997  0.537963  1.870069  PBANKA_0716500
318   PBANKA_090850       699        4  0.0  0.489007  0.105350  0.346754  2.301952  PBANKA_0908500
319   PBANKA_090850      1309        2  0.0  1.371202  1.515424  1.466048  2.231205  PBANKA_0908500
320   PBANKA_090850      1322        4  0.0  0.321013 -0.031818  1.603221  2.167882  PBANKA_0908500
325   PBANKA_091260       195       10  0.0 -0.931012 -0.724352 -1.897351 -1.696104  PBANKA_0912600
326   PBANKA_091260       558        3  0.0  1.286958  0.968862  1.132214  1.197859  PBANKA_0912600
327   PBANKA_091260       562        5  0.0  0.755585  0.370656  1.311047  2.870839  PBANKA_0912600
328   PBANKA_091260       730        2  0.0  1.001890  0.696307  1.065220  2.441253  PBANKA_0912600
329   PBANKA_091260       979        2  0.0  0.922131  0.980393  1.082528  1.707143  PBANKA_0912600
330   PBANKA_091260      1058        5  0.0  0.545175  0.596798  0.762931  2.785794  PBANKA_0912600
331   PBANKA_091260      1103        4  0.0  0.311076  0.251890  0.562076  2.128523  PBANKA_0912600
332   PBANKA_091260      1132       10  0.0 -0.424231 -2.284635 -0.715349  0.320678  PBANKA_0912600
333   PBANKA_091260      2215        2  0.0  1.215154  0.959108  1.528348  2.200683  PBANKA_0912600
368   PBANKA_093080      1584        4  0.0  0.536011 -0.022625  0.309452  1.486527  PBANKA_0930800
457   PBANKA_103820      1550        4  0.0  0.506724  0.590920  0.890661  2.185153  PBANKA_1038200
563   PBANKA_121320       191        4  0.0  0.669593  0.612210  0.949793  1.699223  PBANKA_1213200
654   PBANKA_132010        22        2  0.0  1.271289  1.238023  1.704215  1.882831  PBANKA_1320100
655   PBANKA_132010        28        2  0.0  1.079074  0.598607  1.779293  2.543290  PBANKA_1320100
656   PBANKA_132010        39       10  0.0 -1.799119 -1.008620 -0.382970 -2.137729  PBANKA_1320100
657   PBANKA_132010       193        5  0.0  0.854847 -0.495913  1.439891  2.667985  PBANKA_1320100
658   PBANKA_132010       428        4  0.0  0.311808  0.397845  0.751100  2.030679  PBANKA_1320100
659   PBANKA_132010       539        2  0.0  1.015171  0.917092  1.386251  2.065390  PBANKA_1320100
660   PBANKA_132010       781       10  0.0 -1.422832 -1.960505 -2.350518 -1.283706  PBANKA_1320100
661   PBANKA_132010       783       10  0.0 -1.422832 -1.960505 -2.350518 -1.283706  PBANKA_1320100
845   PBANKA_143090        90        4  0.0  0.680326  0.329364  0.655889  1.659078  PBANKA_1430900
995   PBANKA_132010       566        9  0.0  1.699736 -1.152243  0.469359       NaN  PBANKA_1320100
996   PBANKA_132010       571        9  0.0  1.699736 -1.152243  0.469359       NaN  PBANKA_1320100
1019  PBANKA_143090       273       12  0.0 -1.295700 -2.150835 -0.755889       NaN  PBANKA_1430900
1077  PBANKA_132010       748        8  NaN  0.000000  0.450498  1.655617  1.789859  PBANKA_1320100"
11	0.0038196353035697683	17	4	2	0.007639270607139537	PBANKA_0203000, PBANKA_0202700	"            protein  position  cluster   0s        6s       12s       18s       60s       pbanka_id
25    PBANKA_020270        11        2  0.0  0.982004  0.625232  1.150448  1.757271  PBANKA_0202700
26    PBANKA_020270        42        2  0.0  0.951897  0.611766  1.327654  1.866365  PBANKA_0202700
27    PBANKA_020270        69        3  0.0  0.237801  0.395731  1.602953  0.809827  PBANKA_0202700
28    PBANKA_020270        95        7  0.0  1.130318  1.235486  1.734110 -0.234444  PBANKA_0202700
29    PBANKA_020270       241        5  0.0  0.952655  0.798551  1.432404  3.274252  PBANKA_0202700
30    PBANKA_020270       402        2  0.0  0.546569  0.571306  1.518251  2.078462  PBANKA_0202700
31    PBANKA_020270       456        6  0.0  0.058435 -0.149629  0.797908  2.394020  PBANKA_0202700
32    PBANKA_020270       512        6  0.0 -0.065824 -0.243900  0.087150  1.508501  PBANKA_0202700
33    PBANKA_020300        12        6  0.0 -0.340855  0.435460 -0.114502  2.242062  PBANKA_0203000
34    PBANKA_020300        50        5  0.0  0.550611  1.448658 -0.052474  2.096822  PBANKA_0203000
1026  PBANKA_020270       377       11  NaN  0.000000 -0.735071  0.032917 -2.011035  PBANKA_0202700
1027  PBANKA_020300       440       11  NaN  0.000000 -1.370768  0.302363 -0.228821  PBANKA_0203000"
10	0.009603415134157411	130	25	6	0.016462997372841275	PBANKA_1019000, PBANKA_1447900, PBANKA_1320100, PBANKA_0404300, PBANKA_0912600, PBANKA_1336500	"            protein  position  cluster   0s        6s       12s       18s       60s       pbanka_id
95    PBANKA_040430       642       10  0.0 -1.694130 -1.689726 -0.419171 -2.665894  PBANKA_0404300
325   PBANKA_091260       195       10  0.0 -0.931012 -0.724352 -1.897351 -1.696104  PBANKA_0912600
326   PBANKA_091260       558        3  0.0  1.286958  0.968862  1.132214  1.197859  PBANKA_0912600
327   PBANKA_091260       562        5  0.0  0.755585  0.370656  1.311047  2.870839  PBANKA_0912600
328   PBANKA_091260       730        2  0.0  1.001890  0.696307  1.065220  2.441253  PBANKA_0912600
329   PBANKA_091260       979        2  0.0  0.922131  0.980393  1.082528  1.707143  PBANKA_0912600
330   PBANKA_091260      1058        5  0.0  0.545175  0.596798  0.762931  2.785794  PBANKA_0912600
331   PBANKA_091260      1103        4  0.0  0.311076  0.251890  0.562076  2.128523  PBANKA_0912600
332   PBANKA_091260      1132       10  0.0 -0.424231 -2.284635 -0.715349  0.320678  PBANKA_0912600
333   PBANKA_091260      2215        2  0.0  1.215154  0.959108  1.528348  2.200683  PBANKA_0912600
423   PBANKA_101900        22       10  0.0 -1.217725 -1.289419 -2.023969 -1.718663  PBANKA_1019000
654   PBANKA_132010        22        2  0.0  1.271289  1.238023  1.704215  1.882831  PBANKA_1320100
655   PBANKA_132010        28        2  0.0  1.079074  0.598607  1.779293  2.543290  PBANKA_1320100
656   PBANKA_132010        39       10  0.0 -1.799119 -1.008620 -0.382970 -2.137729  PBANKA_1320100
657   PBANKA_132010       193        5  0.0  0.854847 -0.495913  1.439891  2.667985  PBANKA_1320100
658   PBANKA_132010       428        4  0.0  0.311808  0.397845  0.751100  2.030679  PBANKA_1320100
659   PBANKA_132010       539        2  0.0  1.015171  0.917092  1.386251  2.065390  PBANKA_1320100
660   PBANKA_132010       781       10  0.0 -1.422832 -1.960505 -2.350518 -1.283706  PBANKA_1320100
661   PBANKA_132010       783       10  0.0 -1.422832 -1.960505 -2.350518 -1.283706  PBANKA_1320100
704   PBANKA_133650       463       10  0.0 -1.540906 -2.056179 -1.404919 -1.960012  PBANKA_1336500
705   PBANKA_133650       485        2  0.0  1.361553  1.284904  0.894669  2.039846  PBANKA_1336500
887   PBANKA_144790       160       10  0.0 -1.402411 -1.524425 -1.443250 -1.894591  PBANKA_1447900
888   PBANKA_144790       164       10  0.0 -1.248572 -1.776141 -1.753137 -1.813593  PBANKA_1447900
961   PBANKA_101900        32       12  0.0 -2.250554 -1.232164 -1.891802       NaN  PBANKA_1019000
995   PBANKA_132010       566        9  0.0  1.699736 -1.152243  0.469359       NaN  PBANKA_1320100
996   PBANKA_132010       571        9  0.0  1.699736 -1.152243  0.469359       NaN  PBANKA_1320100
1077  PBANKA_132010       748        8  NaN  0.000000  0.450498  1.655617  1.789859  PBANKA_1320100
1079  PBANKA_133650       296        8  NaN  0.000000 -0.115965  0.230647  1.279266  PBANKA_1336500"
1	0.017518765194215025	70	16	4	0.026278147791322537	PBANKA_1336900, PBANKA_0405600, PBANKA_1216800, PBANKA_1018300	"            protein  position  cluster   0s        6s       12s       18s       60s       pbanka_id
96    PBANKA_040560        15        1  0.0  2.250820  1.484873  2.460274  3.263029  PBANKA_0405600
418   PBANKA_101830       323        1  0.0  1.914023  1.132485  2.354777  2.174357  PBANKA_1018300
419   PBANKA_101830       568        2  0.0  0.974946  1.180140  1.696867  2.386737  PBANKA_1018300
420   PBANKA_101830       570        1  0.0  2.222137  1.878577  1.944410  3.511753  PBANKA_1018300
570   PBANKA_121680       230        1  0.0  1.250575  1.128106  1.664750  3.951867  PBANKA_1216800
706   PBANKA_133690       326        1  0.0  1.476368  1.351560  1.368750  2.654427  PBANKA_1336900
1062  PBANKA_101830       329        8  NaN  0.000000 -0.291515  0.962452  2.833570  PBANKA_1018300"
3	0.022081897736290546	105	29	6	0.02944253031505406	PBANKA_0805900, PBANKA_0912600, PBANKA_0615200, PBANKA_0720200, PBANKA_0301800, PBANKA_0202700	"            protein  position  cluster   0s        6s       12s       18s       60s       pbanka_id
25    PBANKA_020270        11        2  0.0  0.982004  0.625232  1.150448  1.757271  PBANKA_0202700
26    PBANKA_020270        42        2  0.0  0.951897  0.611766  1.327654  1.866365  PBANKA_0202700
27    PBANKA_020270        69        3  0.0  0.237801  0.395731  1.602953  0.809827  PBANKA_0202700
28    PBANKA_020270        95        7  0.0  1.130318  1.235486  1.734110 -0.234444  PBANKA_0202700
29    PBANKA_020270       241        5  0.0  0.952655  0.798551  1.432404  3.274252  PBANKA_0202700
30    PBANKA_020270       402        2  0.0  0.546569  0.571306  1.518251  2.078462  PBANKA_0202700
31    PBANKA_020270       456        6  0.0  0.058435 -0.149629  0.797908  2.394020  PBANKA_0202700
32    PBANKA_020270       512        6  0.0 -0.065824 -0.243900  0.087150  1.508501  PBANKA_0202700
57    PBANKA_030180       221        3  0.0  0.970113  0.814583  1.511204  1.327999  PBANKA_0301800
58    PBANKA_030180       622        6  0.0 -0.259112  0.465066  0.191987  2.028323  PBANKA_0301800
203   PBANKA_061520        80        3  0.0  1.007101  0.713360  0.576106  1.333997  PBANKA_0615200
249   PBANKA_072020         9        2  0.0  0.786881  0.628699  1.033506  2.186997  PBANKA_0720200
250   PBANKA_072020       332        3  0.0  0.976986  0.841479  1.026533  1.572761  PBANKA_0720200
266   PBANKA_080590       430        3  0.0  0.534785  1.131020  0.490620  0.932293  PBANKA_0805900
325   PBANKA_091260       195       10  0.0 -0.931012 -0.724352 -1.897351 -1.696104  PBANKA_0912600
326   PBANKA_091260       558        3  0.0  1.286958  0.968862  1.132214  1.197859  PBANKA_0912600
327   PBANKA_091260       562        5  0.0  0.755585  0.370656  1.311047  2.870839  PBANKA_0912600
328   PBANKA_091260       730        2  0.0  1.001890  0.696307  1.065220  2.441253  PBANKA_0912600
329   PBANKA_091260       979        2  0.0  0.922131  0.980393  1.082528  1.707143  PBANKA_0912600
330   PBANKA_091260      1058        5  0.0  0.545175  0.596798  0.762931  2.785794  PBANKA_0912600
331   PBANKA_091260      1103        4  0.0  0.311076  0.251890  0.562076  2.128523  PBANKA_0912600
332   PBANKA_091260      1132       10  0.0 -0.424231 -2.284635 -0.715349  0.320678  PBANKA_0912600
333   PBANKA_091260      2215        2  0.0  1.215154  0.959108  1.528348  2.200683  PBANKA_0912600
1026  PBANKA_020270       377       11  NaN  0.000000 -0.735071  0.032917 -2.011035  PBANKA_0202700"
12	0.035341304207635926	49	13	3	0.04240956504916311	PBANKA_1430900, PBANKA_1019000, PBANKA_1362100	"            protein  position  cluster   0s        6s       12s       18s       60s       pbanka_id
423   PBANKA_101900        22       10  0.0 -1.217725 -1.289419 -2.023969 -1.718663  PBANKA_1019000
845   PBANKA_143090        90        4  0.0  0.680326  0.329364  0.655889  1.659078  PBANKA_1430900
961   PBANKA_101900        32       12  0.0 -2.250554 -1.232164 -1.891802       NaN  PBANKA_1019000
1009  PBANKA_136210      1067       12  0.0 -1.694984 -1.041473 -0.831351       NaN  PBANKA_1362100
1019  PBANKA_143090       273       12  0.0 -1.295700 -2.150835 -0.755889       NaN  PBANKA_1430900"
9	0.3105324499514991	46	11	1	0.33876267267436266	PBANKA_1320100	"            protein  position  cluster   0s        6s       12s       18s       60s       pbanka_id
654   PBANKA_132010        22        2  0.0  1.271289  1.238023  1.704215  1.882831  PBANKA_1320100
655   PBANKA_132010        28        2  0.0  1.079074  0.598607  1.779293  2.543290  PBANKA_1320100
656   PBANKA_132010        39       10  0.0 -1.799119 -1.008620 -0.382970 -2.137729  PBANKA_1320100
657   PBANKA_132010       193        5  0.0  0.854847 -0.495913  1.439891  2.667985  PBANKA_1320100
658   PBANKA_132010       428        4  0.0  0.311808  0.397845  0.751100  2.030679  PBANKA_1320100
659   PBANKA_132010       539        2  0.0  1.015171  0.917092  1.386251  2.065390  PBANKA_1320100
660   PBANKA_132010       781       10  0.0 -1.422832 -1.960505 -2.350518 -1.283706  PBANKA_1320100
661   PBANKA_132010       783       10  0.0 -1.422832 -1.960505 -2.350518 -1.283706  PBANKA_1320100
995   PBANKA_132010       566        9  0.0  1.699736 -1.152243  0.469359       NaN  PBANKA_1320100
996   PBANKA_132010       571        9  0.0  1.699736 -1.152243  0.469359       NaN  PBANKA_1320100
1077  PBANKA_132010       748        8  NaN  0.000000  0.450498  1.655617  1.789859  PBANKA_1320100"
7	0.4966101373920483	66	16	1	0.4966101373920483	PBANKA_0202700	"            protein  position  cluster   0s        6s       12s       18s       60s       pbanka_id
25    PBANKA_020270        11        2  0.0  0.982004  0.625232  1.150448  1.757271  PBANKA_0202700
26    PBANKA_020270        42        2  0.0  0.951897  0.611766  1.327654  1.866365  PBANKA_0202700
27    PBANKA_020270        69        3  0.0  0.237801  0.395731  1.602953  0.809827  PBANKA_0202700
28    PBANKA_020270        95        7  0.0  1.130318  1.235486  1.734110 -0.234444  PBANKA_0202700
29    PBANKA_020270       241        5  0.0  0.952655  0.798551  1.432404  3.274252  PBANKA_0202700
30    PBANKA_020270       402        2  0.0  0.546569  0.571306  1.518251  2.078462  PBANKA_0202700
31    PBANKA_020270       456        6  0.0  0.058435 -0.149629  0.797908  2.394020  PBANKA_0202700
32    PBANKA_020270       512        6  0.0 -0.065824 -0.243900  0.087150  1.508501  PBANKA_0202700
1026  PBANKA_020270       377       11  NaN  0.000000 -0.735071  0.032917 -2.011035  PBANKA_0202700"
