pbanka_id	Gene	Barcodes	PbFertility6_1_GCKO2_t_r1	PbFertility6_2_145480_t_r1	PbFertility6_3_GCKO2_d0_b_mf1_r1	PbFertility6_4_GCKO2_d0_b_mf2_r1	PbFertility6_5_145480_d0_b_mf1_r1	PbFertility6_6_145480_d0_b_mf2_r1	PbFertility6_7_GCKO2_d14_mf1.1_r1	PbFertility6_8_GCKO2_d14_mf1.2_r1	PbFertility6_9_GCKO2_d14_mf2.1_r1	PbFertility6_10_GCKO2_d14_mf2.2_r1	PbFertility6_11_145480_d14_mf1.1_r1	PbFertility6_12_145480_d14_mf1.2_r1	PbFertility6_13_145480_d14_mf2.1_r1	PbFertility6_14_145480_d14_mf2.2_r1	PbFertility6_15_GCKO2_t_r2	PbFertility6_16_145480_t_r2	PbFertility6_17_GCKO2_d0_b_mf1_r2	PbFertility6_18_GCKO2_d0_b_mf2_r2	PbFertility6_19_145480_d0_b_mf1_r2	PbFertility6_20_145480_d0_b_mf2_r2	PbFertility6_21_GCKO2_d14_mf1.1_r2	PbFertility6_22_GCKO2_d14_mf1.2_r1	PbFertility6_23_GCKO2_d14_mf2.1_r2	PbFertility6_24_GCKO2_d14_mf2.2_r2	PbFertility6_25_145480_d14_mf1.1_r2	PbFertility6_26_145480_d14_mf1.2_r2	PbFertility6_27_145480_d14_mf2.1_r2	PbFertility6_28_145480_d14_mf2.2_r2
PBANKA_010110	PbGEM-266100|PbGEM-266092|PbGEM-668501|PBANKA_010110	CAGCGTGATGT	581.0	156.0	4894.0	11979.0	3695.0	4440.0	26369.5	36741.5	27005.5	28563.5	7692.0	6428.5	6842.0	6669.0	529.0	197.5	13469.5	12740.0	4489.5	2961.0	30776.5	29558.5	32734.0	23111.0	6412.0	6451.5	6377.5	5566.0
PBANKA_010630	PbGEM-266763|PbGEM-266755|PbGEM-327723|PBANKA_010630	TTCCATACTAT	1571.5	1613.5	0.0	1.0	823.0	669.0	0.0	0.5	5.0	0.5	773.5	749.0	734.0	785.0	1524.5	1940.0	0.0	1.5	852.5	476.5	1.5	0.0	15.0	0.0	631.5	772.5	727.5	604.0
PBANKA_010660	PbGEM-266811|PBANKA_010660|PbGEM-266819	TTCCGGTGTAC	1176.0	1140.5	64.0	2914.0	1687.5	1733.5	2842.5	3094.0	2706.5	3314.0	259.5	319.0	283.5	320.0	1120.0	1407.5	3394.5	3311.5	1810.5	1223.5	3123.0	2587.0	3436.0	2512.0	211.5	344.5	261.5	281.5
PBANKA_061510	PBANKA_061510|PbGEM-584980|PbGEM-234431|PbGEM-227313|PbGEM-122090|PbGEM-341652|PbGEM-006087|PbGEM-006079|PBANKA_010710	ATTCAAGGGCT	1536.0	1204.5	24.5	1639.0	406.5	507.5	1436.0	1472.0	1397.5	1512.5	315.5	352.5	278.0	311.0	1489.5	1438.0	1761.0	1603.5	466.0	320.5	1219.0	1051.0	1683.5	1172.5	235.0	342.5	247.0	273.5
PBANKA_010950	PbGEM-006359|PbGEM-645824|PbGEM-081709|PbGEM-646439|PbGEM-646935|PbGEM-528412|PbGEM-081717|PbGEM-227604|PbGEM-528271|PbGEM-646605|PBANKA_010950|PbGEM-528130	CCTGGCATAAG	1477.5	1323.0	36.0	1358.5	1232.0	1373.5	1232.0	1394.0	1336.0	1529.0	2327.0	2508.0	1902.0	2527.5	1304.0	1617.5	1766.0	1492.5	1379.5	938.5	1413.5	1087.5	1647.0	1115.5	1890.0	2854.0	1879.0	2128.0
PBANKA_010970	PBANKA_010970|PbGEM-267147|PbGEM-665869|PbGEM-267139	GTCTTGGGGAC	1310.0	1007.5	29.5	870.0	1217.5	1334.0	722.0	735.0	794.0	948.0	1156.5	1191.5	1747.0	1824.5	1272.5	1239.5	1021.5	917.5	1275.5	949.0	813.0	519.0	855.0	728.5	1028.0	1288.5	1609.0	1836.5
PBANKA_011000	PBANKA_011000|PbGEM-267179|PbGEM-673005|PbGEM-267187	TAAGTAGGAGT	1469.5	1133.0	0.0	3.5	268.0	264.5	0.0	0.0	3.0	3.0	511.0	321.5	722.0	273.0	1379.0	1338.0	8.5	3.0	298.5	255.5	2.0	0.0	5.0	0.0	435.5	332.0	567.5	240.5
PBANKA_011040	PbGEM-646989|PBANKA_011040|PbGEM-267227|PbGEM-667445|PbGEM-267235	ATAGCGGCCCC	2896.5	2493.0	66.5	3504.5	1463.0	1615.5	1461.0	1792.0	1308.5	2274.0	828.5	782.0	694.0	775.5	2793.5	3043.5	3571.5	3664.0	1562.5	955.5	1733.0	1464.0	1748.0	1883.0	834.5	762.0	737.0	598.0
PBANKA_020160	PbGEM-267595|PbGEM-533243|PBANKA_020160|PbGEM-267587	TGTTATCTTCA	1586.0	1204.5	1.5	23.5	55.5	71.5	93.0	57.5	176.5	20.5	0.0	17.0	1.0	61.0	1558.5	1437.0	20.5	16.0	91.0	40.5	95.5	54.5	201.0	21.0	0.0	15.0	1.0	77.5
PBANKA_020300	PBANKA_020300|PbGEM-228233|PbGEM-672653|PbGEM-327915|PbGEM-264972|PbGEM-007051	ACCGAATAACT	1446.5	1085.5	17.0	598.5	314.5	409.5	965.0	1963.0	1537.0	1194.5	82.5	71.5	39.5	64.5	1395.0	1350.0	659.5	714.0	437.0	314.0	1145.5	1339.5	1897.0	1018.0	74.5	65.5	21.5	75.5
PBANKA_020900	PbGEM-268547|PBANKA_020900|PbGEM-268555|PbGEM-328099	ACCACCTCCAC	3617.0	2786.0	7.0	411.5	235.0	267.0	643.5	848.5	952.0	1217.5	292.0	373.5	444.0	439.5	3553.0	3263.0	464.0	506.0	233.0	161.0	689.5	675.5	1225.0	818.0	279.0	342.0	398.5	307.5
PBANKA_021060	PbGEM-328147|PbGEM-008117|PBANKA_021060|PbGEM-668093|PbGEM-537907|PbGEM-229769|PbGEM-341724	GCTGACGCCGT	703.0	553.0	0.0	0.0	27.5	66.5	0.0	0.0	0.0	0.5	0.0	0.0	0.0	0.5	699.5	653.0	0.0	0.0	64.0	44.5	0.0	0.0	1.0	1.0	0.0	0.0	0.0	0.0
PBANKA_030240	PbGEM-227820|PBANKA_030240|PbGEM-083031|PbGEM-083023	AATGGTCGATC	1165.5	834.0	24.0	1297.5	1939.0	2329.5	970.0	2037.5	1692.0	1492.0	2816.0	2565.5	2747.0	2755.0	1074.5	1001.0	1499.5	1325.5	2248.0	1499.0	1032.0	1564.0	2104.5	1160.0	2255.0	2530.0	2944.0	2373.0
PBANKA_030480	PbGEM-527043|PbGEM-539627|PBANKA_030480|PbGEM-269835|PbGEM-269851|PbGEM-527035|PbGEM-269843|PbGEM-269827|PbGEM-328451|PbGEM-646801|PbGEM-527555	CGCGTTTTACC	644.0	493.0	29.0	2106.0	130.5	200.5	2807.0	3373.5	2496.5	2999.5	236.5	189.0	331.0	141.0	597.5	631.5	2211.0	2198.0	175.0	122.0	3202.0	2927.5	3144.5	2471.5	207.5	191.0	323.0	93.0
PBANKA_030770	PbGEM-270179|PbGEM-270171|PbGEM-270187|PBANKA_030770	CTACGATGAAC	1437.0	1110.5	47.0	2167.0	1802.5	2184.0	1494.5	1813.0	2017.5	1736.0	1317.0	925.0	1052.0	823.0	1338.5	1317.5	2570.0	2387.0	1997.0	1416.0	1710.5	3680.0	2805.0	1767.5	1077.0	1215.0	1028.5	648.5
PBANKA_030780	PbGEM-270195|PbGEM-328531|PBANKA_030780|PbGEM-675205|PbGEM-270203|PbGEM-533443	AAAGATAATAT	536.5	416.0	8.0	494.5	1009.5	1086.0	142.5	125.5	276.0	181.0	307.5	187.0	192.5	319.0	526.0	541.5	627.5	564.0	1157.5	703.0	197.5	122.0	302.0	167.0	240.5	188.5	167.5	262.0
PBANKA_030810	PBANKA_030810|PbGEM-672789|PbGEM-270227|PbGEM-270235	GTCCTGGGAGG	1527.0	1151.0	3.5	403.0	447.5	572.0	663.5	902.5	580.0	967.0	184.0	116.0	174.0	372.5	1386.5	1435.0	526.0	481.0	545.5	364.0	825.0	643.0	722.5	766.0	154.0	136.5	195.0	295.0
PBANKA_030820	PbGEM-270259|PbGEM-646997|PbGEM-270251|PbGEM-646928|PBANKA_030820|PbGEM-270243	GTTAGCATGCA	1328.0	1214.0	91.0	4931.5	5104.5	5698.0	4743.5	6500.0	6521.0	7721.5	6639.5	6044.5	6835.0	7005.5	1276.0	1546.0	5090.5	5111.0	5730.5	3953.5	5435.0	5713.0	7926.0	6484.5	5377.5	5757.5	6472.0	5966.5
PBANKA_030960	PbGEM-229158|PBANKA_030960|PbGEM-328571|PbGEM-010026|PbGEM-010018	TGATCTGCGTT	1424.5	1116.0	12.0	742.0	2027.5	2084.0	11.0	0.5	32.5	11.0	167.5	182.5	136.0	138.0	1402.0	1408.0	820.0	728.5	2172.5	1454.0	11.0	0.0	41.5	13.0	132.0	222.0	165.0	137.5
PBANKA_030980	PbGEM-083568|PBANKA_030980|PbGEM-010058|PbGEM-083560|PbGEM-229205	TTCGGGTAACG	1471.5	1392.5	12.5	615.0	1092.5	1081.5	719.5	1116.0	1369.5	1401.0	2330.5	2214.0	1600.5	1897.0	1328.0	1737.5	716.5	673.0	1131.5	892.0	919.5	1284.0	1724.0	1056.5	1939.0	2191.0	1522.0	1553.5
PBANKA_031190	PbGEM-229647|PBANKA_031190|PbGEM-328627|PbGEM-010352|PbGEM-341812	TGTTGTCTCGG	1462.5	1361.5	142.5	7013.5	2164.0	2621.0	5321.0	5566.5	4232.0	4638.0	1603.5	1911.0	1940.0	2305.0	1426.0	1752.0	7984.5	7207.0	2504.0	1696.0	6669.5	4400.5	4791.5	3956.5	1528.0	1747.0	1731.0	1741.5
PBANKA_031220	PBANKA_031220|PbGEM-270818|PbGEM-328643|PbGEM-270826|PbGEM-270834	GACGACACGAT	1104.5	927.0	13.0	864.0	1055.5	1162.0	0.0	0.0	0.0	1.5	0.0	0.5	0.5	0.0	1101.5	1072.5	908.5	965.0	1243.5	741.5	0.5	0.0	0.0	6.0	0.5	0.0	1.0	0.5
PBANKA_031230	PbGEM-270842|PbGEM-270850|PBANKA_031230|PbGEM-270858	ATTATGGAATG	1516.5	1040.0	10.0	698.0	887.0	968.0	60.0	184.5	5.0	23.0	299.5	194.0	201.0	256.5	1456.5	1221.0	782.5	681.5	1036.5	551.0	63.5	148.5	4.5	21.0	202.5	193.5	233.0	219.0
PBANKA_031330	PbGEM-646965|PbGEM-647083|PbGEM-270954|PbGEM-270946|PBANKA_031330|PbGEM-328667|PbGEM-270938	TTTGTTTAACC	1160.0	981.0	57.0	2922.5	2726.5	2821.0	2059.5	1678.0	1626.5	2042.0	3679.5	3552.0	3186.0	3174.0	1030.0	1195.5	3393.0	3176.0	3073.0	1998.0	2429.0	1879.0	1919.5	1508.5	3434.5	3570.5	3007.5	2609.0
PBANKA_031340	PbGEM-270970|PBANKA_031340|PbGEM-270978|PbGEM-270962	GAATACAGCAC	1081.5	986.0	4.0	59.0	534.0	643.0	211.0	226.0	188.5	148.0	1074.5	975.0	1335.0	1472.5	1013.5	1189.5	44.0	48.5	643.5	447.5	243.5	181.0	227.0	144.0	873.0	849.5	1351.0	1239.5
PBANKA_031380	PbGEM-341820|PBANKA_031380|PbGEM-230078|PbGEM-010621|PbGEM-668989|PbGEM-646764|PbGEM-010613	ACCGCCATCCA	2785.0	2140.0	4.0	125.0	206.0	194.0	101.5	9.5	39.0	14.0	206.0	101.5	122.0	256.0	2665.0	2536.0	155.0	133.0	229.0	142.5	121.0	6.0	31.5	10.0	176.5	120.0	115.5	181.5
PBANKA_040110	PbGEM-230519|PbGEM-084034|PbGEM-645653|PbGEM-645687|PBANKA_040110|PbGEM-084042|PbGEM-328763	GATCATAGGTC	1459.0	1157.0	0.0	0.5	220.0	273.0	0.0	0.0	0.0	0.0	0.0	0.0	0.5	0.0	1428.5	1395.0	0.0	0.0	185.0	184.0	0.0	0.0	0.0	0.0	0.0	0.0	0.0	0.5
PBANKA_040230	PbGEM-011177|PbGEM-230789|PbGEM-011169|PBANKA_040230	GGCAGTATCGA	1365.0	1110.5	0.0	3.0	10.5	17.5	0.0	0.0	0.0	0.0	0.0	0.0	4.0	1.0	1286.0	1294.0	5.0	0.0	33.5	5.0	1.5	0.0	1.5	0.0	0.0	0.0	1.0	0.0
PBANKA_040750	PBANKA_040750|PbGEM-229574|PbGEM-011897	AACAGGGTTCC	1186.0	985.5	23.0	1128.5	2987.0	3443.5	0.0	3.5	1.0	2.0	1.0	2.0	0.0	1.0	1190.5	1177.5	1239.5	1253.5	3707.5	2195.0	2.0	1.5	0.0	0.0	0.0	0.0	0.0	0.0
PBANKA_040760	PbGEM-084472|PbGEM-084480|PbGEM-229600|PBANKA_040760|PbGEM-673141|PbGEM-011913	AAACCCCGACA	1338.5	996.5	7.5	256.0	893.0	856.0	306.0	237.5	345.0	371.0	485.5	445.0	471.0	460.0	1209.5	1252.5	321.0	298.5	914.0	646.0	396.5	199.0	416.5	286.0	489.0	387.5	496.0	411.5
PBANKA_040910	PbGEM-229874|PbGEM-533627|PBANKA_040910	AAACGAATTGT	1675.0	1232.0	2.0	129.0	48.5	46.0	0.0	0.0	0.5	24.5	0.0	1.5	0.0	0.0	1671.5	1521.5	72.0	78.5	41.5	41.0	1.0	0.0	0.0	17.5	0.0	0.0	0.0	0.0
PBANKA_040930	PbGEM-341860|PbGEM-084562|PBANKA_040930|PbGEM-084570|PbGEM-012122|PbGEM-328987|PbGEM-229916	TCATTTCTAGC	449.0	314.0	1.0	42.0	379.5	389.5	0.0	0.0	2.0	1.0	312.5	226.0	161.5	148.0	341.5	320.5	60.0	49.0	400.5	218.0	0.0	1.0	0.0	0.0	268.5	251.5	206.0	138.5
PBANKA_041320	PbGEM-272682|PbGEM-272674|PbGEM-329067|PbGEM-272666|PBANKA_041320	GATGATAGTCG	1152.0	908.0	7.0	295.5	183.5	196.0	84.5	192.0	93.0	225.0	65.5	86.0	44.5	75.0	1110.5	1028.5	366.0	357.5	178.0	132.5	125.0	140.0	135.0	168.5	47.5	76.5	44.0	50.0
PBANKA_041450	PbGEM-272858|PbGEM-272850|PBANKA_041450	GAAGCTAATGC	963.5	788.5	54.0	3184.0	1590.0	1879.0	3880.0	5695.0	4213.5	4536.0	421.0	120.0	80.5	59.5	999.5	926.0	3529.0	3467.0	1746.0	1257.5	4579.0	4272.0	4925.0	3629.0	333.5	118.0	83.0	133.0
PBANKA_041590	PbGEM-673581|PBANKA_041590|PbGEM-273050|PbGEM-273042	AGATCCTCGAC	1183.0	1202.0	67.0	3436.0	2226.0	2627.0	4361.5	4980.5	4605.0	4661.0	4075.0	3452.0	3930.0	4672.0	1166.5	1430.0	3751.5	3479.5	2547.0	1787.0	5016.5	3627.0	5890.5	3899.5	3611.0	3401.5	3605.5	4106.0
PBANKA_041830	PbGEM-273330|PbGEM-329195|PbGEM-671749|PbGEM-273338|PBANKA_041830|PbGEM-646804|PbGEM-533691	CCTATCACAGC	1064.5	799.5	83.5	3951.5	6403.5	7052.0	491.0	849.0	501.5	640.0	6781.5	5816.0	6474.5	6715.0	991.5	1078.5	5085.0	4121.0	6982.5	5003.0	516.5	609.5	541.0	490.0	5521.5	6076.0	6386.5	5850.5
PBANKA_050120	PbGEM-273538|PBANKA_050120|PbGEM-273546|PbGEM-329235	CTCGGGAGGGG	552.5	125.0	4324.5	4489.0	3225.0	3578.5	9575.0	12357.5	10613.0	10872.0	7245.5	6651.5	7214.0	6510.0	489.5	150.0	5317.5	4586.0	3841.0	2556.5	11572.0	10373.5	12707.5	8976.0	6112.5	6632.5	7110.0	5601.0
PBANKA_050440	PbGEM-014069|PbGEM-085523|PbGEM-014061|PbGEM-232102|PBANKA_050440|PbGEM-329331	TCGCATAGTCC	3373.5	2478.0	40.0	1702.0	844.0	1156.0	445.5	554.0	752.5	764.0	2181.5	1864.5	1986.5	1996.5	3154.0	2940.5	1900.5	1963.5	1095.5	698.5	578.0	380.0	881.5	574.5	1903.5	1898.0	1908.5	1665.0
PBANKA_050530	PBANKA_050530|PbGEM-329363|PbGEM-274122|PbGEM-274114	TAGATCCATCT	1706.5	1277.0	4.5	271.5	338.5	457.5	0.0	1.0	1.0	18.0	130.0	232.5	333.0	218.5	1665.5	1574.0	308.5	309.5	350.5	270.0	0.0	0.0	1.5	7.5	125.0	262.0	333.5	228.0
PBANKA_050570	PBANKA_050570|PbGEM-085598|PbGEM-014256|PbGEM-230776|PbGEM-667061	TACCATAGAAG	1240.0	883.5	28.5	1582.0	2366.5	2451.5	2571.5	3210.5	2477.0	2421.5	1597.0	1704.0	1570.5	1505.0	1073.0	1109.0	1851.0	1707.0	2529.0	1682.5	2980.5	2523.0	3129.0	2389.5	1342.5	1758.5	1492.5	1270.5
PBANKA_051060	PbGEM-329547|PbGEM-646729|PbGEM-274850|PBANKA_051060	CGTGTGATGCC	353.5	89.5	20.5	1138.5	254.0	316.5	1930.5	3286.5	2938.5	2677.5	0.0	0.0	1.0	1.5	358.5	120.5	1215.5	1277.0	259.0	184.5	2312.5	2932.5	3549.5	2178.5	58.0	2.5	0.0	0.0
PBANKA_051140	PbGEM-085936|PBANKA_051140|PbGEM-015084|PbGEM-231569	GCGCATCTTTC	548.0	461.0	5.5	201.5	722.5	845.5	1237.0	1146.5	1343.0	1463.5	1938.5	2155.0	2159.0	2170.0	536.0	546.0	241.0	278.5	785.5	565.5	1452.5	961.5	1870.0	1295.5	1595.5	2236.5	2035.0	1834.5
PBANKA_051390	PbGEM-329643|PbGEM-275250|PbGEM-275258|PbGEM-671109|PBANKA_051390|PbGEM-275266	TCCCATCAAAC	978.0	732.0	0.5	3.0	545.0	627.5	0.0	0.0	0.0	0.0	0.0	1.0	0.0	0.5	846.5	863.0	0.5	1.5	570.5	408.0	0.0	0.0	0.0	0.0	0.0	0.0	0.0	0.0
PBANKA_051630	PbGEM-232246|PbGEM-015779|PBANKA_051630	TGCGATTGGAA	1500.5	1084.0	48.5	3338.5	5303.5	5964.0	2.0	0.0	1.5	5.5	253.0	118.0	280.0	229.5	1391.5	1433.0	3576.5	3609.5	6019.0	4081.0	1.0	4.0	4.5	8.0	208.0	124.0	228.5	199.5
PBANKA_051990	PBANKA_051990|PbGEM-276162|PbGEM-276170|PbGEM-276178	AATTCTCCTAG	1293.5	995.5	5.0	228.0	842.0	805.5	76.5	0.0	0.0	1.0	18.0	4.0	4.0	15.0	1166.0	1208.0	287.0	258.5	925.5	636.0	78.5	0.0	1.0	0.0	19.0	1.0	1.5	12.0
PBANKA_060120	PbGEM-276866|PBANKA_060120|PbGEM-329947|PbGEM-276858	TTATCACGCGT	1559.0	1159.0	5.0	158.0	49.0	51.5	425.0	512.5	457.5	420.5	60.5	5.0	16.0	36.0	1388.5	1503.5	206.5	178.5	36.0	22.0	434.0	336.0	497.0	389.0	34.5	8.5	19.0	20.0
PBANKA_061040	PbGEM-448900|PbGEM-072354|PbGEM-671013|PbGEM-646538|PbGEM-018467|PBANKA_061040|PbGEM-448908|PbGEM-646755|PbGEM-448892|PbGEM-528206|PbGEM-645757|PbGEM-646372|PbGEM-087402|PbGEM-528065|PbGEM-233510|PbGEM-330147|PbGEM-528347|PbGEM-448884	CTTACATTGGT	1299.5	1017.5	1.0	1.5	9.0	5.0	0.0	0.0	0.5	0.0	0.0	0.0	0.0	1.5	1279.5	1220.5	0.0	0.0	9.5	4.0	0.0	0.0	1.0	0.0	0.0	0.0	0.0	0.5
PBANKA_061230	PbGEM-278202|PBANKA_061230|PbGEM-278194	CCAATCCTCGG	1517.5	1284.5	1.0	31.5	313.0	376.0	0.0	1.0	0.5	0.5	1.0	0.0	0.0	0.0	1620.0	1469.5	27.0	29.5	404.5	238.0	2.0	0.0	0.0	0.5	0.0	0.0	0.0	0.0
PBANKA_061240	PbGEM-233941|PbGEM-018725|PBANKA_061240|PbGEM-647227|PbGEM-087565	GTACAGCTTGT	2929.5	2251.5	1.0	2.0	392.0	488.0	0.0	2.0	0.0	0.5	757.5	862.0	927.5	761.0	2674.0	2699.0	2.0	1.0	580.5	332.5	2.0	1.0	1.5	0.0	626.5	734.5	864.5	651.5
PBANKA_061610	PbGEM-234590|PbGEM-019261|PBANKA_061610	GCTGGCGAAAT	1138.5	897.0	34.0	1303.5	1555.5	1875.0	614.5	889.5	691.0	1023.5	1872.5	1883.5	1966.5	2367.0	1105.0	1066.0	1470.0	1408.0	1722.0	1352.0	664.0	654.0	895.5	782.0	1584.5	1864.0	1948.0	2208.5
PBANKA_061670	PbGEM-646732|PbGEM-072498|PBANKA_061670	TCTCGGTTAT	433.5	123.0	817.0	764.0	561.5	697.0	1.0	0.5	1.0	1.0	412.0	682.0	706.5	421.5	432.0	138.5	963.5	758.0	593.5	401.5	0.0	0.0	28.0	3.0	321.5	586.0	630.0	367.0
PBANKA_061880	PbGEM-019644|PbGEM-234940|PBANKA_061880|PbGEM-674269|PbGEM-019636	GGTGATTATCC	1765.5	1357.5	2.0	67.0	167.0	200.0	0.0	0.0	3.5	0.0	11.0	105.5	136.0	29.5	1644.0	1591.0	107.0	96.5	266.5	146.0	0.0	0.0	5.5	0.0	14.0	101.5	116.5	14.5
PBANKA_062140	PBANKA_062140|PbGEM-279586|PbGEM-666365|PbGEM-279578	CACGCGCGGAC	229.0	256.5	5.5	346.5	90.5	104.5	3.5	7.0	7.5	8.0	27.0	19.0	45.5	46.5	224.0	304.5	341.0	338.5	104.5	62.0	3.0	1.0	11.0	5.5	23.5	3.5	38.0	29.5
PBANKA_062250	PbGEM-330419|PbGEM-235813|PbGEM-020166|PbGEM-341387|PbGEM-020158|PBANKA_062250	CCTCCTGTAGA	1549.0	1361.5	13.5	779.5	489.0	573.0	821.0	1200.0	1013.0	935.5	678.0	837.5	1071.0	787.0	1376.0	1631.0	939.5	815.0	603.5	407.0	1022.0	859.0	1243.0	713.0	613.0	844.0	1095.5	646.5
PBANKA_070410	PbGEM-020836|PbGEM-088775|PbGEM-233698|PBANKA_070410	CCATGCTATCA	1764.0	1378.5	1.5	82.5	161.0	202.5	0.0	0.0	0.0	0.5	34.0	40.5	93.0	96.0	1700.5	1651.0	102.0	122.5	237.0	124.0	0.5	0.0	0.0	0.0	33.0	69.0	72.5	76.0
PBANKA_070570	PbGEM-280594|PBANKA_070570|PbGEM-280602|PbGEM-330667	GCCAGGGTCCT	1062.0	993.0	2.5	54.5	327.5	433.0	3.0	21.5	4.0	5.0	413.0	481.0	478.0	649.0	1043.5	1258.5	37.5	54.0	395.5	234.0	10.0	5.0	0.0	0.0	335.0	496.5	427.5	486.5
PBANKA_070590	PbGEM-280634|PbGEM-280642|PbGEM-646812|PbGEM-330683|PBANKA_070590|PbGEM-280626	AACAGGGAGAG	1347.5	1335.0	32.0	1929.5	1145.5	1277.5	2018.0	2503.5	1720.5	2514.5	747.0	703.5	889.0	958.0	1215.0	1601.5	2124.0	1982.0	1213.5	864.0	2222.5	1900.5	2274.5	1951.0	663.5	629.5	925.0	851.0
PBANKA_070620	PbGEM-121346|PbGEM-192458|PBANKA_070620|PbGEM-675397|PbGEM-021157|PbGEM-234172|PbGEM-528060|PbGEM-646367|PbGEM-021165|PbGEM-646533|PbGEM-528342|PbGEM-645752|PbGEM-528201	GCCTTCAACGG	1078.0	816.0	126.5	5471.0	6208.5	7056.5	7772.0	10547.0	8021.0	9188.0	7948.0	7791.5	6746.0	9323.0	1021.5	990.0	5908.0	5989.0	6896.5	4843.0	8829.5	8190.5	10166.5	7140.5	6735.5	7465.5	7650.0	7680.5
PBANKA_071230	PbGEM-281562|PbGEM-281554|PBANKA_071230	CACCCCAGGAG	1251.5	1235.0	77.5	5065.0	4343.5	4582.5	117.0	118.5	149.5	119.0	276.5	315.5	245.5	494.5	1258.5	1464.0	5642.0	5397.0	4811.5	3213.0	122.5	113.0	160.0	82.0	245.5	273.0	231.0	416.0
PBANKA_071610	PbGEM-281986|PbGEM-282002|PBANKA_071610|PbGEM-281994|PbGEM-674981|PbGEM-330971	TCAGAAGCGCC	776.0	540.5	5.0	193.0	601.5	688.0	90.5	299.0	248.5	278.5	849.5	570.0	781.5	737.0	808.5	775.0	314.0	260.5	712.5	482.5	123.5	195.5	274.0	187.5	657.5	456.5	779.5	680.5
PBANKA_071620	PBANKA_071620|PbGEM-282018|PbGEM-330979|PbGEM-282010	ATAAGGACCAC	1243.5	915.5	16.0	702.5	323.0	381.5	371.0	452.5	464.0	600.0	388.5	262.5	293.0	336.5	1155.5	1151.5	773.5	735.0	368.0	224.5	1047.5	370.5	642.0	489.0	325.0	235.0	300.0	263.0
PBANKA_071670	PbGEM-022705|PBANKA_071670|PbGEM-236237	GTTAATCGCAG	3741.5	2916.0	6.5	317.5	1287.0	1569.0	241.5	334.0	297.5	389.0	1377.0	1013.5	1359.0	1190.5	3523.5	3449.5	413.5	352.0	1581.0	1040.5	228.0	302.5	299.0	299.5	1065.5	960.5	1377.5	942.5
PBANKA_071840	PbGEM-664453|PbGEM-089808|PBANKA_071840|PbGEM-646784|PbGEM-236544|PbGEM-022900	TACACAAAAAG	1679.0	1213.0	0.5	40.5	149.0	168.0	1.0	0.0	0.5	18.5	23.0	65.5	26.5	6.0	1562.0	1453.5	44.5	50.5	192.5	101.0	0.0	0.0	0.5	8.0	8.0	48.5	21.5	1.0
PBANKA_072020	PbGEM-331067|PbGEM-282498|PbGEM-665925|PBANKA_072020	CGTTCGGATTT	1120.0	1197.5	3.0	138.5	479.5	603.0	19.5	10.5	17.5	127.5	0.0	0.0	0.5	5.0	1072.5	1384.5	159.0	181.5	605.0	394.0	19.0	10.0	10.5	100.5	0.0	0.0	1.0	8.0
PBANKA_080040	PbGEM-331139|PbGEM-645666|PbGEM-282770|PbGEM-645734|PBANKA_080040|PbGEM-282778|PbGEM-282762	TTCTTTGTTAT	1329.5	969.0	70.5	2826.5	10069.0	11955.5	5971.0	9272.0	5353.5	6867.5	14580.0	12731.0	14757.0	15781.5	1247.5	1302.5	3631.0	3163.5	11330.5	8112.0	6908.0	7285.0	6624.5	5601.0	12392.5	12832.5	14586.0	13062.5
PBANKA_080050	PbGEM-331147|PbGEM-539603|PbGEM-646762|PbGEM-282794|PBANKA_080050|PbGEM-534459|PbGEM-282802|PbGEM-467247|PbGEM-282786	GTAAGCGCTGC	1282.0	1284.0	69.5	3149.5	2220.0	2687.0	6539.5	7209.0	6731.5	6422.0	5776.0	5359.0	5561.5	5930.5	1216.0	1464.5	3934.5	3451.5	2547.0	1843.5	7263.0	6691.0	7953.5	5075.0	5028.5	5330.0	5380.5	4861.0
PBANKA_080130	PbGEM-282946|PbGEM-331195|PbGEM-671901|PbGEM-282938|PBANKA_080130|PbGEM-646813	TAGCGTCGAGG	1163.0	899.5	12.0	326.0	193.0	210.0	810.5	1101.0	796.0	846.0	501.0	651.0	673.5	573.5	1095.0	1098.5	385.0	357.5	201.5	165.0	1101.5	867.0	938.5	702.5	401.0	640.0	652.0	467.0
PBANKA_080360	PbGEM-283146|PbGEM-670997|PBANKA_080360|PbGEM-283154|PbGEM-283138	GGGGATTACTG	1474.5	1320.0	1.5	121.5	481.0	480.0	1.0	0.0	1.5	1.5	361.0	508.5	498.5	244.0	1434.0	1553.5	138.5	135.0	497.0	313.5	0.0	0.5	0.0	0.5	279.5	496.0	472.0	208.5
PBANKA_080570	PBANKA_080570|PbGEM-331363|PbGEM-024187|PbGEM-665037|PbGEM-236235	GAGCTTCTTCG	1443.0	1185.5	0.0	1.0	0.0	0.5	0.0	1.5	0.0	0.0	4.0	1.0	0.0	0.0	1478.5	1467.5	1.0	0.0	15.0	6.0	0.5	0.0	0.5	0.0	6.5	0.0	0.0	1.0
PBANKA_080580	PbGEM-283490|PbGEM-283474|PBANKA_080580|PbGEM-665045|PbGEM-283482|PbGEM-534507	CAATTGGTCGT	1715.0	1214.0	16.5	1010.5	463.5	510.5	1254.5	1986.5	1060.5	1441.0	92.0	89.5	7.5	41.5	1628.5	1559.5	1161.0	1182.0	566.0	374.0	1216.0	1466.0	1354.0	1213.0	77.0	79.0	16.5	25.0
PBANKA_080890	PbGEM-024664|PbGEM-236907|PBANKA_080890|PbGEM-331459	TACGCCCCTGG	2701.0	2028.5	7.0	336.0	1012.0	1366.5	0.0	0.0	2.0	0.0	770.0	700.0	837.5	931.5	2516.5	2401.0	425.0	428.0	1091.5	945.5	0.5	0.0	2.0	0.5	580.5	680.0	845.0	820.0
PBANKA_081280	PBANKA_081280|PbGEM-284138|PbGEM-284146	GCGGGACCGTG	864.0	683.5	33.0	1552.5	1670.5	2026.5	2245.0	3340.5	2262.0	3084.5	2597.0	2521.5	2436.5	3156.5	797.0	874.0	1808.5	1591.0	1925.5	1419.5	2830.0	2644.5	2934.0	2429.0	2069.5	2583.0	2368.5	2595.0
PBANKA_081910	PbGEM-284922|PbGEM-284914|PBANKA_081910|PbGEM-669445	TGGCTTCGCTC	1193.5	996.5	28.0	1429.0	1487.0	1733.0	2540.0	2799.5	2734.5	2606.0	8267.0	7943.5	6844.0	8254.0	1205.5	1193.0	1646.0	1668.5	1586.0	1103.0	3038.5	1955.5	3549.0	2199.5	6894.5	7701.5	6667.0	6769.0
PBANKA_081970	PbGEM-026070|PbGEM-239470|PBANKA_081970|PbGEM-331699	GCTAAGATTCA	1463.5	1366.5	12.5	1006.5	2076.0	2712.0	1530.0	1551.5	1344.0	1843.5	2432.0	2479.0	2345.0	2866.0	1287.0	1673.0	1188.5	1154.5	2558.5	1798.5	1690.5	1280.0	1789.5	1492.5	1988.0	2348.0	2222.5	2265.0
PBANKA_082100	PbGEM-647371|PbGEM-026222|PBANKA_082100|PbGEM-646953|PbGEM-239805|PbGEM-091332	TGTTATTTAAG	1325.0	1259.0	42.5	2001.5	2636.0	2665.5	995.0	630.0	570.5	553.5	1041.0	1155.5	672.0	993.0	1289.5	1552.0	2117.0	2100.0	2862.5	1729.0	1071.5	416.0	697.5	482.5	961.0	1116.0	699.0	803.0
PBANKA_082160	PbGEM-285106|PBANKA_082160|PbGEM-673173|PbGEM-285114	CAACATCGGGT	1396.5	1485.5	23.5	1601.5	2974.5	3455.5	2466.5	2736.5	2271.0	2517.0	5515.5	5966.5	5871.5	7465.5	1477.0	1882.0	1646.0	1595.0	3332.0	2294.5	2761.0	2054.5	2933.5	2023.0	4930.0	5642.5	5690.0	6315.0
PBANKA_082750	PbGEM-259708|PBANKA_082750|PbGEM-026953|PbGEM-666501|PbGEM-026961|PbGEM-331867|PbGEM-646711	GGTCCGGTTCG	1354.0	987.0	16.5	543.5	2099.5	2223.5	341.5	304.5	479.0	446.5	68.0	6.0	52.0	69.5	1229.0	1251.5	542.0	534.5	2261.5	1482.5	505.5	235.5	520.0	315.5	74.0	12.0	37.0	64.0
PBANKA_082780	PbGEM-285786|PBANKA_082780|PbGEM-285794|PbGEM-285802|PbGEM-331875	ACTGTGGGCGA	1560.5	1162.5	0.0	5.5	9.5	6.0	0.0	2.0	2.0	0.0	0.0	0.0	0.5	0.0	1527.0	1392.0	0.0	5.0	4.5	2.0	0.0	0.0	1.0	0.0	0.0	0.0	0.0	0.0
PBANKA_082940	PbGEM-285962|PbGEM-285954|PBANKA_082940	ACAGTATTGCT	1087.5	915.5	58.5	2681.5	7479.5	8508.5	1926.0	1850.0	1959.5	2199.0	2255.5	2142.5	1692.5	2022.0	1041.0	1129.5	3026.5	2885.5	8798.0	5637.0	2475.5	1389.5	2634.0	1802.5	2096.5	2079.5	1712.0	1637.0
PBANKA_083290	PBANKA_083290|PbGEM-286402|PbGEM-646814|PbGEM-286410	TTACTGCAAGC	1349.5	1015.0	11.0	511.5	636.5	904.5	276.5	522.0	375.0	297.5	1775.0	1403.5	1696.5	1580.5	1266.5	1222.0	602.5	607.0	756.5	543.5	313.0	410.5	469.5	220.0	1457.0	1370.5	1671.0	1340.5
PBANKA_083300	PbGEM-286418|PbGEM-665517|PbGEM-286426|PBANKA_083300	ATAGATCGTTT	1491.5	1171.5	5.0	322.5	50.5	51.5	447.0	224.0	322.0	383.5	34.5	40.0	30.0	14.0	1557.0	1541.5	400.5	386.0	45.0	47.5	613.0	181.5	366.0	326.0	42.5	55.5	33.5	7.5
PBANKA_083510	PbGEM-332107|PBANKA_083510|PbGEM-286666|PbGEM-286658|PbGEM-646984|PbGEM-286650|PbGEM-668181	ACGGTCGAGCC	1258.5	950.0	48.5	2948.0	1443.5	1741.5	0.0	0.5	1.5	2.0	2142.5	1971.0	1939.0	2118.0	1139.5	1120.5	3254.0	3218.5	1673.0	1136.0	0.5	1.0	0.0	0.0	1794.0	2084.0	1797.0	1764.5
PBANKA_090260	PBANKA_090260|PbGEM-332267|PbGEM-287258|PbGEM-668389|PbGEM-287266|PbGEM-287250	ATTCTTATAAC	1454.5	1411.5	24.0	1355.5	2822.5	3088.0	2785.0	3656.0	2578.5	3042.0	2042.0	1547.5	1486.0	1802.0	1308.0	1680.5	1487.5	1447.5	3163.5	2218.5	3384.0	2790.0	3375.0	2686.5	1772.0	1628.0	1566.5	1486.5
PBANKA_090610	PBANKA_090610|PbGEM-287666|PbGEM-287674|PbGEM-332331	AATGTACATGA	1293.5	996.0	14.5	636.0	2183.5	2284.5	2183.0	3391.5	2563.0	3106.0	6116.0	6492.5	6038.5	6725.0	1222.5	1178.0	691.5	729.5	2442.0	1675.0	2626.5	2648.0	3325.5	2312.5	5041.0	6310.5	5937.0	5602.0
PBANKA_091020	PbGEM-237758|PbGEM-029676|PbGEM-029668|PBANKA_091020	AGCAGTAACCC	1217.0	1223.5	18.0	877.0	590.0	689.0	0.0	1.5	1.0	1.0	436.5	452.0	508.0	660.0	1123.5	1501.5	965.5	1026.0	634.0	418.0	0.5	0.0	0.0	0.0	391.0	462.5	538.5	589.5
PBANKA_091130	PBANKA_091130|PbGEM-668261|PbGEM-288354|PbGEM-288362|PbGEM-288370	GTAGAAAGGCG	1486.0	1083.0	45.0	2516.0	2489.5	3004.5	15.5	1.5	10.0	37.0	2004.5	1724.0	2319.0	1851.5	1358.0	1312.5	2902.5	2730.5	2666.0	2048.0	17.0	1.0	9.5	34.5	1750.0	1667.5	2447.0	1485.0
PBANKA_091140	PbGEM-288378|PbGEM-332483|PBANKA_091140|PbGEM-288394|PbGEM-288386|PbGEM-646815	TGTCGAGCACT	1048.5	765.5	31.0	1331.0	1954.5	2354.5	669.5	1466.0	1114.5	1358.0	1514.5	1395.5	1920.5	2031.0	1000.0	835.5	1436.0	1499.0	2058.5	1493.0	704.5	1044.5	1354.0	1044.5	1246.0	1283.5	1933.0	1647.5
PBANKA_091660	PbGEM-239300|PbGEM-030591|PbGEM-093464|PBANKA_091660	CCGGCTTCCTC	1181.0	1104.5	35.5	1842.5	567.0	759.0	2310.5	2309.5	1874.5	1744.0	1653.0	1640.5	1551.0	1646.5	1144.0	1288.0	2046.5	2031.0	630.0	496.5	2734.0	2472.0	2314.5	1475.0	1630.0	1640.0	1631.5	1362.5
PBANKA_091710	PBANKA_091710|PbGEM-289201|PbGEM-289209	ATCTGCAATCA	1106.5	943.5	17.0	701.0	726.0	848.5	645.0	571.0	739.0	922.0	796.5	539.5	463.5	474.0	1126.0	1122.5	791.0	711.0	722.0	539.0	1210.0	467.0	1009.0	701.0	593.0	477.0	407.0	432.5
PBANKA_091820	PBANKA_091820|PbGEM-646952|PbGEM-646738|PbGEM-093589|PbGEM-239750|PbGEM-093581	GCGTGGAGATT	1362.0	1212.5	37.5	1947.0	629.5	685.0	411.5	475.0	373.5	383.5	1198.5	1208.0	1241.5	908.5	1298.5	1647.5	2070.0	2239.0	753.5	480.5	422.0	347.5	504.0	339.5	972.0	1192.0	1228.5	885.0
PBANKA_092010	PBANKA_092010|PbGEM-646767|PbGEM-240256|PbGEM-342244|PbGEM-030992	GAACACGTTTT	719.5	528.5	10.0	947.5	1269.0	1548.0	136.0	161.5	175.0	518.5	2254.0	2082.0	2533.0	2108.0	707.5	697.5	1016.0	982.0	1455.0	1088.5	157.5	148.5	238.0	388.5	1840.5	2096.0	2559.5	1880.0
PBANKA_092110	PBANKA_092110|PbGEM-093744|PbGEM-240407|PbGEM-093752	CGACTAGTACC	1639.0	1220.5	108.5	5208.0	7329.0	8490.0	4490.0	5461.0	4568.0	5025.5	4173.0	4323.0	4288.0	4097.5	1545.5	1399.0	5754.0	5895.5	8171.5	5818.0	5293.5	4120.5	6318.0	4127.0	3628.0	4391.0	3850.5	3358.0
PBANKA_092140	PbGEM-240449|PbGEM-538475|PbGEM-093779|PbGEM-332731|PbGEM-673661|PBANKA_092140	TCCCTGGAATG	1388.5	1536.0	57.0	3914.5	1292.5	1386.0	2683.5	2345.5	2652.0	2342.0	1634.0	1731.0	1586.5	1704.5	1434.0	1728.5	4114.5	3770.5	1432.0	1002.5	3106.0	1983.5	2966.5	1931.0	1566.5	1689.5	1416.0	1397.5
PBANKA_092170	PBANKA_092170|PbGEM-289625|PbGEM-332739|PbGEM-289633	GAAGTGTTGGA	1881.5	1342.0	1.0	29.5	84.5	105.5	1.0	70.0	103.5	105.0	119.0	52.0	100.5	42.0	1622.5	1617.5	42.5	42.5	67.0	55.5	0.0	74.5	151.5	102.0	90.5	42.0	113.5	31.5
PBANKA_092550	PBANKA_092550|PbGEM-241235|PbGEM-528103|PbGEM-645796|PbGEM-665637|PbGEM-467283|PbGEM-646577|PbGEM-111850|PbGEM-332843|PbGEM-646411|PbGEM-538507|PbGEM-528244|PbGEM-528385|PbGEM-031597	GGCGATGTTTC	1387.5	1295.5	34.0	805.0	659.5	770.0	2094.5	3086.5	2834.0	2261.0	1284.5	1378.5	947.5	1150.5	1336.5	1526.0	908.5	793.0	765.5	568.0	2284.5	2233.5	3493.0	1983.0	1080.0	1498.0	931.5	981.5
PBANKA_092700	PbGEM-112337|PbGEM-031836|PbGEM-528372|PbGEM-528090|PbGEM-645783|PbGEM-241558|PbGEM-671789|PbGEM-646564|PbGEM-094079|PbGEM-241597|PbGEM-528231|PbGEM-332875|PBANKA_092700|PbGEM-031828|PbGEM-646398	GGTCAGACCCT	1233.5	940.5	18.0	1014.0	178.5	244.5	800.5	725.5	1303.5	1334.5	1041.5	1075.0	862.0	1097.0	1247.5	1177.0	1058.0	1177.0	226.0	189.5	1059.5	967.5	1741.0	993.0	896.5	1150.5	870.5	918.0
PBANKA_093690	PbGEM-528285|PbGEM-094733|PbGEM-646454|PbGEM-528144|PbGEM-033270|PbGEM-646620|PbGEM-240525|PbGEM-528426|PBANKA_093690|PbGEM-645839	CAAAACACGAG	1608.0	1185.5	4.0	105.5	1509.0	1644.5	1.5	0.0	1.5	4.5	4726.5	3690.0	3252.0	3740.5	1605.5	1569.0	106.5	122.0	1563.5	1028.5	3.5	0.0	0.5	1.0	3667.5	3737.5	3487.0	3170.0
PBANKA_093850	PbGEM-333163|PbGEM-033491|PbGEM-240918|PbGEM-646768|PbGEM-033499|PbGEM-646736|PBANKA_093850	CAGGTCTGAAA	1441.5	1073.5	8.5	354.5	138.0	145.5	0.0	59.5	25.5	24.0	88.0	189.0	80.5	190.5	1321.0	1288.0	384.5	396.0	147.5	125.0	0.0	41.5	32.5	21.0	70.0	133.0	92.0	183.5
PBANKA_093890	PbGEM-291872|PbGEM-291880|PBANKA_093890	ATCTTTTATGT	2298.5	2175.5	28.5	1944.0	4238.0	4632.5	865.0	1003.5	1152.5	1660.0	482.5	210.0	311.0	200.0	2152.0	2679.5	2068.5	1965.5	4490.0	3003.0	1074.0	761.0	1415.0	1569.5	397.5	244.5	276.5	188.0
PBANKA_100150	PbGEM-112131|PBANKA_100150|PbGEM-242633|PbGEM-034470|PbGEM-667421|PbGEM-333387|PbGEM-034462|PbGEM-112123	TTGCTTTAGCT	770.5	540.5	26.0	1019.0	229.5	300.5	589.5	524.0	415.0	404.5	756.5	1393.0	898.0	1226.0	693.0	707.0	1132.5	1141.5	261.5	171.0	660.0	391.5	539.5	343.5	641.0	1347.0	896.5	899.5
PBANKA_100240	PbGEM-646442|PBANKA_100240|PbGEM-646608|PbGEM-528415|PbGEM-034607|PbGEM-528133|PbGEM-034599|PbGEM-645827|PbGEM-528274|PbGEM-646757|PbGEM-242836	GTGCTTATCCA	1261.0	969.5	22.0	1013.5	1148.5	1431.5	230.0	65.5	265.5	193.0	254.5	407.5	370.5	181.5	1112.0	1140.5	1148.0	1163.5	1450.0	878.0	258.0	28.5	284.0	135.5	194.5	404.5	404.0	189.5
PBANKA_100500	PBANKA_100500|PbGEM-293216|PbGEM-293224|PbGEM-293232	CCGCGTATTTA	831.0	804.5	72.5	3822.5	2421.5	3016.5	14.0	3.5	3.0	3.5	2497.5	2288.5	2371.5	2719.0	814.5	1038.0	4068.5	4219.0	2682.0	2058.0	22.5	3.0	2.0	2.0	2087.0	2265.0	2252.0	2387.5
PBANKA_100720	PbGEM-265308|PBANKA_100720|PbGEM-262508|PbGEM-035347	TCTCGCTTTGT	3354.5	2642.5	13.0	272.5	268.0	373.0	8.0	8.5	7.0	10.5	461.0	438.5	385.5	227.5	3209.0	3157.5	323.0	319.0	386.5	254.0	12.5	2.5	9.0	8.0	349.0	426.5	320.5	205.5
PBANKA_100950	PbGEM-262692|PBANKA_100950|PbGEM-035680|PbGEM-095995|PbGEM-342396|PbGEM-095987	GTTATAGGCGA	1974.0	1473.5	0.5	3.0	760.5	796.5	0.0	0.0	1.0	1.0	946.5	592.5	896.0	1150.0	1883.5	1742.0	0.0	1.0	808.0	565.5	2.0	1.0	1.0	0.0	779.5	748.5	870.0	953.0
PBANKA_101160	PbGEM-333747|PbGEM-096156|PbGEM-036002|PbGEM-262852|PBANKA_101160	TCACGGCGCCT	1114.5	1017.0	0.0	45.0	138.5	171.5	0.0	0.0	0.5	0.0	24.0	28.5	20.5	21.5	1081.0	1214.0	13.5	42.0	183.5	101.0	0.0	1.0	1.0	0.0	22.5	32.0	30.5	17.5
PBANKA_101440	PbGEM-265348|PBANKA_101440|PbGEM-263052|PbGEM-036394	GGCCAGATCAC	1770.0	1755.0	23.0	916.0	99.5	109.0	189.0	203.0	376.5	205.0	9.5	32.0	7.0	30.5	1675.0	2093.5	994.5	1059.0	115.5	103.5	202.5	178.0	412.0	179.0	7.0	38.0	11.5	33.5
PBANKA_101480	PbGEM-645862|PbGEM-671285|PbGEM-528304|PbGEM-646477|PbGEM-646937|PbGEM-528445|PbGEM-528163|PbGEM-263084|PBANKA_101480|PbGEM-036458|PbGEM-646643|PbGEM-333843	GAGAGGGCTTA	1768.5	1278.0	23.5	988.0	306.0	421.5	831.0	1155.5	810.5	1228.5	303.0	420.0	347.0	125.0	1609.5	1585.5	1045.5	1023.0	316.0	280.5	999.0	882.0	1044.0	1990.5	310.0	384.5	349.0	115.5
PBANKA_101520	PbGEM-263108|PbGEM-036515|PbGEM-669125|PBANKA_101520	ATATGAGAGGT	1334.5	981.5	5.5	350.0	339.0	352.0	1.0	0.0	0.0	1.0	0.0	0.0	0.0	1.0	1161.5	1244.0	407.0	375.5	365.0	226.0	0.0	0.0	0.5	0.0	1.0	0.0	0.0	0.0
PBANKA_101680	PBANKA_101680|PbGEM-333915|PbGEM-036757|PbGEM-036749|PbGEM-096442|PbGEM-263220	ACTTCCGTCAT	734.0	588.5	4.0	139.0	150.5	177.5	59.0	88.0	72.5	86.0	209.0	158.5	282.5	116.0	680.0	691.5	174.5	152.5	179.0	138.0	98.5	79.5	118.0	76.0	178.0	199.0	284.0	75.0
PBANKA_101840	PbGEM-294886|PbGEM-294878|PBANKA_101840|PbGEM-294894	CCTCGCCGGCA	1004.5	1004.5	35.0	2119.5	1790.5	2135.5	448.0	604.5	333.0	630.5	349.0	401.0	238.0	152.0	991.0	1188.5	2341.5	2339.5	2281.5	1524.5	613.5	509.0	419.0	467.0	257.5	382.0	251.0	161.0
PBANKA_102460	PbGEM-295718|PbGEM-295702|PbGEM-295710|PBANKA_102460|PbGEM-334115	CGAGTATGCTT	414.5	103.5	409.0	4148.0	18.5	20.5	7925.5	11392.0	8284.5	9333.5	8.5	77.0	65.0	7.5	398.5	140.5	4796.0	4355.0	13.0	17.5	9481.0	9759.5	10704.0	7490.0	37.5	65.5	53.0	12.5
PBANKA_103170	PbGEM-334339|PbGEM-296590|PbGEM-296598|PBANKA_103170	ATTGATCTGTA	895.0	895.0	20.5	1007.0	824.5	868.0	929.0	1353.0	945.0	1555.0	1214.0	1109.5	1345.5	813.5	838.5	1115.0	1046.5	969.0	891.5	564.0	1131.5	1096.5	1281.5	1232.5	1013.5	960.0	1540.5	674.0
PBANKA_103210	PbGEM-296646|PBANKA_103210|PbGEM-667869|PbGEM-296654|PbGEM-296662|PbGEM-334355	GCGGCCTGTAT	362.5	316.0	19.0	566.5	1552.0	1738.5	1233.5	1087.5	975.5	1288.0	1479.0	1102.0	1103.0	1582.0	434.0	307.0	625.0	693.5	1792.0	1214.0	1392.5	1073.5	1201.5	1099.5	1259.5	1060.0	1062.5	1283.5
PBANKA_103410	PbGEM-672317|PbGEM-039214|PBANKA_103410|PbGEM-242674	AGGGAATGTCG	1455.0	1311.5	12.0	363.5	555.0	533.0	758.0	1048.0	690.0	1080.0	0.5	0.0	0.5	0.5	1374.5	1617.0	462.5	458.5	662.5	379.5	887.5	787.5	885.5	842.5	0.5	0.0	0.5	0.5
PBANKA_103430	PbGEM-646501|PbGEM-334459|PbGEM-645886|PbGEM-226437|PbGEM-242723|PbGEM-528328|PbGEM-528187|PBANKA_103430|PbGEM-039246|PbGEM-646667|PbGEM-528469	CCATAGTCTGG	2519.0	1884.5	9.5	454.5	1612.5	1681.5	1.0	29.5	0.0	0.0	28.5	7.0	1.0	65.5	2421.0	2298.5	460.5	476.0	1716.5	1205.5	3.5	14.5	0.5	0.0	19.5	14.0	0.0	39.5
PBANKA_103440	PbGEM-039262|PbGEM-039254|PbGEM-527259|PbGEM-242747|PBANKA_103440|PbGEM-527722|PbGEM-527267	CGGAGTACGTT	1178.0	855.5	52.0	2704.0	2939.0	3436.5	1175.0	1094.5	1390.0	1217.5	536.0	560.5	947.0	720.0	1052.0	1031.5	2770.5	2771.5	3578.5	2202.5	1248.0	883.5	1644.5	1063.0	428.0	519.0	857.0	588.5
PBANKA_103760	PbGEM-243448|PbGEM-097812|PBANKA_103760|PbGEM-039725	ACTGAAGAAGG	3863.5	2828.5	12.0	1030.0	1103.5	1127.5	35.5	46.0	35.5	40.0	4.0	1.0	5.0	4.0	3532.5	3373.5	1037.5	1022.0	1330.0	668.5	57.0	38.0	72.5	42.0	4.0	4.0	3.5	4.0
PBANKA_104030	PBANKA_104030|PbGEM-297678|PbGEM-297670|PbGEM-645673|PbGEM-674173|PbGEM-645725	AGCAGGTGACC	1572.5	1153.5	315.5	1520.5	2448.5	2775.0	4637.0	6014.0	4980.0	5057.5	5078.0	4901.0	5359.5	5053.0	1403.5	1427.5	1704.0	1620.5	2785.5	1854.0	5466.0	4487.0	6145.5	4159.5	4064.0	5042.5	5455.0	4249.5
PBANKA_110130	PbGEM-244476|PBANKA_110130|PbGEM-456598|PbGEM-040222|PbGEM-334651|PbGEM-040214	CGAGATTAGTC	1396.0	1025.0	7.5	308.5	1121.5	1145.5	769.0	535.5	498.5	430.5	1958.5	2032.5	2225.5	2643.0	1300.0	1194.0	348.5	317.0	1183.5	734.0	903.5	460.0	568.0	372.5	1697.0	2246.0	2308.0	2133.5
PBANKA_110140	PbGEM-645722|PbGEM-645674|PbGEM-297861|PBANKA_110140|PbGEM-334659|PbGEM-297869	TCTAGTGATGT	1325.5	1061.0	31.0	1482.5	1313.0	1514.5	2365.0	2667.0	2350.0	3127.5	1596.5	1492.0	1671.0	1398.5	1325.5	1297.5	1573.5	1600.5	1523.0	1024.5	2931.5	2208.0	2835.5	2530.0	1343.5	1599.5	1526.0	1166.5
PBANKA_110420	PbGEM-645701|PbGEM-645675|PbGEM-245181|PBANKA_110420|PbGEM-527730|PbGEM-040613|PbGEM-098344|PbGEM-122074	AGTAAGCCTTC	1346.5	1056.5	8.0	680.0	458.5	480.5	0.0	4.0	9.0	3.5	270.0	184.5	204.5	333.0	1271.5	1234.5	653.5	755.0	598.0	361.5	0.0	2.0	17.0	4.0	216.0	161.0	203.5	254.5
PBANKA_110630	PBANKA_110630|PbGEM-334819|PbGEM-298549|PbGEM-298541	AGACACAATGA	1603.5	1289.0	2.5	208.5	308.5	400.0	2.0	2.0	0.0	53.5	929.0	855.5	754.5	597.0	1489.0	1528.0	200.0	210.0	372.5	263.0	7.0	0.0	1.5	47.5	702.5	1055.0	696.5	555.5
PBANKA_110650	PbGEM-334835|PbGEM-341603|PbGEM-245844|PbGEM-040925|PbGEM-098467|PBANKA_110650|PbGEM-098459	GCACCTCTGGC	1314.0	961.5	1.5	3.0	14.0	18.5	0.0	84.5	0.0	1.5	117.5	92.0	95.0	62.0	1229.0	1128.5	3.0	0.0	5.0	13.5	0.0	66.5	0.0	0.0	114.0	66.5	82.0	30.0
PBANKA_110980	PbGEM-298965|PbGEM-667597|PBANKA_110980|PbGEM-298973|PbGEM-298981	CGTCCGTGACT	1259.0	1017.5	1.0	1.0	175.0	212.0	1.0	0.0	0.0	0.0	362.5	138.5	242.0	297.0	1256.5	1198.5	1.0	6.0	242.5	179.5	0.0	0.0	0.0	0.0	298.5	154.0	208.0	298.5
PBANKA_111100	PbGEM-335003|PbGEM-243330|PBANKA_111100|PbGEM-098813	AATGGCAGATG	1314.5	1303.5	5.5	197.0	29.5	27.5	154.0	211.0	127.0	104.0	91.0	0.0	2.5	17.0	1302.0	1637.5	189.0	177.0	32.0	14.0	153.0	155.0	141.0	121.0	69.0	3.5	0.0	15.0
PBANKA_111330	PbGEM-041936|PbGEM-041928|PbGEM-244016|PBANKA_111330	GCACTTGATCG	1182.5	1022.5	24.0	1045.0	347.0	545.5	1963.5	2376.5	2328.5	2280.0	1023.0	1165.5	1191.5	1119.0	1096.5	1264.5	1196.0	1132.5	538.5	310.5	2270.5	1816.5	2817.0	1782.5	792.5	1148.0	1219.5	897.0
PBANKA_111630	PbGEM-244789|PbGEM-042380|PBANKA_111630|PbGEM-342604|PbGEM-669309|PbGEM-646747|PbGEM-042388	ACGCTCCGACC	1702.5	1680.0	23.0	1161.0	2580.5	2875.5	12.0	2.0	3.0	33.0	3990.5	4538.0	4406.5	4990.5	1688.0	2026.5	1357.0	1363.0	2758.0	2049.5	16.0	2.0	3.0	35.5	3402.0	4844.5	4307.5	4158.5
PBANKA_111850	PbGEM-300035|PbGEM-335203|PbGEM-300043|PBANKA_111850	CCGCTCAGCTG	431.0	393.5	6.0	299.0	44.0	55.0	338.0	546.0	253.5	356.5	8.0	15.5	6.0	9.0	399.5	502.5	301.5	380.5	58.0	39.0	408.5	443.0	322.0	312.0	9.5	9.0	9.5	8.0
PBANKA_112010	PbGEM-300211|PbGEM-300203|PBANKA_112010|PbGEM-674645|PbGEM-335251	AACGCCAAACC	1210.0	1196.0	47.5	1876.0	1101.0	1168.5	666.5	937.0	641.5	1113.0	1395.5	1190.5	1428.5	1475.5	1129.5	1456.5	1966.5	1938.5	1291.5	905.0	841.5	733.5	836.0	925.0	1188.0	1203.5	1384.0	1240.5
PBANKA_113180	PBANKA_113180|PbGEM-244966|PbGEM-100238|PbGEM-044521|PbGEM-342668|PbGEM-335667	TATCTGCCGAA	1158.0	899.0	17.0	906.0	920.0	915.0	212.5	127.5	29.0	144.5	251.0	157.0	332.5	170.5	1104.0	1165.5	1119.0	1070.5	917.0	582.0	257.0	73.0	33.0	118.5	234.0	148.5	184.0	112.5
PBANKA_114230	PbGEM-302978|PBANKA_114230|PbGEM-675357|PbGEM-302970|PbGEM-335923	GCATAAACTCT	3205.5	3009.5	188.0	9515.5	5830.0	6811.0	11910.5	15324.0	12415.0	14687.0	12055.5	12499.5	12708.5	12916.0	3030.5	3639.5	10789.5	10502.5	6938.0	4782.0	13472.0	12350.0	15656.0	11577.5	9881.0	12161.0	12200.5	11048.5
PBANKA_114240	PbGEM-101001|PbGEM-100993|PbGEM-668461|PBANKA_114240|PbGEM-248050	TTCGATGTATT	1436.0	1133.5	0.0	25.0	133.0	136.5	0.0	45.0	104.5	139.0	100.0	108.0	79.0	25.0	1381.0	1485.0	17.0	25.0	131.0	125.5	0.5	42.5	139.5	127.0	100.5	117.5	89.0	28.5
PBANKA_114430	PBANKA_114430|PbGEM-303234|PbGEM-303242|PbGEM-335979	TAGTGATTCTC	1482.0	1190.0	12.0	774.5	1296.0	1556.0	453.0	656.0	410.0	495.0	197.0	253.5	365.5	212.0	1377.0	1423.0	895.0	828.5	1435.5	993.0	496.0	450.0	545.5	370.5	139.5	234.5	410.0	365.0
PBANKA_114470	PbGEM-248914|PbGEM-046313|PbGEM-046321|PBANKA_114470	GGAGGATCATG	1386.0	1263.0	13.0	526.0	541.5	635.5	1072.5	1542.5	1149.0	1403.5	517.5	591.0	620.0	300.5	1341.0	1486.5	658.0	500.5	645.0	385.5	1271.0	1259.0	1380.5	968.5	452.0	509.0	614.0	298.5
PBANKA_120180	PBANKA_120180|PbGEM-536027|PbGEM-303714|PbGEM-303706	TATGTGTCAAC	1777.5	1603.0	1.0	58.5	162.0	222.0	261.5	69.5	237.5	212.5	352.0	269.0	255.0	365.0	1705.0	2056.0	28.0	63.5	219.0	123.0	241.5	66.5	244.5	134.0	349.0	278.0	294.0	320.5
PBANKA_120850	PbGEM-304714|PbGEM-670853|PbGEM-304722|PBANKA_120850	ATAGCGCTATC	629.5	636.5	4.0	184.0	53.0	72.5	242.5	516.0	225.0	362.0	189.5	73.5	32.5	33.5	596.5	740.5	216.0	183.0	63.0	47.5	330.5	383.0	269.5	322.0	175.0	111.0	37.0	29.5
PBANKA_120870	PbGEM-245936|PbGEM-047675|PbGEM-671725|PBANKA_120870	GACCCATAAGC	1308.0	993.5	1.0	30.5	8.5	5.5	1.0	1.0	0.0	0.0	0.0	0.5	0.0	0.5	1133.5	1227.5	53.5	32.5	4.0	5.0	1.5	0.5	0.0	2.0	0.0	0.0	1.0	0.0
PBANKA_121010	PBANKA_121010|PbGEM-047843|PbGEM-336307|PbGEM-246270	CATCTTCGCAT	1247.5	1304.0	60.0	3560.0	2973.5	3512.0	3257.0	3983.5	3606.0	3956.5	3659.5	3140.5	3205.5	4097.5	1339.0	1541.5	3926.0	3326.0	3489.5	2478.0	3550.5	3060.5	3943.0	3219.0	3017.0	2956.0	3156.5	3320.0
PBANKA_121100	PbGEM-246564|PBANKA_121100|PbGEM-047958|PbGEM-047966	GATGGGACCGG	1527.5	1252.0	2.0	194.0	155.5	171.0	0.0	8.5	26.0	25.0	160.5	80.0	139.5	141.5	1539.0	1524.5	261.0	208.5	170.5	121.5	1.0	4.5	35.0	22.5	155.0	76.0	131.0	122.0
PBANKA_121220	PBANKA_121220|PbGEM-305242|PbGEM-305226|PbGEM-305234|PbGEM-305218|PbGEM-674133|PbGEM-305210	TGCTTATACTA	3005.0	2246.0	6.0	499.0	288.5	298.5	727.5	1233.0	952.0	1119.0	642.5	739.0	871.5	824.0	2751.5	2788.0	550.0	503.5	284.5	220.5	783.5	982.0	1054.0	897.5	534.5	667.5	871.0	610.0
PBANKA_121380	PbGEM-670941|PbGEM-305394|PbGEM-305410|PbGEM-305402|PBANKA_121380	ATTACAGTAAC	413.0	321.5	3.0	67.5	145.0	188.0	166.0	220.0	246.0	155.0	571.0	455.5	319.0	373.5	411.5	391.0	67.0	60.5	217.5	136.5	206.5	148.5	366.0	135.0	455.5	487.5	303.0	304.0
PBANKA_121710	PbGEM-646431|PbGEM-646597|PBANKA_121710|PbGEM-048830|PbGEM-673885|PbGEM-528263|PbGEM-248387|PbGEM-048822|PbGEM-645816|PbGEM-336571|PbGEM-528404|PbGEM-528122	CTTGCACAAAG	830.5	798.0	8.5	426.5	1704.0	2003.0	741.0	985.5	813.0	1356.0	5089.5	4417.0	3906.0	4715.5	839.0	973.0	530.0	488.0	1846.5	1316.5	843.0	824.5	1019.5	1296.5	4219.5	4392.0	3720.0	3750.0
PBANKA_122200	PbGEM-664565|PBANKA_122200|PbGEM-306506|PbGEM-306498	CCCCTCTGGTT	1558.0	1463.0	31.5	1796.0	3937.5	4591.0	202.5	170.5	127.5	199.5	25.0	31.0	23.0	1.0	1521.5	1806.5	2013.5	2048.0	4327.0	3261.0	229.5	145.5	177.5	180.5	18.0	37.5	18.0	1.5
PBANKA_122250	PBANKA_122250|PbGEM-336723|PbGEM-049599|PbGEM-646959|PbGEM-049607|PbGEM-342868|PbGEM-250485	CTTGCGTTGGA	1449.5	1180.5	2.0	1.5	0.0	1.0	2.0	1.5	0.0	0.0	1.0	0.0	0.5	0.0	1382.0	1398.0	0.0	0.0	5.0	2.0	0.0	0.5	0.0	0.0	0.0	0.0	0.0	0.0
PBANKA_122270	PbGEM-306562|PbGEM-306570|PbGEM-336739|PBANKA_122270	GTGAGTACAAA	1651.0	1344.0	35.0	2784.0	852.5	978.0	2754.5	3446.5	2120.5	2682.0	1715.0	1827.5	2462.0	1924.0	1579.5	1640.0	2840.5	2879.5	998.5	599.0	3033.5	2533.0	2530.5	2133.5	1412.0	1851.0	2470.0	1867.0
PBANKA_122410	PBANKA_122410|PbGEM-306770|PbGEM-306762|PbGEM-306778	GGATCTGGCAT	1359.5	1027.0	51.0	2994.5	3307.5	3693.5	3308.0	4185.0	3202.5	3561.0	349.5	127.5	193.5	126.0	1242.0	1307.0	3363.0	3114.0	4033.5	2490.5	3897.0	3044.0	4033.0	2833.5	297.5	156.5	210.5	96.5
PBANKA_122840	PbGEM-103204|PbGEM-260892|PbGEM-050537|PBANKA_122840	AATTCAGCCTT	1647.0	1231.5	5.0	273.5	304.5	321.5	459.0	740.5	679.5	587.0	402.0	567.0	365.0	846.0	1520.5	1568.5	296.0	267.0	370.0	199.0	533.5	567.5	806.5	496.5	375.5	560.0	368.5	678.5
PBANKA_122960	PbGEM-307522|PBANKA_122960|PbGEM-307514	ACGTACTTTTA	1081.5	1036.5	66.5	3187.0	1665.0	1984.5	3059.0	4447.5	3556.0	3547.5	3181.0	3261.0	3628.5	3459.5	1008.5	1226.5	3443.5	3322.0	1828.0	1263.0	3647.0	3574.0	4771.5	2978.0	2405.0	3232.5	3603.5	2814.0
PBANKA_123150	PBANKA_123150|PbGEM-050942|PbGEM-336995|PbGEM-050934|PbGEM-103407|PbGEM-670629|PbGEM-261092	GGCGGAGTGAT	1262.5	1243.0	13.0	528.5	2150.5	2396.0	521.5	481.5	536.0	661.0	1475.5	1271.0	1206.5	1843.0	1259.0	1495.5	616.0	635.0	2352.5	1654.5	548.0	379.0	652.5	543.0	1209.5	1137.5	1151.5	1409.0
PBANKA_123380	PbGEM-337075|PbGEM-308146|PBANKA_123380|PbGEM-308154	GAGCGCATCGT	849.0	661.0	1.0	115.5	111.5	118.0	22.0	63.5	45.5	37.0	25.5	46.0	61.0	63.5	878.0	772.5	145.0	142.5	152.0	95.5	17.0	40.0	46.5	47.0	26.5	50.5	68.0	58.5
PBANKA_123820	PbGEM-261556|PbGEM-051844|PbGEM-646955|PBANKA_123820	TAAACGAAGCC	1324.5	1272.5	15.0	1134.0	420.5	550.0	425.5	465.5	397.5	401.5	875.5	1119.5	1111.5	1482.5	1302.0	1470.0	1197.0	1186.5	533.5	361.5	451.0	379.5	518.0	299.0	662.5	1241.0	1056.5	1328.5
PBANKA_130470	PbGEM-121410|PbGEM-121314|PbGEM-645763|PbGEM-646758|PbGEM-337507|PbGEM-247876|PbGEM-528353|PbGEM-646544|PBANKA_130470|PbGEM-528212|PbGEM-053724|PbGEM-528071|PbGEM-646378	CTCATTCCCGT	1297.5	1040.0	6.0	291.0	445.0	381.5	518.5	548.0	212.5	526.5	828.5	725.5	1019.0	841.5	1248.5	1241.5	355.5	255.5	447.5	333.0	643.5	475.5	268.0	508.5	745.0	681.0	1054.5	679.5
PBANKA_130620	PbGEM-053942|PBANKA_130620|PbGEM-104778|PbGEM-248477|PbGEM-053950	TGTCGGCCGCC	1102.0	817.5	10.0	331.0	226.0	327.5	277.0	132.0	54.5	108.0	84.5	20.5	28.0	77.0	953.0	985.0	471.5	398.0	339.5	205.5	354.0	106.5	64.5	148.5	78.5	27.5	22.5	54.5
PBANKA_131600	PbGEM-264692|PbGEM-055382|PBANKA_131600|PbGEM-252415	CTGTTCGGGTA	1137.5	931.5	67.0	3704.0	1703.5	2092.0	6794.5	9467.5	6144.5	7640.5	3642.0	2955.5	3769.0	2899.0	1021.0	1177.5	4110.5	4045.5	1933.0	1346.5	7636.5	6210.5	8081.0	5989.0	2839.0	3365.0	3631.5	2553.0
PBANKA_131670	PbGEM-312157|PbGEM-312149|PBANKA_131670	CCCCCACCGCT	1316.5	1042.5	7.0	676.5	1298.0	1625.5	2.5	1.0	0.0	0.0	13.0	0.0	99.5	4.0	1312.5	1192.5	712.5	773.5	1436.0	1009.5	1.0	0.0	0.0	0.0	25.5	0.5	70.0	3.0
PBANKA_132090	PBANKA_132090|PbGEM-105855|PbGEM-253918	GTGACCCTAAA	1567.5	1220.5	5.0	786.5	888.0	786.5	177.0	235.0	260.5	195.5	11.0	20.0	24.5	18.5	1539.0	1453.5	832.5	736.0	995.0	642.5	189.5	163.5	359.0	170.0	14.0	19.5	8.0	9.5
PBANKA_132400	PbGEM-313165|PbGEM-313181|PBANKA_132400|PbGEM-668245|PbGEM-313173	GTTGGGGCCCT	985.5	664.0	1.0	101.5	211.5	321.5	2.0	1.0	17.5	0.0	4.5	0.0	9.0	0.0	866.5	850.0	96.0	112.5	267.0	218.5	8.5	0.0	37.0	0.0	8.0	0.0	11.5	1.0
PBANKA_132420	PbGEM-313229|PbGEM-338059|PBANKA_132420|PbGEM-313221	AGGTCGATGGC	1725.0	1273.0	45.0	3085.0	474.0	587.0	4808.5	5122.0	4377.5	4977.0	747.0	572.0	681.0	550.5	1567.5	1479.0	3398.5	3420.0	494.5	404.5	5201.0	3938.0	5396.0	4055.5	625.0	612.5	669.5	524.5
PBANKA_132790	PbGEM-313637|PbGEM-313645|PBANKA_132790|PbGEM-536747|PbGEM-313629	TTGATGTACTT	1114.5	1073.0	11.5	619.5	1558.5	1690.0	1.0	2.0	0.0	23.5	2145.5	1621.5	1731.0	1748.5	1039.5	1302.5	808.0	647.5	1821.5	1313.0	6.0	1.0	0.0	16.0	1802.0	1671.0	1681.0	1440.0
PBANKA_132950	PbGEM-057165|PBANKA_132950|PbGEM-248774|PbGEM-338219|PbGEM-057173|PbGEM-667405	TTGTTAATTGA	1391.5	1092.0	0.5	5.0	246.0	219.0	0.0	0.0	3.5	1.0	237.0	455.5	408.5	317.0	1302.0	1298.0	1.0	0.0	219.0	150.0	1.0	0.0	3.5	0.0	179.5	493.0	406.5	253.0
PBANKA_132980	PbGEM-057214|PBANKA_132980|PbGEM-226357	CCTCGCCGCCA	1.0	0.5	0.0	1.0	0.5	2.0	0.0	0.0	0.0	0.0	0.5	1.0	0.5	0.0	0.0	1.5	1.0	1.0	1.5	1.0	0.5	1.0	0.5	0.0	0.0	0.0	0.5	0.0
PBANKA_132980	PbGEM-313893|PbGEM-338243|PBANKA_132980|PbGEM-313885	TTCCCAAAGGT	1451.0	1097.5	4.5	188.5	381.5	466.5	1686.5	1088.5	1012.0	1250.0	1145.0	1245.5	872.0	1234.0	1387.5	1330.5	167.5	197.5	470.5	310.0	1847.0	881.0	1361.0	1152.0	944.5	1113.5	773.0	977.5
PBANKA_133180	PBANKA_133180|PbGEM-057429|PbGEM-249676	CTACCTACAAA	1429.5	1334.5	32.0	1939.5	2006.5	2196.0	0.5	0.0	1.0	0.0	216.0	175.0	87.5	59.5	1393.5	1625.0	1938.5	1994.5	2453.5	1461.5	0.5	0.5	4.0	2.0	204.0	175.0	78.5	58.5
PBANKA_134050	PbGEM-315213|PBANKA_134050|PbGEM-338563|PbGEM-315205	ATTACGAGTGA	1561.5	1165.5	1.0	0.5	53.0	49.5	0.0	0.0	0.0	0.5	22.5	63.5	99.0	52.5	1500.5	1492.5	0.5	0.0	79.0	47.5	0.5	0.0	0.0	0.0	13.0	43.0	120.0	54.0
PBANKA_134580	PBANKA_134580|PbGEM-315931|PbGEM-315939|PbGEM-315947	TATGCGATGAC	839.0	854.5	28.5	1772.0	1456.5	1555.0	106.5	187.5	52.5	99.5	483.0	305.0	422.0	425.0	828.0	994.0	2029.0	2118.5	1677.5	1001.0	149.5	147.0	87.0	108.0	407.5	285.0	436.5	355.0
PBANKA_134640	PbGEM-671653|PbGEM-316019|PBANKA_134640|PbGEM-316003|PbGEM-316011	GGGCGAACGAG	1160.5	879.5	34.0	1325.5	740.5	896.5	2576.5	2540.0	2303.0	2903.0	1638.5	1449.5	1201.0	1512.0	1162.0	1122.5	1712.0	1510.0	890.5	641.5	3076.5	1986.0	2853.0	2285.0	1477.0	1638.0	1191.0	1305.0
PBANKA_134720	PbGEM-255291|PbGEM-668973|PbGEM-059650|PbGEM-343156|PbGEM-338755|PbGEM-264628|PBANKA_134720|PbGEM-647995	GTAATGGCAAG	1482.5	1146.0	24.0	1045.5	981.0	936.5	53.0	173.0	165.0	68.5	160.5	132.5	80.0	79.0	1399.5	1366.5	1209.0	1193.0	960.0	690.5	61.5	95.0	216.5	46.0	158.0	166.0	98.0	55.5
PBANKA_135800	PbGEM-317403|PbGEM-317411|PBANKA_135800|PbGEM-317419	TTATGCACCAA	1049.0	1029.5	34.0	2030.0	3038.0	3543.5	2140.5	3324.5	2633.0	2564.5	4573.0	4772.0	4794.0	5610.5	1021.5	1255.0	2200.5	2162.0	3240.0	2274.0	2585.5	2446.5	3148.0	2216.5	4084.5	4731.5	4684.0	4925.5
PBANKA_135940	PbGEM-317603|PbGEM-317595|PBANKA_135940|PbGEM-670261|PbGEM-317587	CCGCATGTGGG	1220.5	913.5	2.0	250.0	544.5	675.0	0.0	0.0	0.0	0.0	0.0	0.5	0.0	1.5	1197.5	1148.0	199.5	227.0	601.0	468.5	0.0	0.0	0.0	0.0	0.0	1.0	0.0	2.0
PBANKA_135960	PbGEM-061450|PbGEM-061442|PBANKA_135960|PbGEM-253840|PbGEM-646722	CCCTCAAATAC	498.0	133.5	106.0	6439.5	928.0	983.5	10716.5	14445.5	10693.0	11106.5	5.5	2.0	10.5	5.0	492.5	180.5	7193.5	6818.0	1172.5	724.0	12132.0	11154.5	13393.5	8930.0	45.5	1.5	6.5	7.5
PBANKA_135970	PbGEM-253875|PbGEM-061466|PbGEM-343204|PbGEM-646730|PBANKA_135970|PbGEM-339139|PbGEM-061458	GTTTAAGCTTT	455.0	116.5	8351.0	2295.0	1391.5	1662.0	20.0	166.5	94.0	98.0	2266.5	1294.0	1989.0	2074.0	386.0	127.0	2528.0	2510.5	1568.5	1009.0	13.0	97.5	157.0	93.5	2149.5	1274.0	1632.5	1526.5
PBANKA_136000	PBANKA_136000|PbGEM-339147|PbGEM-253999|PbGEM-665741|PbGEM-108701|PbGEM-108709	TGGCTTCTGCT	1322.0	1030.5	2.0	106.5	355.0	368.0	213.0	184.5	277.0	222.0	999.5	690.5	787.5	1141.0	1295.5	1266.5	100.0	147.0	332.5	276.5	204.0	167.5	389.0	185.5	861.0	887.5	803.0	868.0
PBANKA_136050	PbGEM-061573|PbGEM-339171|PbGEM-108747|PBANKA_136050|PbGEM-108739|PbGEM-254126	TTGCGTTCGAC	8361.5	6676.0	3.0	38.5	559.5	807.5	3.0	2.5	3.0	6.5	1019.0	801.0	676.0	1148.5	8157.0	7874.5	51.0	43.5	743.5	495.5	7.5	4.0	2.5	3.5	868.5	772.0	738.5	942.0
PBANKA_136320	PbGEM-061956|PbGEM-255124|PbGEM-646793|PBANKA_136320|PbGEM-648019|PbGEM-108933|PbGEM-108941	AATGACTGCTC	989.5	827.5	29.0	1073.0	2234.0	2606.5	34.0	30.0	20.5	95.5	0.0	2.5	0.5	13.5	879.5	882.5	1212.5	1298.5	2410.5	1622.5	39.5	29.5	23.5	67.0	0.0	1.0	0.0	11.0
PBANKA_140160	PbGEM-527738|PBANKA_140160|PbGEM-645682|PbGEM-062484|PbGEM-062476|PbGEM-256353|PbGEM-645699	AACACAACCGC	1280.5	932.5	3.5	214.5	468.0	577.5	0.0	2.5	25.5	66.0	9.0	44.5	36.0	0.5	1211.5	1147.5	259.0	245.0	507.5	393.5	0.0	3.0	26.5	48.5	13.0	13.5	22.0	0.5
PBANKA_140890	PbGEM-319667|PbGEM-319659|PBANKA_140890|PbGEM-339579|PbGEM-319651|PbGEM-664973	ATCAGAGTTGA	1720.0	1306.5	1.0	1.0	1075.0	1203.0	0.0	1.5	1.0	3.0	1003.5	578.5	371.0	424.0	1624.5	1547.5	0.5	2.5	1234.5	900.0	1.0	2.0	0.0	0.0	885.0	791.0	366.5	322.0
PBANKA_141110	PbGEM-665285|PbGEM-339667|PbGEM-319963|PBANKA_141110|PbGEM-319971|PbGEM-319955|PbGEM-319947	ATTTAATTGAA	1171.0	930.0	22.5	765.5	580.0	722.5	2.0	0.0	0.0	2.5	217.5	307.5	199.5	240.5	1172.0	1147.0	839.0	798.5	628.0	476.5	0.5	0.0	0.0	0.0	153.0	314.5	209.5	188.0
PBANKA_141440	PbGEM-320315|PbGEM-320323|PBANKA_141440	CGTGCGCCCAC	812.0	819.0	7.0	823.0	668.5	624.5	123.5	339.0	334.0	278.5	69.5	69.5	133.5	80.0	771.0	941.5	782.5	832.5	742.0	474.0	135.0	198.0	432.0	195.5	70.5	63.5	140.0	69.0
PBANKA_141780	PbGEM-320715|PbGEM-343268|PBANKA_141780|PbGEM-320731|PbGEM-320723	GTCGCAACATC	1227.0	876.5	1.0	1.0	1.0	1.0	0.0	1.0	0.0	0.0	0.0	0.0	0.5	4.0	1114.5	1065.5	6.5	2.0	5.0	0.0	0.5	0.0	0.0	0.5	0.0	0.0	0.0	0.0
PBANKA_142210	PbGEM-321259|PBANKA_142210|PbGEM-321267|PbGEM-321251	TACCAAGCGAT	508.5	146.0	226.5	1849.0	58.5	81.5	2610.0	4439.5	2877.0	3549.5	36.0	30.5	131.5	70.5	503.0	136.5	2147.5	1952.0	64.0	47.5	3157.5	3664.5	3672.0	2825.5	54.5	42.5	128.0	58.0
PBANKA_142600	PbGEM-065863|PBANKA_142600|PbGEM-253924|PbGEM-110853|PbGEM-665805	GCCCCCCAACA	1192.5	1074.0	24.0	1618.0	1883.5	1961.5	1045.5	1658.0	1274.0	1571.0	1257.0	1045.5	796.5	1143.5	1113.5	1236.0	1661.0	1626.0	2029.0	1316.5	1451.0	1211.0	1463.5	1246.0	1065.5	1012.5	763.5	996.5
PBANKA_142680	PbGEM-321731|PbGEM-537283|PbGEM-672005|PBANKA_142680|PbGEM-321739	TTTAGCGTTGG	1501.5	1110.0	0.0	2.0	188.0	214.5	0.0	1.0	0.0	0.0	387.0	344.0	587.5	404.0	1469.0	1308.0	0.0	1.0	204.0	155.0	0.0	0.0	0.5	0.0	360.0	336.0	521.5	294.5
PBANKA_142890	PbGEM-321947|PbGEM-340043|PbGEM-321955|PBANKA_142890	GCTTCCCATGC	861.5	713.0	8.5	389.5	209.0	303.5	51.5	11.0	1.0	17.0	243.0	104.5	235.5	246.5	781.0	748.0	518.0	469.5	208.0	195.0	43.0	6.0	1.0	7.0	155.5	102.0	237.5	190.0
PBANKA_143160	PbGEM-646837|PbGEM-322275|PBANKA_143160|PbGEM-673205|PbGEM-322267	ACACTATCGAA	2204.0	1835.0	28.5	1158.5	1641.0	1863.0	1174.5	1375.0	1391.5	1410.5	3869.5	3399.0	3617.5	3940.0	2062.5	2268.5	1303.0	1296.0	1859.0	1211.0	1459.0	1043.0	1849.5	1133.0	3185.0	3429.0	3480.0	3177.5
PBANKA_143620	PbGEM-646932|PbGEM-257004|PbGEM-340267|PbGEM-067378|PBANKA_143620	GCTTTGGCGGC	1779.5	1213.0	11.5	813.0	158.5	157.0	1071.0	1028.0	1012.0	1039.5	323.5	201.5	254.0	149.5	1736.0	1573.0	860.5	895.0	150.0	112.0	1243.0	805.0	1310.0	807.5	266.5	183.5	269.0	130.5
PBANKA_144380	PBANKA_144380|PbGEM-258397|PbGEM-068513|PbGEM-340515	CATGCTATACG	1450.0	1207.0	0.5	0.5	1.5	0.0	0.0	0.0	0.0	0.0	0.0	0.0	1.0	1.0	1405.0	1384.0	0.0	0.0	0.0	0.0	0.5	1.5	0.5	0.0	1.5	1.0	1.0	0.0
PBANKA_144790	PBANKA_144790|PbGEM-646945|PbGEM-324547|PbGEM-324539|PbGEM-340675	TAGGCAACACT	961.5	883.0	14.5	976.0	1749.0	1843.0	3006.5	3989.5	3021.0	4059.5	1.0	3.0	2.0	2.0	929.0	1163.0	1073.5	1102.0	2080.0	1300.5	3532.0	2945.0	3801.5	3270.5	0.0	0.5	0.0	0.5
PBANKA_145030	PbGEM-324787|PbGEM-324771|PbGEM-324795|PbGEM-324779|PbGEM-666525|PBANKA_145030|PbGEM-646742	TCTGTCTGTGC	1151.0	1123.5	31.0	1594.0	2163.5	2636.5	2.0	1.5	1.5	2.5	2769.5	2633.0	3179.5	3025.5	1086.0	1253.0	1770.5	1715.0	2554.5	1773.0	0.5	1.0	0.0	1.0	2307.0	2441.5	3120.5	2566.5
PBANKA_146350	PbGEM-071416|PbGEM-259164|PBANKA_146350|PbGEM-264404	AGGATACCAAC	3169.5	2505.5	6.5	271.5	446.5	545.0	17.0	0.0	0.0	0.0	139.5	116.5	72.5	45.5	3034.5	3038.0	247.5	265.0	536.0	374.0	3.0	1.0	0.0	0.0	102.0	84.0	54.5	45.0
