pbanka_id	Gene	Barcodes	PbMaleFertility1_2_s_t_r1	PbMaleFertility1_11_b1_s1_r1	PbMaleFertility1_12_b2_s1_r1	PbMaleFertility1_13_pellet_s1_r1	PbMaleFertility1_14_sup_s1_r1	PbMaleFertility1_15_b1_s2_r1	PbMaleFertility1_16_b2_s2_r1	PbMaleFertility1_17_pellet_s2_r1	PbMaleFertility1_18_sup_s2_r1	PbMaleFertility1_20_s_t_r2	PbMaleFertility1_29_b1_s1_r2	PbMaleFertility1_30_b2_s1_r2	PbMaleFertility1_31_pellet_s1_r2	PbMaleFertility1_32_sup_s1_r2	PbMaleFertility1_33_b1_s2_r2	PbMaleFertility1_34_b2_s2_r2	PbMaleFertility1_35_pellet_s2_r2	PbMaleFertility1_36_sup_s2_r2
PBANKA_010080	PbGEM-266060|PbGEM-266052|PBANKA_010080	CTCCAAGAACT	1.0	0.0	1.0	0.0	130.0	0.0	1.0	1.0	0.5	1.5	0.0	0.5	2.0	17.5	0.5	0.0	0.5	1.0
PBANKA_010110	PbGEM-266100|PbGEM-266092|PbGEM-668501|PBANKA_010110	CAGCGTGATGT	279.0	10634.5	11893.0	13673.5	11736.0	9712.5	10039.5	20106.5	24658.0	327.0	9555.0	15246.0	13419.0	12958.0	9778.0	9576.5	17145.5	23163.5
PBANKA_010620	PBANKA_010620|PbGEM-327715|PbGEM-266739|PbGEM-533147|PbGEM-266747|PbGEM-667717	CCACCTGCCCA	0.5	0.0	0.0	0.0	112.0	0.0	0.0	1.0	0.0	1.0	0.0	0.0	4.0	5.0	0.0	0.0	0.0	1.0
PBANKA_020830	PbGEM-082408|PbGEM-007799|PbGEM-229203|PBANKA_020830	TAACCTCTTCT	1.0	0.0	0.0	0.5	279.0	0.0	0.5	0.0	0.0	0.0	0.0	0.0	0.0	3.0	0.0	0.5	0.0	0.0
PBANKA_030140	PbGEM-269419|PBANKA_030140|PbGEM-269411|PbGEM-675245|PbGEM-328363	CGACTCAGTAG	1.0	0.0	0.0	1.0	505.0	1.0	0.0	1.0	1.0	2.5	1.0	0.5	1.0	20.5	0.0	0.0	0.5	0.0
PBANKA_031490	PbGEM-271138|PbGEM-271130|PBANKA_031490	TCTGCTAGAAG	0.0	0.0	0.5	0.0	122.5	1.0	3.5	2.0	0.0	1.0	0.0	0.0	3.0	17.5	0.0	1.0	1.0	0.0
PBANKA_040430	PbGEM-228846|PbGEM-084246|PBANKA_040430|PbGEM-533579	ATAGCCTAATA	1.0	0.0	0.0	0.5	181.0	0.0	1.0	0.0	0.0	0.0	0.0	1.5	1.0	7.0	0.0	0.0	0.0	0.5
PBANKA_040560	PBANKA_040560|PbGEM-011621|PbGEM-229156	TAATAACCGAG	1.5	1.0	0.5	1.0	175.0	0.0	1.0	1.0	0.5	4.0	2.0	2.0	8.0	46.0	1.0	1.0	1.0	1.0
PBANKA_050120	PbGEM-273538|PBANKA_050120|PbGEM-273546|PbGEM-329235	CTCGGGAGGGG	285.5	8941.5	11325.0	12754.5	14299.5	8728.0	9809.5	21836.0	27142.5	287.0	9271.0	13888.5	13781.0	15305.5	8684.5	9117.5	17918.5	26393.0
PBANKA_051060	PbGEM-329547|PbGEM-646729|PbGEM-274850|PBANKA_051060	CGTGTGATGCC	237.5	1676.0	2317.5	1622.0	1311.5	1504.5	2169.0	1132.5	270.0	237.0	1779.0	2924.5	1514.0	1500.0	1416.0	2029.5	859.5	234.5
PBANKA_051770	PbGEM-015996|PBANKA_051770|PbGEM-086344|PbGEM-232524|PbGEM-646983|PbGEM-264508	TTTGACAGGGG	2.0	1.0	3.0	3.0	378.5	2.0	0.5	1.0	1.0	3.5	1.5	2.5	11.5	50.0	1.0	0.0	0.5	2.0
PBANKA_060470	PBANKA_060470|PbGEM-087064|PbGEM-087072|PbGEM-232478|PbGEM-017659	AGTGCTTCAGT	2.5	1.0	0.0	0.0	88.0	0.0	0.0	3.0	2.5	1.0	0.0	0.5	2.0	34.5	1.0	1.0	0.0	0.0
PBANKA_061670	PbGEM-646732|PbGEM-072498|PBANKA_061670	TCTCGGTTAT	278.0	1983.0	2346.0	2421.5	2903.5	2075.0	1896.0	3726.0	3445.5	302.5	2223.5	3056.0	2647.0	2405.5	2143.5	2039.0	2846.5	3575.5
PBANKA_070200	PbGEM-330539|PbGEM-280098|PbGEM-280090|PBANKA_070200	CGGTTACCCTA	1.0	0.0	1.0	0.0	174.0	0.0	0.5	0.0	0.0	0.0	0.0	1.0	0.0	10.0	0.0	0.0	1.5	1.0
PBANKA_070810	PbGEM-089045|PbGEM-647283|PbGEM-021455|PbGEM-461673|PBANKA_070810|PbGEM-461639|PbGEM-234509	CTTTCTTCGCA	0.0	0.0	0.0	1.0	82.5	2.0	0.0	2.0	1.5	1.0	1.0	1.0	3.0	23.5	0.5	0.0	0.5	7.0
PBANKA_072200	PbGEM-331099|PBANKA_072200|PbGEM-023301|PbGEM-237378	CGTAACTTGAT	0.0	0.0	0.0	0.0	933.0	0.0	0.0	0.0	0.0	1.0	0.0	0.0	0.0	1.0	0.0	0.0	0.0	0.0
PBANKA_081180	PBANKA_081180|PbGEM-024995|PbGEM-237576|PbGEM-090791|PbGEM-647339	AGGTAGCACTG	1.0	0.0	0.0	1.5	136.0	1.0	0.0	1.5	0.0	0.0	0.0	2.0	3.0	13.5	1.0	0.5	0.0	1.0
PBANKA_081940	PbGEM-284978|PbGEM-284970|PbGEM-331683|PBANKA_081940|PbGEM-284962	AGAGTTATTGC	0.0	0.0	0.0	1.0	263.0	0.5	0.0	0.0	0.5	1.0	0.0	0.0	0.0	7.0	0.0	0.0	0.0	0.0
PBANKA_083460	PbGEM-264156|PBANKA_083460|PbGEM-260252|PbGEM-092278|PbGEM-027995	TTTCCAGCTAA	0.0	0.5	1.0	1.0	209.0	3.0	0.0	1.0	1.0	2.0	2.0	1.0	7.0	21.5	0.0	0.0	0.0	2.0
PBANKA_090270	PbGEM-287282|PbGEM-287274|PBANKA_090270|PbGEM-287290	CCGAGGGCACC	2.0	1.0	0.5	0.0	216.0	2.5	0.0	0.0	2.0	0.5	2.0	2.0	14.0	63.0	0.0	0.0	0.5	2.0
PBANKA_092160	PbGEM-031085|PbGEM-240478|PBANKA_092160	ACCGCAGTCCC	3.5	4.0	2.0	1.5	762.0	2.0	2.0	2.0	1.5	1.0	2.0	3.0	13.0	92.0	2.0	2.0	1.0	1.0
PBANKA_092930	PBANKA_092930|PbGEM-290648|PbGEM-290656	AAAAAGGTATA	1.0	0.0	0.5	0.0	103.0	1.0	0.0	0.5	1.0	3.0	3.0	0.0	2.0	13.5	0.0	1.0	0.0	0.5
PBANKA_093080	PBANKA_093080|PbGEM-032387|PbGEM-238983|PbGEM-032395	TCTCGGGCCAT	0.0	0.0	0.0	0.0	116.0	0.5	0.0	1.0	0.0	1.0	1.0	1.0	2.0	9.0	0.0	0.0	0.0	0.0
PBANKA_093360	PBANKA_093360|PbGEM-291184|PbGEM-291192|PbGEM-291200	TGAAGTGAACC	1.0	0.0	1.0	0.0	61.5	0.0	0.0	0.5	0.0	1.0	1.5	0.5	5.5	20.0	0.0	0.0	1.0	0.0
PBANKA_093370	PbGEM-239850|PbGEM-646718|PbGEM-032842|PbGEM-112363|PbGEM-111778|PBANKA_093370	GAGTAGATCTG	1.0	0.0	1.5	0.0	144.5	0.0	0.0	0.5	1.0	1.5	0.0	0.0	1.0	7.0	0.0	0.0	0.0	0.0
PBANKA_094010	PbGEM-646986|PbGEM-033733|PbGEM-241232|PbGEM-199176|PbGEM-342364|PBANKA_094010|PbGEM-033741|PbGEM-333211	AAAGCTAACCG	0.0	0.0	0.0	0.5	178.0	1.0	0.0	0.5	0.0	1.0	0.0	0.0	0.0	9.5	0.5	0.0	0.0	0.0
PBANKA_094230	PbGEM-667629|PBANKA_094230|PbGEM-241876	ATATCCGTTAG	0.0	0.0	0.0	0.0	159.5	0.0	0.0	0.0	1.0	1.0	1.0	0.0	3.0	10.0	0.0	0.0	0.0	0.0
PBANKA_101900	PbGEM-294974|PbGEM-294982|PBANKA_101900	CAGTTAACGCG	0.0	0.5	0.5	0.0	99.0	0.0	0.0	1.5	0.5	1.0	1.0	0.0	1.0	17.5	0.5	0.0	0.0	0.0
PBANKA_102460	PbGEM-295718|PbGEM-295702|PbGEM-295710|PBANKA_102460|PbGEM-334115	CGAGTATGCTT	236.5	676.0	745.0	749.0	740.0	691.5	683.0	937.5	1109.5	276.0	720.0	961.5	759.5	417.5	639.5	602.0	805.0	850.0
PBANKA_103010	PbGEM-038637|PbGEM-097333|PBANKA_103010|PbGEM-241608	CGCTCACTGGT	1.0	0.0	0.5	0.0	67.5	0.5	0.0	0.0	0.0	0.0	0.5	0.0	1.0	15.0	0.0	0.0	1.0	1.0
PBANKA_103480	PBANKA_103480|PbGEM-296966|PbGEM-647603|PbGEM-334475|PbGEM-296974	AGGTCGTAAGA	0.5	2.0	0.0	1.0	114.0	1.0	0.5	0.0	0.0	1.0	0.0	0.0	3.0	15.5	0.0	0.0	1.0	0.0
PBANKA_103870	PBANKA_103870|PbGEM-297470|PbGEM-334571	TACTGCCCTAC	1.0	0.0	0.0	0.5	89.0	1.0	0.5	0.0	0.0	0.0	0.0	0.5	4.5	6.0	0.0	0.0	0.0	0.5
PBANKA_110230	PBANKA_110230|PbGEM-298021|PbGEM-298013|PbGEM-334675	CCTACGGCATA	1.0	0.0	0.0	0.0	151.5	0.0	0.0	0.0	1.0	0.0	0.0	0.0	1.0	2.5	0.0	0.0	0.5	0.0
PBANKA_110880	PbGEM-298829|PbGEM-647651|PbGEM-298837|PBANKA_110880	CTTGATTCAAC	0.0	0.0	0.0	1.0	240.5	0.0	0.0	0.5	0.0	2.0	0.0	0.5	1.0	14.5	0.0	0.0	0.0	0.0
PBANKA_113280	PbGEM-301858|PbGEM-335707|PbGEM-301842|PBANKA_113280|PbGEM-301850	GCCTATCCTAT	0.0	0.0	0.0	0.0	171.5	0.0	0.0	0.0	1.0	1.0	0.0	0.0	1.0	8.5	0.0	0.0	0.0	0.0
PBANKA_113550	PbGEM-246246|PBANKA_113550|PbGEM-045022	GCAGATCGTGG	2.0	0.0	0.0	1.0	149.0	1.0	0.0	0.0	1.0	1.5	0.0	0.5	0.5	18.5	1.0	0.0	0.0	0.5
PBANKA_113980	PbGEM-045681|PbGEM-045689|PBANKA_113980|PbGEM-247428	CATGGATGGGC	0.0	0.0	0.0	0.0	294.5	0.0	1.0	1.0	2.0	1.0	2.0	0.5	4.5	22.5	1.5	1.0	0.5	0.0
PBANKA_114320	PbGEM-303114|PbGEM-303122|PbGEM-335947|PbGEM-647811|PbGEM-303106|PBANKA_114320	AAAATCATTTA	1.0	0.0	1.0	0.0	114.5	0.0	0.0	0.5	0.0	0.0	0.0	0.0	5.0	5.0	1.0	0.0	1.0	0.0
PBANKA_120530	PbGEM-047180|PBANKA_120530|PbGEM-647867|PbGEM-251303|PbGEM-047172|PbGEM-671973	TCGGGCAGAGC	0.0	0.0	0.0	1.0	66.5	1.0	0.0	0.0	0.0	1.0	0.0	0.0	2.0	4.0	0.0	0.0	0.0	0.0
PBANKA_121260	PbGEM-048208|PbGEM-336411|PbGEM-665437|PbGEM-461616|PbGEM-247068|PbGEM-646719|PbGEM-461650|PbGEM-102303|PBANKA_121260|PbGEM-102311	TTAATTGCGAC	1.0	0.0	1.0	0.0	357.0	0.0	1.0	0.0	0.0	0.0	0.0	0.0	2.0	12.5	1.0	0.0	0.5	0.0
PBANKA_121590	PbGEM-305690|PBANKA_121590|PbGEM-336523	ACGAGCGAACG	0.0	0.0	0.0	1.0	104.0	0.0	0.0	0.0	0.0	1.0	0.0	0.0	0.0	5.0	0.0	0.0	0.0	0.0
PBANKA_121770	PbGEM-305938|PbGEM-305930|PbGEM-305946|PBANKA_121770	CCGGCTGGAGG	1.0	0.0	0.0	0.0	83.5	0.0	1.0	0.5	0.0	0.0	0.0	0.0	1.0	1.0	0.0	0.0	0.0	0.0
PBANKA_130050	PbGEM-309911|PbGEM-309895|PbGEM-309903|PBANKA_130050	CCGTGATTAAT	4.0	1.0	1.5	2.0	212.0	2.5	4.5	2.5	1.0	0.5	4.0	1.0	4.0	63.0	1.5	1.0	1.5	3.5
PBANKA_130310	PbGEM-310327|PBANKA_130310|PbGEM-310335|PbGEM-664253|PbGEM-310319	TTATCTTCCGC	0.0	0.0	0.0	0.0	163.0	0.0	0.5	0.0	1.5	1.0	0.0	1.0	8.0	42.5	2.5	0.0	1.0	1.0
PBANKA_132900	PbGEM-671549|PbGEM-313773|PbGEM-313781|PBANKA_132900|PbGEM-313765	ATATATGTTGC	3.5	0.0	1.0	0.0	98.0	0.0	0.0	2.0	1.0	1.5	0.0	1.0	2.5	22.5	1.0	0.0	0.0	0.0
PBANKA_135960	PbGEM-061450|PbGEM-061442|PBANKA_135960|PbGEM-253840|PbGEM-646722	CCCTCAAATAC	308.0	6280.5	6416.5	6652.5	6228.0	6415.5	6185.5	8812.5	11445.0	304.0	6376.5	8608.5	5989.0	5931.5	6381.5	6025.5	7258.0	9575.5
PBANKA_135970	PbGEM-253875|PbGEM-061466|PbGEM-343204|PbGEM-646730|PBANKA_135970|PbGEM-339139|PbGEM-061458	GTTTAAGCTTT	244.5	6128.5	6515.5	6988.5	6571.0	5937.5	5738.0	8642.0	11079.0	288.0	5500.5	8683.0	6713.5	5736.0	6049.5	5690.5	7188.0	9796.0
PBANKA_136210	PbGEM-646404|PBANKA_136210|PbGEM-254684|PbGEM-645789|PbGEM-108856|PbGEM-339219|PbGEM-528378|PbGEM-528237|PbGEM-665125|PbGEM-108848|PbGEM-528096|PbGEM-646570	AAGGATCTATC	0.0	0.0	2.0	1.0	295.5	1.5	0.5	0.0	1.0	1.0	0.0	0.0	3.0	13.5	1.0	0.0	0.5	1.0
PBANKA_140240	PbGEM-665589|PbGEM-318699|PbGEM-339371|PbGEM-318691|PBANKA_140240	CTGGAGTAGTG	0.5	0.0	0.0	0.5	207.0	1.0	0.5	0.0	2.0	2.0	1.0	1.0	1.5	12.5	0.0	0.0	0.0	0.0
PBANKA_141470	PbGEM-064313|PbGEM-646777|PbGEM-255451|PbGEM-343260|PbGEM-064321|PBANKA_141470	GCTGCCACAAA	4.0	1.5	1.5	1.0	402.5	1.0	0.5	1.5	6.5	4.5	1.0	2.5	11.5	59.5	1.5	1.0	3.5	3.5
PBANKA_142210	PbGEM-321259|PBANKA_142210|PbGEM-321267|PbGEM-321251	TACCAAGCGAT	230.0	710.0	761.5	785.5	726.5	677.0	731.0	1118.0	1161.0	262.5	727.5	954.5	843.5	770.0	662.0	667.0	922.5	1076.5
PBANKA_143120	PbGEM-322243|PBANKA_143120|PbGEM-322251	GCGTCAGAGTC	0.0	2.0	0.0	0.0	183.5	0.0	1.0	1.5	1.5	1.5	0.0	0.5	6.5	27.0	0.0	0.0	0.0	0.5
PBANKA_143320	PbGEM-322539|PbGEM-322523|PBANKA_143320|PbGEM-340155|PbGEM-322531|PbGEM-672173	CCCAAGCCTCT	0.0	0.0	1.0	0.0	66.5	0.5	2.0	0.0	1.0	2.0	0.0	0.0	2.0	10.0	2.0	0.0	0.5	0.0
PBANKA_144110	PbGEM-068124|PBANKA_144110|PbGEM-258036|PbGEM-265660|PbGEM-646778	CGCTCCGGTCC	0.0	0.0	0.0	0.0	87.5	0.0	0.0	0.0	0.0	1.0	1.0	0.0	1.0	5.0	1.0	0.0	0.0	0.0
PBANKA_146460	PBANKA_146460|PbGEM-326539|PbGEM-665621|PbGEM-326555|PbGEM-326547|PbGEM-646976	GCTGGGCAGTT	1.0	0.0	3.5	1.0	103.0	1.0	0.5	1.5	1.5	0.0	1.0	1.0	9.5	33.5	0.0	0.0	2.5	1.0
