pbanka_id	Gene	Barcodes	PbFertility1_1_GCKO2_t1_r1	PbFertility1_2_GCKO2_t2_r1	PbFertility1_3_145480_t1_r1	PbFertility1_4_145480_t2_r1	PbFertility1_5_GCKO2_d0_b1_mf1_r1	PbFertility1_6_GCKO2_d0_b2_mf1_r1	PbFertility1_7_GCKO2_d0_b3_mf1_r1	PbFertility1_8_GCKO2_d0_b1_mf2_r1	PbFertility1_9_GCKO2_d0_b2_mf2_r1	PbFertility1_10_GCKO2_d0_b3_mf2_r1	PbFertility1_11_145480_d0_b1_mf1_r1	PbFertility1_12_145480_d0_b2_mf1_r1	PbFertility1_13_145480_d0_b3_mf1_r1	PbFertility1_14_145480_d0_b1_mf2_r1	PbFertility1_15_145480_d0_b2_mf2_r1	PbFertility1_16_145480_d0_b3_mf2_r1	PbFertility1_17_GCKO2_d13_mf1.1_r1	PbFertility1_18_GCKO2_d13_mf1.2_r1	PbFertility1_19_GCKO2_d13_mf2.1_r1	PbFertility1_20_GCKO2_d13_mf2.2_r1	PbFertility1_21_145480_d13_mf1.1_r1	PbFertility1_22_145480_d13_mf1.2_r1	PbFertility1_23_145480_d13_mf2.1_r1	PbFertility1_24_145480_d13_mf2.2_r1	PbFertility1_25_GCKO2_t1_r2	PbFertility1_26_GCKO2_t2_r2	PbFertility1_27_145480_t1_r2	PbFertility1_28_145480_t2_r2	PbFertility1_29_GCKO2_d0_b1_mf1_r2	PbFertility1_30_GCKO2_d0_b2_mf1_r2	PbFertility1_31_GCKO2_d0_b3_mf1_r2	PbFertility1_32_GCKO2_d0_b1_mf2_r2	PbFertility1_33_GCKO2_d0_b2_mf2_r2	PbFertility1_34_GCKO2_d0_b3_mf2_r2	PbFertility1_35_145480_d0_b1_mf1_r2	PbFertility1_36_145480_d0_b2_mf1_r2	PbFertility1_37_145480_d0_b3_mf1_r2	PbFertility1_38_145480_d0_b1_mf2_r2	PbFertility1_39_145480_d0_b2_mf2_r2	PbFertility1_40_145480_d0_b3_mf2_r2	PbFertility1_41_GCKO2_d13_mf1.1_r2	PbFertility1_42_GCKO2_d13_mf1.2_r2	PbFertility1_43_GCKO2_d13_mf2.1_r2	PbFertility1_44_GCKO2_d13_mf2.2_r2	PbFertility1_45_145480_d13_mf1.1_r2	PbFertility1_46_145480_d13_mf1.2_r2	PbFertility1_47_145480_d13_mf2.1_r2	PbFertility1_48_145480_d13_mf2.2_r2
PBANKA_010110	PbGEM-266100|PbGEM-266092|PbGEM-668501|PBANKA_010110	CAGCGTGATGT	800.0	747.0	838.5	991.0	3379.0	3981.5	3821.0	7865.0	6047.0	7027.5	3239.0	3742.0	3644.5	4010.5	3493.5	3788.0	5655.5	5534.0	6760.5	4881.5	6170.0	5684.5	4733.0	4520.0	747.5	762.0	781.0	809.0	3616.5	3864.5	3715.0	6923.5	6043.0	6195.5	3271.5	3527.5	4301.0	3998.5	3785.5	3474.0	5301.5	5931.0	7153.0	6874.0	6314.5	5363.5	5407.5	5087.0
PBANKA_010190	PbGEM-266188|PbGEM-266196|PbGEM-533115|PBANKA_010190|PbGEM-266180	CGGAGCAATGA	393.0	369.5	423.5	465.5	200.5	251.5	245.5	0.0	3.0	1.0	173.5	153.5	148.0	166.0	176.5	170.0	116.0	168.5	1.0	0.0	178.0	162.0	489.5	529.5	358.0	399.0	406.5	462.5	205.5	211.5	201.5	10.5	0.0	0.0	119.0	147.5	149.0	164.5	183.0	161.0	107.0	165.0	0.0	1.0	206.5	141.0	594.5	611.5
PBANKA_010240	PbGEM-327555|PbGEM-646128|PbGEM-266220|PbGEM-646697|PbGEM-645943|PbGEM-646168|PBANKA_010240|PbGEM-670653|PbGEM-646160|PbGEM-539507|PbGEM-646136|PbGEM-646176|PbGEM-646728|PbGEM-646706|PbGEM-646669|PbGEM-646668|PbGEM-645951|PbGEM-646144|PbGEM-646152	CGCTAAGTCCG	373.5	310.5	302.0	339.5	1.0	0.0	0.0	499.5	361.5	422.5	249.0	279.0	272.5	223.5	167.5	220.0	0.0	2.0	463.0	272.5	0.0	0.0	1.0	0.0	356.5	347.0	287.5	333.0	2.0	1.5	1.0	498.5	355.5	420.0	248.5	302.5	300.0	213.0	204.0	185.0	0.0	0.0	418.0	447.5	1.0	0.5	1.0	0.0
PBANKA_010330	PbGEM-266332|PbGEM-266340|PbGEM-533123|PBANKA_010330|PbGEM-327603	GCATGAAGGGC	206.0	155.5	172.5	215.0	167.0	190.5	213.5	125.5	69.5	102.0	140.5	180.5	145.0	217.5	181.0	208.5	45.5	16.0	1.5	0.0	59.0	42.0	54.5	50.0	175.5	179.0	168.5	115.5	163.0	185.0	200.5	94.0	77.5	80.5	153.0	191.0	180.5	233.5	182.5	172.0	36.5	22.5	1.0	0.0	74.5	42.0	57.0	35.5
PBANKA_010460	PbGEM-327635|PbGEM-668205|PbGEM-005722|PbGEM-226933|PbGEM-005714|PBANKA_010460	TCCGCCTATTA	334.0	283.5	253.5	321.0	377.0	433.0	476.5	208.0	159.5	195.0	335.0	415.5	411.5	17.0	24.0	17.0	1.0	0.5	6.0	1.5	401.5	544.0	30.0	46.0	272.5	297.5	282.5	306.0	381.5	381.0	427.0	153.5	151.0	133.0	354.5	371.5	461.0	29.0	27.0	29.5	3.0	4.5	1.0	2.0	446.5	477.5	36.0	40.0
PBANKA_010470	PBANKA_010470|PbGEM-266563|PbGEM-327643|PbGEM-645632|PbGEM-266547|PbGEM-645716|PbGEM-266555	CTCCGCTTCCC	479.0	421.0	465.5	432.0	521.5	587.5	561.0	216.0	213.0	208.0	425.5	439.0	409.0	418.0	390.0	436.5	273.0	310.0	89.5	31.5	662.0	701.0	547.0	509.5	479.5	450.5	496.5	431.5	523.0	585.5	553.0	250.0	201.0	205.5	398.0	429.5	502.0	430.5	385.0	430.0	239.0	359.5	101.0	49.0	754.0	658.5	656.5	590.5
PBANKA_010520	PbGEM-669013|PbGEM-227028|PbGEM-327667|PbGEM-005797|PbGEM-081484|PBANKA_010520	GCTCGTCGACC	481.5	423.5	389.0	447.0	191.0	250.5	194.0	554.0	381.5	475.5	427.0	480.0	483.5	425.0	322.0	365.5	240.0	151.5	320.0	238.0	503.5	437.5	308.5	307.5	506.5	452.0	405.5	386.0	200.5	229.0	198.0	428.5	423.5	398.0	401.5	444.0	544.0	423.0	370.5	394.0	248.0	174.0	331.0	352.5	574.5	438.0	400.5	321.0
PBANKA_010530	PbGEM-327675|PbGEM-266627|PBANKA_010530|PbGEM-266635	ATTATTTTGAT	618.0	456.5	470.5	520.0	916.5	1201.5	1069.5	365.5	248.0	312.0	512.0	579.0	539.5	212.0	147.5	193.5	66.0	78.0	0.0	7.0	73.5	75.0	78.5	64.5	568.0	514.5	438.0	463.5	958.5	1054.5	931.0	302.0	235.5	255.0	559.0	568.0	656.5	206.5	171.5	152.0	60.0	99.5	0.0	4.0	66.5	64.5	94.0	74.0
PBANKA_010590	PBANKA_010590|PbGEM-327691|PbGEM-005901|PbGEM-227138|PbGEM-537843	CGAACCCGGCG	243.0	214.0	216.0	276.0	0.0	0.0	0.0	184.5	174.0	145.5	116.5	138.0	124.5	6.5	5.5	8.5	0.0	0.0	166.5	111.5	158.5	146.5	36.5	9.5	232.5	221.0	211.0	215.0	1.0	1.0	0.0	180.0	134.0	150.0	112.0	135.0	82.0	7.0	14.0	9.5	0.0	0.0	176.0	193.0	198.5	170.0	47.0	13.0
PBANKA_010600	PBANKA_010600|PbGEM-327699|PbGEM-266699	CGGGCAGGACT	473.5	404.0	432.5	481.0	0.0	0.0	0.0	0.0	0.0	0.0	17.5	17.0	21.0	94.5	79.5	108.0	0.0	0.0	0.0	0.0	2.0	0.0	57.0	44.0	412.0	359.5	395.5	388.0	0.0	0.0	4.0	7.0	0.0	0.0	15.0	16.0	33.5	126.0	87.0	102.0	0.0	0.0	0.0	0.0	3.0	0.0	72.0	26.5
PBANKA_010740	PbGEM-227357|PbGEM-537851|PbGEM-527027|PbGEM-527019|PbGEM-327763|PbGEM-006127|PBANKA_010740	GTGGCAGATGT	498.5	312.0	389.0	392.5	95.0	123.5	114.5	184.0	155.5	163.5	73.0	75.0	79.0	157.5	134.5	153.5	24.5	109.0	120.5	73.0	22.0	49.5	117.0	74.0	404.0	364.5	368.5	323.0	123.5	137.0	126.5	201.5	152.0	164.5	74.0	111.5	107.5	172.0	152.0	130.5	35.5	99.0	104.0	134.0	19.0	50.0	154.5	110.5
PBANKA_010920	PbGEM-265388|PbGEM-227571|PbGEM-006311|PBANKA_010920	ATCACCGGCGT	435.5	385.5	419.5	504.0	9.5	8.0	8.5	0.0	0.0	0.0	51.0	47.5	31.5	43.5	39.0	43.5	18.5	0.0	0.0	0.0	50.5	30.0	96.5	69.5	405.5	441.0	420.5	407.0	9.5	4.0	11.0	9.5	0.0	0.0	40.0	51.5	52.5	47.0	50.5	38.5	21.0	0.0	0.0	0.0	45.0	27.5	118.0	68.0
PBANKA_020020	PbGEM-533227|PbGEM-267483|PbGEM-267475|PbGEM-673037|PBANKA_020020	TGTAGACTTCG	405.0	390.0	408.0	456.5	9.5	12.0	8.5	444.5	329.5	393.0	318.0	351.0	395.5	133.0	136.0	149.0	5.0	12.0	269.0	267.0	580.5	681.0	187.0	121.5	366.5	455.0	437.5	387.0	11.0	14.0	8.0	353.5	333.5	322.0	327.5	371.0	456.5	134.0	176.0	136.5	8.0	20.5	237.5	440.0	650.5	630.5	225.0	126.0
PBANKA_020270	PbGEM-267683|PBANKA_020270|PbGEM-267699|PbGEM-267691|PbGEM-669621	CGTTTTGGGCG	552.0	466.0	565.0	561.5	0.0	1.0	0.0	6.0	7.5	8.5	341.0	389.0	400.5	504.5	391.5	462.0	0.0	1.0	2.0	0.0	0.0	0.0	0.0	0.5	513.0	500.0	484.0	530.5	1.0	0.0	2.5	12.5	5.0	7.5	345.0	333.5	426.0	515.0	428.5	454.5	0.0	0.0	6.0	0.0	0.0	0.0	0.0	0.0
PBANKA_020420	PbGEM-267867|PbGEM-533259|PBANKA_020420|PbGEM-267883|PbGEM-267875	GGGATCTATAC	978.0	763.0	842.0	825.5	1560.0	2025.5	1859.0	1822.5	1330.0	1485.5	1206.5	1339.5	1295.5	676.5	610.5	622.5	4396.5	3539.5	1531.5	1123.5	34.0	12.0	22.5	11.5	864.0	756.0	765.5	767.5	1642.0	1832.5	1842.0	1551.0	1419.0	1352.5	1178.0	1341.5	1558.0	712.0	619.5	566.5	4356.5	3776.5	1610.5	1585.5	42.0	13.0	19.0	10.5
PBANKA_020510	PbGEM-007357|PBANKA_020510|PbGEM-327995|PbGEM-228478|PbGEM-265404	TGCTCCCTGGG	730.0	590.0	728.5	763.5	1524.0	2002.5	1822.5	1204.0	928.5	1189.0	794.0	792.0	800.5	1047.0	919.0	987.5	767.5	703.0	691.5	454.5	1197.5	1295.5	1117.5	992.5	682.5	678.5	732.0	679.0	1780.0	1904.5	1738.0	1185.0	908.5	993.5	701.5	880.5	963.0	1042.0	953.5	891.5	780.0	814.5	683.0	649.5	1282.0	1188.0	1205.0	1090.0
PBANKA_020610	PbGEM-268115|PBANKA_020610|PbGEM-268123|PbGEM-268131	GTGCCCACCTG	234.5	177.5	177.0	174.0	242.5	210.0	228.5	157.5	110.0	129.5	176.0	203.0	192.5	146.5	158.5	135.0	469.0	435.0	138.5	83.5	305.5	334.0	292.0	228.0	219.5	222.0	172.0	157.5	175.0	226.0	201.5	157.5	122.5	124.0	177.0	201.5	206.5	158.0	155.5	141.5	457.0	417.5	137.5	153.5	345.5	380.5	382.5	308.0
PBANKA_020960	PbGEM-268643|PbGEM-268635|PbGEM-268627|PbGEM-328107|PBANKA_020960	GGTCCTAGGAT	443.5	424.0	394.0	455.0	0.0	0.0	0.0	0.0	0.0	0.0	11.0	4.0	10.0	0.0	0.0	0.0	0.0	0.0	0.0	0.0	6.0	0.0	0.0	0.0	418.5	422.0	361.0	379.0	0.0	1.0	0.0	3.0	0.0	0.0	8.0	4.0	8.0	0.0	0.0	0.0	0.0	0.0	0.0	0.0	4.0	0.0	1.0	0.0
PBANKA_021200	PBANKA_021200|PbGEM-268883|PbGEM-268875	AGTCGAACCGG	1386.5	969.0	1020.5	1058.0	572.5	750.5	673.0	2093.0	1494.0	1720.5	610.5	806.0	753.5	295.0	286.0	278.0	888.0	821.0	1408.5	1053.5	706.0	746.5	407.5	285.0	1182.0	1050.5	985.5	1010.5	675.5	719.0	685.0	1731.5	1495.5	1528.5	675.0	730.0	786.5	281.0	281.5	268.0	877.5	892.0	1434.5	1620.5	743.5	720.0	459.0	288.5
PBANKA_030060	PBANKA_030060|PbGEM-328347|PbGEM-008781|PbGEM-008789|PbGEM-227502	TGTGCAGGTGC	219.5	162.5	185.0	182.0	4.0	4.5	4.0	113.5	107.5	125.0	175.0	183.0	186.0	393.5	307.0	324.5	11.0	27.0	195.5	154.0	185.5	256.0	370.5	355.0	212.0	190.0	180.0	176.0	6.0	8.0	1.0	90.0	88.0	98.0	157.0	163.0	193.0	339.0	339.0	306.5	21.0	28.0	224.5	233.0	228.0	273.0	411.0	459.0
PBANKA_030470	PbGEM-269819|PbGEM-328443|PbGEM-269811|PbGEM-269803|PBANKA_030470	CTAGTCGGGGT	458.0	369.5	417.0	420.0	130.5	176.5	167.5	626.5	444.0	514.5	265.5	295.0	271.5	735.5	700.5	726.5	228.5	221.0	313.0	234.5	299.0	211.0	1297.0	1126.5	437.5	399.5	441.5	401.5	172.0	168.5	157.0	578.5	410.0	444.5	260.0	324.5	309.5	789.0	715.0	671.0	205.0	214.5	337.0	383.0	331.5	196.0	1480.5	1356.0
PBANKA_030500	PbGEM-009429|PbGEM-083181|PbGEM-228180|PbGEM-009437|PBANKA_030500	CCAAGCGAGGC	481.5	394.5	395.0	443.5	831.0	1030.0	926.0	193.5	170.5	179.0	99.5	117.0	134.5	174.0	145.0	166.5	1080.5	678.5	156.5	65.5	149.0	152.0	257.0	208.0	431.5	426.5	404.5	365.0	886.5	1039.5	959.0	209.0	147.0	172.5	105.5	108.5	114.5	208.0	165.5	189.0	1101.0	709.0	186.5	106.0	164.5	130.0	271.0	276.5
PBANKA_030510	PbGEM-328467|PbGEM-228204|PbGEM-527083|PbGEM-083189|PBANKA_030510|PbGEM-527091|PbGEM-646980|PbGEM-527579|PbGEM-009453|PbGEM-083197|PbGEM-539643	AGACCGAGACA	477.5	383.5	396.0	420.5	1.0	0.0	0.0	737.0	542.5	602.5	242.5	287.5	297.0	52.5	59.5	62.0	2.5	0.0	366.0	301.0	374.0	402.0	93.5	118.5	468.0	419.0	326.0	360.0	1.0	0.0	1.5	650.0	520.5	540.5	252.5	284.0	361.5	55.5	53.0	42.5	0.0	0.0	404.0	434.0	392.5	373.0	104.5	131.0
PBANKA_030600	PbGEM-645659|PbGEM-270027|PbGEM-528156|PbGEM-270011|PbGEM-528297|PbGEM-645730|PbGEM-664245|PbGEM-646470|PBANKA_030600|PbGEM-645855|PbGEM-328491|PbGEM-528438|PbGEM-270019|PbGEM-646636	TTTGATTTTAT	442.5	385.0	392.0	409.0	61.5	84.5	61.5	2.0	0.0	2.0	71.5	82.5	80.5	91.0	68.5	115.0	86.0	55.5	0.0	0.0	91.0	75.0	250.5	218.5	408.0	404.5	365.5	366.0	60.0	63.0	53.5	6.0	0.0	0.0	90.5	82.0	103.5	81.0	74.5	94.0	79.5	73.5	0.0	0.0	105.5	61.0	234.0	256.0
PBANKA_030850	PbGEM-009892|PbGEM-228916|PbGEM-112045|PbGEM-009884|PBANKA_030850|PbGEM-228946|PbGEM-083426	ACGGACCAAGG	273.5	260.0	315.0	341.5	0.0	0.0	0.0	46.5	43.0	52.0	223.0	266.0	251.0	12.5	14.0	5.5	0.0	0.0	74.0	30.5	262.0	223.0	8.5	9.0	263.0	265.0	273.5	273.5	0.0	0.0	2.0	59.0	52.0	48.5	226.5	240.0	249.0	11.0	17.5	9.5	0.0	0.0	86.5	36.5	295.5	236.0	5.5	11.0
PBANKA_030970	PBANKA_030970|PbGEM-449268|PbGEM-270426|PbGEM-449252|PbGEM-449260|PbGEM-527099|PbGEM-670309|PbGEM-270434|PbGEM-270418|PbGEM-270410	ATCTGCTCACT	387.5	306.5	390.5	400.0	374.0	398.0	387.0	989.5	811.5	989.5	882.5	1055.0	1053.5	1443.5	1201.0	1372.0	548.5	375.5	810.0	571.0	1290.5	1579.5	2296.0	1970.0	350.0	350.0	357.5	362.5	353.0	424.0	407.0	910.0	820.5	911.0	851.5	934.5	1061.5	1457.5	1447.0	1318.5	448.5	435.5	872.0	835.5	1151.0	1383.0	2646.0	2177.0
PBANKA_031260	PbGEM-528057|PbGEM-010464|PbGEM-121242|PBANKA_031260|PbGEM-083784|PbGEM-229816|PbGEM-225995|PbGEM-112079|PbGEM-646364|PbGEM-646530|PbGEM-645749|PbGEM-528198|PbGEM-528339|PbGEM-664829	CGCTCCATGCC	286.5	221.0	223.5	252.0	81.0	97.5	94.5	326.0	221.0	321.5	144.0	185.0	145.0	115.0	124.0	137.5	154.5	168.5	333.5	255.0	260.0	372.5	121.0	160.5	273.0	260.0	199.5	224.0	117.0	113.0	93.0	333.5	253.0	308.5	159.0	131.5	157.0	138.5	137.5	100.5	141.5	155.5	391.0	359.5	288.5	356.0	145.5	214.0
PBANKA_031360	PbGEM-328675|PbGEM-533523|PbGEM-271010|PbGEM-271018|PBANKA_031360	CTATCCGCCAC	397.5	343.0	296.0	361.0	0.0	0.0	0.0	317.0	256.0	235.0	60.0	77.0	69.0	293.5	323.0	309.0	0.0	0.0	205.0	139.5	2.0	0.0	11.0	31.5	300.0	336.5	286.5	319.5	0.0	0.0	1.0	273.5	211.5	205.5	41.0	49.0	82.0	325.0	329.0	282.0	0.0	0.0	208.5	212.5	8.5	0.0	16.5	44.5
PBANKA_040050	PBANKA_040050|PbGEM-328739|PbGEM-271266|PbGEM-271274|PbGEM-271282	CGTATTTATTG	1963.0	1402.5	1647.5	1753.5	1701.5	2130.0	2042.0	74.0	61.0	51.5	287.0	304.5	325.5	533.0	437.0	474.0	1868.5	1367.0	67.5	49.0	305.0	335.5	700.5	924.5	1755.0	1648.5	1278.5	1604.0	1942.0	2025.0	1839.5	86.5	59.5	44.0	310.5	259.5	364.5	502.5	488.5	438.0	1652.5	1503.5	51.0	77.5	324.0	326.0	778.5	1101.5
PBANKA_040170	PbGEM-328771|PBANKA_040170|PbGEM-271394|PbGEM-271386	CCGATGTGCAC	1397.5	986.0	1010.5	1313.5	1292.5	1508.0	1385.5	1934.5	1572.0	1688.5	1541.5	1842.5	1856.0	1307.5	1221.0	1289.5	2167.5	1861.5	1232.5	759.0	1793.0	1705.5	924.0	961.5	1243.5	1099.0	946.5	1023.5	1345.0	1461.0	1377.5	1683.0	1654.5	1513.0	1586.5	1789.0	1992.0	1387.0	1288.0	1241.0	2210.5	2155.0	1162.0	1200.5	1921.5	1636.5	1029.5	1192.0
PBANKA_040280	PbGEM-228523|PBANKA_040280	CAGACGCTGAA	180.0	139.5	171.0	180.5	346.0	414.0	375.0	201.0	175.0	193.0	345.0	368.5	385.0	123.5	138.0	94.5	566.0	384.5	148.5	104.5	554.0	448.0	165.0	135.5	173.0	151.5	160.0	140.5	415.5	417.0	417.0	211.0	166.5	184.5	325.0	414.5	463.5	121.5	131.0	132.0	586.0	448.5	164.0	205.0	698.5	425.5	198.5	162.5
PBANKA_040840	PbGEM-012020|PBANKA_040840|PbGEM-229805|PbGEM-264140	CACAACTAGAC	387.5	343.5	418.0	480.5	29.5	19.0	34.5	237.0	188.0	200.0	135.0	206.0	173.0	428.5	394.0	407.5	0.5	1.0	9.5	0.0	312.5	335.5	896.5	841.5	370.5	385.5	377.0	390.0	30.5	39.5	48.5	212.5	184.5	183.5	169.0	187.0	192.0	431.5	450.5	382.5	0.0	0.0	3.0	0.0	358.5	308.5	1130.5	1045.0
PBANKA_040940	PbGEM-528230|PbGEM-528089|PbGEM-646563|PBANKA_040940|PbGEM-112329|PbGEM-645782|PbGEM-646397|PbGEM-229925|PbGEM-528371|PbGEM-012138|PbGEM-111754	ATGCGCGCAAA	95.5	105.5	89.0	91.5	0.0	0.0	0.0	155.0	119.5	125.5	20.5	21.5	24.0	5.0	7.0	4.0	0.0	1.0	200.5	118.0	1.0	2.0	0.0	0.0	99.5	92.0	98.5	84.0	0.0	0.0	0.0	129.5	96.0	106.0	14.0	21.0	32.5	6.5	5.0	7.0	0.0	0.0	196.5	170.0	2.5	8.0	0.0	0.0
PBANKA_041010	PbGEM-012250|PbGEM-230013|PBANKA_041010	GCGGATCTAGC	246.5	169.0	198.5	214.5	877.5	1081.5	967.0	1018.5	745.0	834.0	313.0	405.5	331.5	468.5	413.5	455.0	922.0	834.0	733.5	669.5	652.0	631.0	713.5	794.0	271.0	228.5	208.5	182.0	889.5	1104.5	941.5	818.0	742.0	705.0	330.5	378.0	425.0	423.5	458.0	432.5	914.5	873.0	801.0	944.0	732.0	623.5	815.0	872.5
PBANKA_041300	PbGEM-272650|PBANKA_041300|PbGEM-329059|PbGEM-272658|PbGEM-647115	TACACGCCCCC	452.5	348.5	345.0	414.0	399.5	498.5	450.0	1186.5	830.5	1028.0	106.5	143.5	152.5	237.0	204.5	213.0	612.0	724.0	1535.0	1277.0	99.5	142.5	187.5	233.0	453.0	456.5	372.0	363.0	424.0	452.0	470.0	1015.0	907.0	907.0	122.0	138.0	136.0	215.0	188.5	203.0	600.0	720.0	1688.0	1815.5	90.0	125.5	205.5	231.0
PBANKA_041810	PbGEM-273306|PBANKA_041810|PbGEM-273290|PbGEM-329187|PbGEM-646993|PbGEM-273298	TGTTGAGACAG	934.5	771.0	815.0	854.5	34.5	37.0	37.5	38.0	26.5	32.5	86.5	103.0	121.5	721.5	602.5	628.0	4.5	14.0	3.0	0.0	120.0	103.0	404.0	374.0	844.0	886.5	766.5	740.5	39.0	48.0	40.0	46.0	25.0	29.0	95.5	88.5	145.0	660.5	674.0	609.5	1.0	20.0	2.0	0.0	120.5	87.0	448.0	456.0
PBANKA_050120	PbGEM-273538|PBANKA_050120|PbGEM-273546|PbGEM-329235	CTCGGGAGGGG	716.5	587.0	677.5	806.5	3187.5	3913.0	3422.0	6315.0	4772.5	5431.5	3409.5	3645.0	3851.0	6362.5	5631.5	6028.5	2890.0	2056.0	7176.5	5482.5	5569.0	5139.5	7401.5	6497.0	693.0	674.5	666.0	680.5	3562.0	3750.5	3507.5	5237.0	4842.5	4903.5	3438.0	3542.0	4316.5	6486.5	5970.5	5699.5	2683.0	2185.0	7525.0	8251.0	5696.0	5077.0	9322.0	7648.5
PBANKA_050265	PbGEM-231805|PbGEM-013815|PbGEM-013823|PbGEM-673301|PbGEM-538075|PBANKA_050265	TTCTGGGGAAG	732.0	472.0	517.5	514.0	0.0	0.0	0.0	276.0	189.0	227.0	123.5	148.0	136.5	420.5	352.5	401.5	0.5	0.0	107.5	50.0	165.5	131.5	467.0	398.5	656.0	559.5	489.0	496.0	0.0	1.0	4.0	244.5	208.0	214.0	121.5	138.0	154.5	404.0	354.5	375.0	2.0	0.0	116.5	82.5	149.5	122.0	553.0	428.0
PBANKA_050300	PbGEM-273850|PBANKA_050300|PbGEM-273842|PbGEM-670965|PbGEM-533723	GAATCATAACA	373.5	352.5	450.5	523.0	435.0	485.5	418.0	0.5	0.0	0.0	425.0	508.0	524.0	101.0	102.5	88.5	390.0	462.0	0.0	0.0	535.5	490.0	76.5	82.0	345.0	393.5	419.5	391.5	416.0	459.0	447.5	8.5	0.0	0.0	461.0	527.5	572.0	105.0	105.5	92.5	409.0	467.5	0.0	1.0	547.5	456.5	65.0	89.5
PBANKA_050500	PbGEM-085541|PbGEM-646930|PbGEM-329347|PbGEM-085549|PBANKA_050500|PbGEM-230629	GCGTCGATCAA	253.5	219.0	264.0	284.0	0.0	0.0	0.0	0.0	0.0	0.0	0.0	1.0	0.0	0.0	0.0	0.0	0.0	0.0	0.0	0.0	0.0	0.0	0.0	0.0	252.5	251.0	278.0	235.0	0.0	0.0	0.0	3.0	0.0	1.0	0.0	0.0	0.0	0.0	0.0	0.0	0.0	0.0	0.0	0.0	0.0	0.0	0.0	0.0
PBANKA_050970	PbGEM-274722|PbGEM-329507|PbGEM-274714|PBANKA_050970	CTCCGGGATTC	406.0	396.5	372.0	454.0	0.0	0.0	0.0	0.0	0.0	0.0	2.0	1.0	2.0	54.5	54.5	65.0	0.0	0.0	0.0	0.0	0.0	0.0	24.5	7.0	390.0	463.5	372.0	339.5	0.0	1.0	1.0	7.0	0.0	0.0	2.0	1.0	4.0	52.5	56.5	69.5	0.0	0.0	0.0	0.0	0.0	0.0	30.5	8.5
PBANKA_051050	PbGEM-274842|PBANKA_051050|PbGEM-329539	AAGATCTGCCA	412.5	323.5	328.5	343.5	0.0	0.0	0.0	733.0	566.5	622.0	284.5	349.0	328.5	354.0	278.5	298.5	0.0	0.0	1548.5	971.0	388.0	323.0	477.0	416.5	390.0	353.5	304.5	332.5	1.0	2.5	1.0	621.5	583.0	599.0	283.0	320.0	367.5	347.0	310.0	332.5	0.0	1.0	1615.5	1387.0	384.0	337.0	547.5	493.0
PBANKA_051060	PbGEM-329547|PbGEM-646729|PbGEM-274850|PBANKA_051060	CGTGTGATGCC	605.5	517.0	623.0	650.5	600.5	763.5	657.5	2256.0	1826.0	1960.5	501.0	573.5	575.0	1751.5	1551.0	1649.5	1175.0	975.0	3000.5	2866.0	0.5	0.0	1.0	1.5	602.5	542.0	543.5	584.0	649.5	690.0	623.0	1969.0	1799.0	1735.5	497.0	554.0	638.5	1726.5	1705.5	1469.5	1171.0	1000.5	3196.0	3906.5	0.5	1.0	0.0	1.5
PBANKA_051080	PbGEM-274882|PBANKA_051080|PbGEM-274890	CCCGATCTGAT	1053.0	911.0	833.0	967.5	23.0	22.0	22.5	15.0	19.0	13.5	7.0	4.0	8.5	40.0	37.5	44.5	14.0	46.0	6.0	10.5	20.0	4.0	52.0	44.0	1027.5	968.0	863.0	823.5	24.0	22.5	16.5	38.0	18.5	13.0	9.0	7.0	5.0	49.5	47.5	49.0	10.5	39.0	3.0	23.5	28.0	1.0	65.0	53.0
PBANKA_051360	PBANKA_051360|PbGEM-231863|PbGEM-015379|PbGEM-329635|PbGEM-539531	CCGTCGAAACT	515.0	394.5	390.0	453.0	182.0	196.5	180.5	822.0	625.0	726.0	286.0	359.0	325.5	401.5	368.5	371.0	158.5	229.0	699.0	404.5	254.5	224.5	331.0	342.0	481.5	448.0	412.0	423.5	182.5	219.5	195.5	670.5	584.0	600.0	282.5	302.5	371.5	450.0	398.5	358.0	171.5	252.5	703.5	677.5	241.0	268.5	376.0	426.0
PBANKA_051720	PbGEM-015916|PBANKA_051720|PbGEM-665581|PbGEM-232399	GGTATGAGCCC	303.0	306.5	257.0	256.0	266.5	339.5	326.5	529.5	418.0	400.0	1154.5	1376.0	1211.5	512.0	434.5	505.0	449.0	330.5	977.0	660.0	1444.0	1311.0	526.5	463.5	319.5	274.5	240.5	285.0	302.0	311.0	316.5	446.5	393.5	415.5	1130.5	1267.0	1461.5	504.5	465.0	491.0	438.0	319.0	927.0	935.5	1516.0	1391.5	559.5	574.5
PBANKA_051760	PbGEM-086328|PbGEM-086320|PbGEM-232500|PbGEM-015980|PBANKA_051760|PbGEM-329731	ATGCGGGACTT	327.0	321.5	351.0	380.0	268.0	319.0	301.5	0.5	0.0	0.0	6.0	6.5	6.0	214.0	217.0	211.5	609.0	620.5	0.0	0.0	3.5	6.0	230.5	198.5	343.0	342.0	312.5	328.0	312.0	271.0	302.0	12.0	0.0	0.0	8.5	4.0	3.0	253.0	189.5	181.5	550.5	608.0	1.0	0.0	8.0	3.0	264.0	243.5
PBANKA_051930	PbGEM-276058|PbGEM-276050|PBANKA_051930|PbGEM-276066|PbGEM-669781|PbGEM-646809|PbGEM-533899	CTACAGGCACC	482.0	379.0	405.5	489.0	763.5	931.5	961.5	312.0	229.0	272.5	160.5	191.0	197.0	408.5	430.5	472.0	1961.0	1582.5	148.5	161.0	241.0	183.5	1133.0	1010.5	435.0	415.0	428.0	433.0	931.0	946.0	919.5	308.5	231.0	228.0	175.0	177.5	216.5	455.5	483.5	403.5	2056.0	1753.0	156.5	215.5	282.5	153.0	1231.0	1206.5
PBANKA_052010	PBANKA_052010|PbGEM-276218|PbGEM-664341|PbGEM-276226|PbGEM-276234|PbGEM-329795	GCTCCCCACAT	415.5	355.0	363.5	369.5	0.0	0.0	0.0	0.0	0.0	0.0	48.0	51.5	34.0	82.5	68.0	79.0	0.0	0.0	0.0	0.0	67.0	54.0	40.0	28.5	396.5	385.5	334.0	352.0	0.0	1.0	2.0	3.0	0.0	1.0	40.5	32.5	53.5	54.0	68.0	49.0	0.0	0.0	0.0	0.0	67.0	63.0	54.0	38.0
PBANKA_052240	PbGEM-668213|PbGEM-276490|PBANKA_052240|PbGEM-276498|PbGEM-645744|PbGEM-276506|PbGEM-538163|PbGEM-645640|PbGEM-646810	CAAATATGCAA	367.0	387.5	464.0	503.0	725.0	883.5	770.5	5.5	8.0	11.5	3.5	0.0	0.0	424.0	415.5	409.0	1027.5	736.5	16.0	0.0	0.0	4.0	451.0	361.0	368.5	418.5	408.0	425.0	734.0	836.5	814.0	22.0	6.5	7.0	0.0	0.0	0.0	431.5	387.5	395.0	1049.0	803.0	16.0	0.0	0.0	6.0	538.5	424.5
PBANKA_052320	PbGEM-086796|PbGEM-645661|PbGEM-645708|PbGEM-233518|PbGEM-016820|PBANKA_052320	CCATTTTCCAT	365.0	318.0	346.5	382.5	464.0	635.5	526.5	486.5	351.0	437.0	276.5	261.5	266.5	280.0	296.0	320.0	320.0	244.0	266.5	254.5	252.0	246.0	558.5	679.0	336.0	349.0	330.0	362.0	531.0	566.5	550.5	379.0	353.0	355.0	238.5	256.5	265.0	315.0	280.5	262.0	309.5	274.5	254.5	373.5	279.0	261.0	593.5	829.5
PBANKA_052430	PbGEM-233752|PBANKA_052430|PbGEM-016974|PbGEM-086833|PbGEM-016982	TCCAATATTAC	400.5	348.0	370.5	407.0	464.5	499.5	460.5	340.0	292.0	330.5	100.5	149.5	123.5	294.0	259.0	317.0	722.5	452.5	300.5	332.0	308.0	229.0	277.5	261.0	386.5	382.5	346.0	324.5	490.5	458.5	445.0	305.0	324.5	296.0	100.0	137.5	146.5	323.0	239.5	300.0	697.0	472.0	314.0	433.0	342.5	258.0	338.0	277.0
PBANKA_060240	PbGEM-528142|PbGEM-645837|PbGEM-646618|PBANKA_060240|PbGEM-017299|PbGEM-528424|PbGEM-646452|PbGEM-234221|PbGEM-329979|PbGEM-017291|PbGEM-528283	CAACGTGAGCA	405.5	292.5	367.0	372.5	0.0	1.0	0.0	624.0	512.5	462.0	64.0	74.5	77.0	26.0	15.5	29.0	0.0	0.5	278.0	248.5	143.0	155.0	33.5	6.0	356.0	340.0	298.5	311.5	0.0	0.0	0.0	497.0	444.0	459.0	56.0	66.0	82.0	24.0	17.5	9.5	0.0	0.0	318.5	316.5	134.0	165.0	33.5	2.0
PBANKA_060390	PbGEM-534019|PbGEM-277234|PbGEM-647211|PbGEM-277242|PBANKA_060390|PbGEM-277250	ATGTTGATCAC	287.5	312.0	336.5	365.5	0.0	0.0	0.0	56.0	53.5	50.5	43.0	45.0	50.0	204.5	159.5	187.0	1.0	0.5	64.0	45.5	60.5	80.5	115.5	135.5	315.0	270.0	321.5	320.5	0.0	0.0	1.0	62.5	51.5	67.0	56.0	46.0	80.5	198.5	206.0	193.5	0.0	0.0	42.5	59.5	66.0	80.0	109.0	163.0
PBANKA_061110	PbGEM-233677|PBANKA_061110|PbGEM-666629|PbGEM-087458|PbGEM-018558	GATATGGTAAG	387.0	328.5	366.5	451.5	0.0	0.0	0.0	79.0	56.5	58.0	341.0	370.5	362.5	147.0	151.0	165.5	1.5	1.0	144.5	114.5	496.0	381.0	134.0	207.5	393.5	403.5	345.0	355.0	0.0	0.0	0.0	64.0	50.5	60.0	343.0	370.5	407.5	169.0	163.0	123.5	0.0	0.0	153.5	192.0	483.5	397.0	176.0	222.5
PBANKA_061140	PbGEM-233743|PbGEM-087479|PbGEM-646708|PbGEM-018606|PbGEM-018598|PBANKA_061140	AGAACATACTG	323.5	219.5	236.5	274.5	47.5	48.0	62.0	2.0	3.0	6.0	56.5	67.0	71.5	36.0	30.0	30.0	12.0	9.0	7.0	7.5	46.0	60.5	35.5	54.5	284.5	279.5	253.0	233.5	48.5	59.5	64.5	6.0	3.0	1.0	58.5	55.5	40.5	52.5	40.0	26.5	8.5	14.0	6.5	13.0	51.0	51.0	36.0	51.5
PBANKA_061570	PbGEM-330283|PbGEM-278674|PBANKA_061570|PbGEM-278682|PbGEM-278666	AACTTGTACAA	385.5	426.0	413.5	506.0	0.0	1.0	0.0	0.0	0.0	0.0	0.0	0.0	0.0	0.0	0.0	0.0	0.0	0.0	0.0	0.0	0.0	0.0	0.0	0.0	340.5	420.5	413.5	423.5	0.0	0.0	1.0	12.0	0.0	0.0	0.0	0.0	0.0	0.0	0.0	0.0	0.0	0.0	0.0	0.0	0.0	0.0	0.0	0.0
PBANKA_061590	PbGEM-278754|PbGEM-278738|PbGEM-278746|PBANKA_061590|PbGEM-341555	AATGCCCCCTG	348.0	360.0	354.0	392.5	0.0	1.0	0.0	0.0	0.0	0.0	32.0	31.0	39.0	45.0	62.0	46.0	0.0	0.0	0.0	0.0	40.5	5.0	62.0	72.5	293.0	365.0	311.0	354.0	0.0	0.0	1.0	7.0	0.0	0.5	31.0	38.0	42.5	64.0	63.0	67.0	0.0	0.0	0.0	0.0	21.0	12.5	56.5	86.0
PBANKA_061670	PbGEM-646732|PbGEM-072498|PBANKA_061670	TCTCGGTTAT	735.0	579.0	683.5	737.5	1544.0	1931.5	1755.5	1523.0	1165.0	1370.0	3461.5	3887.5	3790.5	2004.5	1761.0	1895.5	8.5	21.5	0.5	2.5	4844.5	4928.0	2237.5	2054.5	655.5	630.0	674.0	678.5	1694.5	1752.0	1716.5	1363.0	1255.0	1241.0	3404.0	3811.5	4014.0	2145.0	1927.0	1799.0	2.0	15.5	1.5	1.0	4927.0	4938.0	2630.0	2275.5
PBANKA_061680	PbGEM-528434|PbGEM-646462|PbGEM-528152|PbGEM-019373|PBANKA_061680|PbGEM-645847|PbGEM-234694|PbGEM-528293|PbGEM-646628	CGGCCCGGATA	360.5	325.5	326.0	327.5	2.5	1.5	2.0	0.0	0.0	0.0	1.0	0.0	1.0	0.0	1.0	2.0	2.0	3.0	0.0	1.0	1.0	1.0	0.5	0.0	347.5	283.0	279.0	325.5	0.0	1.5	5.0	3.0	0.0	0.0	4.0	0.0	1.0	0.0	0.0	0.0	9.0	6.5	0.0	0.0	7.0	2.0	0.0	1.0
PBANKA_062070	PbGEM-647251|PbGEM-534219|PBANKA_062070|PbGEM-279506|PbGEM-279514	GTATTAGGACC	484.5	470.5	501.5	552.5	0.0	0.0	0.0	0.5	0.0	0.0	72.0	63.5	63.5	607.0	543.0	561.5	0.0	2.0	0.0	0.0	58.0	27.0	744.0	732.5	464.0	498.5	487.0	522.5	0.0	0.5	2.0	11.0	0.0	0.0	63.0	82.5	74.5	620.5	566.5	570.0	1.0	0.0	0.0	0.0	87.0	21.5	845.5	805.0
PBANKA_062320	PbGEM-235993|PbGEM-020278|PbGEM-330443|PbGEM-646783|PbGEM-088419|PBANKA_062320|PbGEM-088411	CTGAATACTCG	472.5	374.0	427.5	455.5	185.0	238.0	252.0	99.5	97.0	106.5	9.0	17.0	15.0	12.5	5.0	6.0	263.0	169.5	0.0	6.0	3.0	15.0	15.5	0.0	454.0	408.0	406.0	401.0	184.0	221.5	228.5	101.0	98.5	98.0	14.5	17.0	22.0	15.0	10.5	7.0	230.5	175.5	0.0	9.0	4.0	16.0	27.0	0.0
PBANKA_070990	PBANKA_070990|PbGEM-281290|PbGEM-281298	CTAATTTTATT	446.5	388.0	357.0	385.0	145.5	202.5	202.0	106.0	81.0	87.0	300.0	328.0	309.5	299.5	225.5	245.5	32.5	19.5	10.5	0.0	33.0	14.0	39.0	47.5	394.5	392.5	371.5	335.0	157.5	185.0	201.0	105.0	71.0	87.0	289.0	325.0	360.0	273.5	238.5	228.5	48.0	20.0	11.0	0.0	46.0	11.0	45.0	49.0
PBANKA_071220	PbGEM-112148|PbGEM-647307|PbGEM-022041|PbGEM-235226|PbGEM-235245|PbGEM-111890|PbGEM-226189|PBANKA_071220	CTCTTAATAGG	469.0	443.5	499.5	514.5	428.0	462.5	455.5	787.0	660.5	726.0	871.0	931.5	1025.5	613.5	571.0	578.5	919.0	743.0	587.0	535.5	1504.0	1420.5	779.0	784.0	445.5	517.5	444.5	438.5	429.0	432.0	479.5	710.0	628.0	622.0	826.5	944.5	1066.5	640.0	581.5	549.0	877.5	780.0	621.0	839.0	1583.5	1270.0	766.5	861.0
PBANKA_071350	PbGEM-330891|PbGEM-646942|PBANKA_071350	TCCGTTCCACC	211.0	168.5	185.5	222.0	157.0	165.5	154.5	531.5	411.5	453.5	337.5	339.5	389.5	1196.0	1010.5	1072.0	185.0	269.5	748.5	605.5	0.0	0.0	0.0	0.0	173.0	194.0	149.5	166.0	177.0	214.0	188.5	469.0	399.0	430.0	333.0	349.5	448.0	1254.5	1162.0	1037.0	200.0	314.0	804.0	867.0	0.5	0.0	0.0	0.5
PBANKA_071600	PbGEM-330963|PbGEM-281970|PBANKA_071600|PbGEM-281978	CCTCACTTCCG	9.0	8.0	10.0	13.5	26.5	28.5	38.5	10.5	7.0	10.5	0.0	1.5	3.0	12.0	14.5	5.0	13.0	10.0	0.0	0.0	3.0	0.0	4.0	2.0	8.5	11.5	11.0	9.5	27.0	32.5	37.5	7.0	6.0	11.0	2.0	2.0	1.0	13.0	12.5	7.0	10.0	19.5	2.0	1.0	1.0	5.0	4.5	3.0
PBANKA_071870	PbGEM-282298|PbGEM-331019|PbGEM-282290|PbGEM-282282|PBANKA_071870	AACGCTCAAAA	1574.5	1046.0	1147.0	1199.0	2318.0	2813.5	2537.0	4035.0	3233.5	3425.0	1877.0	2193.0	2155.5	1953.0	1743.0	1853.5	3015.0	2721.5	4811.5	3598.0	3386.5	3026.0	2621.0	2365.5	1481.5	1223.5	1072.0	1042.0	2525.0	2763.0	2557.0	3513.0	3170.0	3183.0	1908.5	2133.5	2481.5	2002.0	1901.5	1750.5	2963.5	2935.0	5240.0	5179.0	3574.0	2872.0	3125.0	2770.0
PBANKA_072200	PbGEM-331099|PBANKA_072200|PbGEM-023301|PbGEM-237378	CGTAACTTGAT	965.0	1009.5	1186.5	1304.0	0.0	0.0	0.0	0.0	0.0	0.0	0.0	0.0	0.0	52.5	55.0	62.5	0.0	0.0	0.0	0.0	0.0	0.0	2.0	5.5	815.0	1119.5	1081.0	1018.5	0.5	1.0	2.0	19.0	0.0	1.0	0.0	0.0	0.5	52.0	59.0	45.0	0.0	0.0	0.0	0.0	0.0	0.0	2.5	3.0
PBANKA_080010	PbGEM-331123|PbGEM-282730|PbGEM-282722|PBANKA_080010	CAAGTGCTGTC	325.0	222.5	251.5	235.0	32.0	39.5	26.5	161.5	109.0	157.0	130.5	180.5	147.0	159.0	139.5	163.0	141.0	106.0	144.5	132.5	199.0	139.0	184.0	145.0	324.0	239.0	216.0	203.5	39.5	49.5	46.0	147.0	105.0	134.5	147.0	164.5	152.5	159.0	164.0	155.5	125.0	112.5	136.0	172.5	188.0	110.5	198.5	240.0
PBANKA_080630	PbGEM-646638|PbGEM-645857|PbGEM-665501|PbGEM-236398|PbGEM-528299|PbGEM-467281|PbGEM-090491|PbGEM-528158|PbGEM-024283|PbGEM-538339|PBANKA_080630|PbGEM-331395|PbGEM-528440|PbGEM-646472	GAAGGTGGTAC	251.5	213.0	180.5	250.0	107.5	119.5	106.5	73.0	67.5	67.0	1113.0	1170.5	1119.5	174.5	144.0	149.5	1.0	0.0	14.0	0.0	807.5	901.0	188.5	105.0	261.5	226.0	232.5	233.0	104.5	110.5	107.0	67.0	50.5	76.0	982.5	1150.5	1328.5	177.5	178.5	153.5	0.0	0.0	17.0	1.0	821.5	871.5	173.5	147.0
PBANKA_080650	PbGEM-090509|PbGEM-024315|PBANKA_080650|PbGEM-645641|PbGEM-236451|PbGEM-645702	ATTCGGGTTAA	243.0	171.0	219.5	211.0	1.0	0.0	0.0	1063.0	857.0	926.5	44.5	59.0	45.5	91.0	72.0	69.5	0.0	1.0	546.0	483.0	23.0	57.5	60.5	67.5	193.5	203.5	180.0	188.5	0.0	0.0	1.0	934.5	797.0	863.0	45.0	39.0	58.0	77.5	66.5	71.0	0.0	0.0	665.0	604.0	35.0	69.0	83.0	61.5
PBANKA_080670	PbGEM-331411|PbGEM-283546|PbGEM-534515|PbGEM-283554|PBANKA_080670|PbGEM-283562	TTCTATCTGAG	395.0	337.5	339.5	385.0	0.0	0.0	0.0	234.0	198.5	231.5	0.0	0.0	0.0	460.0	396.0	415.0	0.0	0.0	6.5	6.0	0.0	0.0	237.5	171.0	339.5	364.0	323.5	340.5	0.5	0.0	1.0	232.5	169.0	191.5	0.0	0.0	1.0	392.5	427.5	393.5	0.0	0.0	12.0	12.5	0.0	0.0	279.0	218.5
PBANKA_080710	PBANKA_080710|PbGEM-675605|PbGEM-283586|PbGEM-331419|PbGEM-283594	GCGGGCCACGC	168.0	105.0	105.0	119.5	169.5	260.5	238.5	265.0	216.5	175.5	126.0	141.5	117.5	293.5	264.5	289.0	175.5	154.0	182.0	125.5	322.0	309.0	343.0	377.5	130.0	108.5	117.0	101.5	181.0	252.0	209.5	202.5	191.5	174.0	127.0	131.5	179.5	313.5	295.5	292.5	187.0	165.0	222.0	175.5	327.0	335.5	494.5	432.0
PBANKA_081240	PbGEM-341547|PBANKA_081240|PbGEM-284082|PbGEM-284090|PbGEM-284098	ATCCTGGCACA	432.0	392.0	446.0	517.5	0.0	0.0	0.0	434.5	374.5	415.5	3.0	5.0	8.5	18.5	10.0	11.0	0.0	0.0	251.5	178.0	6.5	15.5	13.0	1.5	398.0	451.0	427.5	437.0	0.0	0.0	0.0	447.5	368.5	367.0	4.5	5.5	2.0	7.0	10.0	20.0	0.0	0.0	279.0	265.0	4.0	20.5	12.0	10.0
PBANKA_081300	PbGEM-534555|PbGEM-331515|PbGEM-284170|PBANKA_081300|PbGEM-667037|PbGEM-284162|PbGEM-284154	TCGAGCCCTGG	366.0	310.5	377.0	453.5	0.0	0.0	0.0	20.0	14.0	18.0	288.5	285.5	270.5	55.0	52.0	72.0	0.0	0.0	11.5	4.0	90.0	112.5	41.5	32.5	308.0	380.5	317.0	350.5	0.0	0.0	2.0	20.5	25.5	17.5	299.0	285.0	341.0	68.5	65.5	54.0	0.0	0.0	6.0	9.0	109.5	123.0	60.0	35.5
PBANKA_081700	PbGEM-646543|PbGEM-646377|PbGEM-238732|PbGEM-025757|PbGEM-528211|PbGEM-528070|PbGEM-238770|PbGEM-226205|PbGEM-528352|PbGEM-645762|PbGEM-331627|PBANKA_081700|PbGEM-025749	CGGATAGTCGT	391.5	351.0	369.5	437.5	313.5	399.0	349.0	858.5	703.0	713.5	145.5	147.5	153.5	211.0	197.5	226.5	0.0	7.0	4.5	7.0	276.0	226.0	513.0	337.0	416.5	348.0	394.5	397.0	354.5	418.0	414.0	666.5	686.5	670.0	135.0	155.5	179.0	268.0	268.0	198.0	0.0	3.5	5.0	10.0	316.5	230.0	546.5	373.5
PBANKA_081950	PbGEM-026038|PbGEM-331691|PbGEM-265460|PbGEM-667829|PbGEM-239423|PBANKA_081950	TGCAGGACAGC	226.0	145.0	218.5	227.0	447.0	600.0	552.0	405.0	310.5	361.0	144.5	197.5	164.5	258.0	274.5	253.5	593.0	610.0	279.5	149.0	278.0	243.0	218.0	290.5	162.0	173.5	190.5	148.5	538.0	552.0	558.5	306.0	295.5	261.0	153.5	174.0	190.5	245.5	324.5	250.0	534.5	673.5	318.0	214.0	311.0	255.0	248.0	384.5
PBANKA_082130	PbGEM-285074|PbGEM-285066|PBANKA_082130	CCTCTAGAGGC	535.5	396.5	433.0	497.5	15.5	4.0	16.0	358.5	311.5	349.5	392.0	434.5	434.0	63.5	45.0	76.5	2.0	0.0	441.5	326.5	613.5	477.5	88.5	50.5	498.0	468.0	438.0	426.0	7.0	15.0	16.0	327.0	307.0	283.0	369.5	384.5	464.5	57.0	60.0	71.0	3.0	0.0	515.5	491.5	654.5	440.0	99.0	78.0
PBANKA_082300	PbGEM-285226|PbGEM-331755|PBANKA_082300|PbGEM-285234	ACAAACGGAAA	513.5	391.0	378.0	432.0	269.5	318.0	253.5	0.0	0.0	0.0	47.5	52.5	53.5	38.5	27.5	27.0	0.0	23.0	0.0	0.0	2.0	18.0	11.5	9.0	413.0	422.0	373.0	342.0	283.0	324.5	258.0	8.5	0.0	0.0	25.0	55.0	61.0	32.5	20.5	32.0	0.0	16.0	0.5	0.0	2.0	25.5	9.5	10.0
PBANKA_082740	PbGEM-259700|PbGEM-091795|PbGEM-091803|PBANKA_082740	AGGGTGAACAG	405.0	372.5	469.5	500.5	0.0	0.0	0.0	0.0	1.0	0.0	324.0	353.5	374.5	41.0	29.5	52.5	0.0	0.0	0.0	0.0	342.5	479.5	66.0	19.0	383.0	371.0	400.5	413.0	0.0	0.0	0.0	6.0	0.0	0.0	306.5	372.5	441.5	56.5	53.5	42.0	0.0	0.0	0.0	0.0	350.5	484.0	97.5	29.5
PBANKA_082800	PbGEM-646256|PbGEM-646248|PbGEM-646264|PBANKA_082800|PbGEM-646702|PbGEM-646693|PbGEM-646232|PbGEM-091835|PbGEM-646676|PbGEM-259748|PbGEM-646723|PbGEM-646240|PbGEM-027041|PbGEM-646007|PbGEM-645999|PbGEM-646675|PbGEM-646015|PbGEM-646677|PbGEM-331891|PbGEM-091843|PbGEM-646678|PbGEM-646023	GCATCATCCCC	417.5	340.0	364.5	382.0	345.0	429.0	411.0	155.5	136.0	154.0	119.5	139.0	112.5	805.0	722.0	756.0	0.5	0.0	0.0	0.0	0.0	0.0	0.0	0.0	388.0	386.0	345.0	328.5	347.0	367.0	351.0	150.5	143.5	146.5	121.0	143.5	125.5	787.0	744.0	699.0	0.0	0.0	0.0	0.0	0.0	0.0	0.0	0.0
PBANKA_083460	PbGEM-264156|PBANKA_083460|PbGEM-260252|PbGEM-092278|PbGEM-027995	TTTCCAGCTAA	525.0	398.0	486.0	521.0	3491.0	4306.5	3738.0	2240.0	1766.5	2050.5	919.5	976.0	1067.5	1292.0	1218.0	1230.5	5916.5	5425.0	1792.5	1148.5	0.0	1.0	92.0	45.5	473.0	410.5	452.5	471.0	3748.0	4142.5	3962.5	1899.5	1663.5	1732.5	826.0	942.5	1170.0	1268.0	1240.5	1218.5	5781.0	5618.0	1828.5	1718.5	2.0	1.5	99.5	48.0
PBANKA_090020	PbGEM-332163|PbGEM-666245|PbGEM-286906|PbGEM-286914|PBANKA_090020|PbGEM-286898|PbGEM-534763	ATATAACCCTG	295.0	296.0	321.0	329.5	0.0	0.0	0.0	0.0	0.0	0.0	299.0	327.5	302.5	123.0	97.0	95.5	0.0	0.0	0.5	0.0	281.0	222.0	112.0	84.0	257.0	325.5	275.5	281.5	0.0	0.0	2.0	6.5	0.0	0.0	290.5	311.5	329.0	106.0	102.5	106.5	0.0	0.0	1.0	1.0	287.0	224.5	138.0	109.5
PBANKA_090210	PbGEM-287170|PBANKA_090210|PbGEM-287162|PbGEM-332235|PbGEM-342172	CGTCGGACGGT	377.0	339.0	319.5	345.5	0.0	0.0	0.0	1.0	0.0	0.0	172.5	204.5	227.5	147.5	136.0	137.0	0.0	0.0	0.0	0.0	236.5	191.0	207.0	114.5	356.0	369.5	324.5	293.5	0.0	0.0	0.0	2.0	0.0	0.0	208.0	222.5	256.5	139.5	161.0	138.5	0.0	0.0	0.0	0.0	230.5	181.0	229.0	152.5
PBANKA_090240	PbGEM-287226|PBANKA_090240|PbGEM-287210|PbGEM-646724|PbGEM-287218|PbGEM-646694|PbGEM-646703|PbGEM-332259	GAAGGAACGTC	452.0	391.0	388.0	437.5	104.5	144.5	133.0	281.0	220.0	257.5	408.5	455.5	423.0	547.5	515.5	598.0	1.5	1.5	0.0	0.0	275.5	596.0	579.0	598.5	342.0	387.0	393.0	402.0	129.5	135.5	109.5	245.0	215.5	218.5	422.5	409.0	453.0	601.5	582.0	497.5	0.0	0.0	0.0	0.5	338.0	542.0	633.0	723.0
PBANKA_090840	PBANKA_090840|PbGEM-667301|PbGEM-288058|PbGEM-288050	GATTAAAGAAT	475.5	405.5	461.0	444.0	0.0	0.0	0.0	1.0	0.0	0.0	128.5	166.0	145.0	195.0	127.5	200.0	1.0	1.0	0.0	0.0	180.5	131.0	93.5	72.0	433.5	439.5	439.5	418.5	0.0	0.0	0.0	7.0	1.0	0.0	124.5	135.5	207.5	198.0	180.0	141.0	0.5	0.5	0.0	0.0	195.0	99.0	96.5	62.0
PBANKA_090980	PbGEM-646939|PBANKA_090980|PbGEM-288162|PbGEM-288170	AACCAACGTGG	491.5	421.5	503.0	512.5	682.5	833.0	840.5	12.5	15.5	14.0	71.0	101.5	88.0	192.0	162.0	191.0	1042.0	799.0	6.0	5.0	62.0	62.5	165.5	172.0	493.5	460.5	464.5	458.5	787.0	849.5	760.5	20.0	12.5	8.0	68.0	99.0	108.5	200.0	188.5	164.0	984.0	806.0	2.5	9.0	70.5	72.5	196.5	199.0
PBANKA_091230	PbGEM-093175|PbGEM-265572|PbGEM-238189|PBANKA_091230|PbGEM-029988|PbGEM-332515	GCTGGTACGAA	427.0	388.5	406.5	454.5	287.0	345.0	318.0	542.5	398.5	470.5	556.5	622.5	591.0	790.0	704.5	788.5	182.0	86.5	298.5	198.0	462.5	446.5	554.0	533.0	425.5	385.0	436.0	347.0	278.0	341.0	296.5	465.5	395.5	402.0	609.5	568.0	698.5	806.0	751.5	699.0	184.0	96.5	315.5	336.5	505.5	435.0	606.0	591.0
PBANKA_092180	PbGEM-031117|PbGEM-646579|PbGEM-528105|PbGEM-645798|PBANKA_092180|PbGEM-528246|PbGEM-031109|PbGEM-646413|PbGEM-646756|PbGEM-675101|PbGEM-528387|PbGEM-332747|PbGEM-645635|PbGEM-240508|PbGEM-645690	GTATATAGTTA	467.0	400.5	424.0	413.5	1434.0	1718.5	1599.0	223.5	194.0	228.0	237.0	212.0	215.5	372.0	290.5	336.0	2708.5	2204.0	379.0	355.0	310.5	347.0	296.5	234.5	468.5	404.0	382.0	368.0	1540.5	1581.0	1648.5	189.0	202.0	208.5	227.5	223.5	293.0	323.5	327.0	331.0	2828.5	2368.0	414.0	483.0	306.0	319.0	321.0	268.5
PBANKA_092690	PbGEM-535011|PbGEM-290272|PBANKA_092690|PbGEM-290264|PbGEM-290280	CAGTACTGTCA	264.0	310.0	372.0	386.0	0.0	0.0	0.5	1436.0	1208.0	1298.5	63.5	60.5	57.5	462.5	391.0	439.5	2.0	1.0	3348.0	2790.5	30.5	32.0	531.0	455.5	287.0	298.5	344.5	307.0	0.5	0.0	0.0	1233.0	1245.5	1135.5	65.0	52.5	61.5	439.5	443.0	430.0	0.0	0.0	3527.0	4074.5	35.5	40.5	610.0	617.5
PBANKA_092770	PbGEM-332883|PBANKA_092770|PbGEM-290376|PbGEM-290384|PbGEM-290392|PbGEM-669029	CCGATTGGCGA	364.0	364.5	334.5	386.0	0.0	0.0	0.0	63.0	44.5	48.0	0.0	0.0	0.0	153.0	119.5	125.5	0.0	0.0	136.0	69.5	0.0	0.0	42.0	30.0	375.0	369.5	339.5	361.5	0.0	0.0	2.0	91.5	48.5	56.0	0.0	1.0	0.0	158.0	156.5	135.0	0.0	0.0	146.5	90.0	0.0	0.0	40.0	45.0
PBANKA_092840	PBANKA_092840|PbGEM-290504|PbGEM-290512	GCTTGCTCCAG	426.5	340.0	317.0	382.0	45.0	62.0	51.5	1017.0	820.5	832.0	1098.5	1121.0	1193.5	590.5	493.0	484.5	18.5	19.5	532.5	359.0	930.0	873.5	415.0	394.0	404.0	352.0	338.0	324.5	60.5	55.0	52.0	873.0	700.0	741.0	1058.5	1090.5	1326.5	545.0	549.0	498.5	22.5	17.0	588.5	475.5	942.5	798.5	526.5	432.0
PBANKA_092870	PbGEM-032080|PbGEM-241915|PbGEM-342300|PbGEM-094197|PBANKA_092870|PbGEM-646967	GTTTAGACCGG	670.0	570.0	548.5	623.0	700.0	810.5	821.5	182.5	114.0	158.5	127.5	171.5	195.5	239.0	206.0	213.0	2136.0	1738.5	140.0	85.5	290.5	334.0	330.5	383.0	635.5	608.5	530.5	534.5	796.5	823.0	807.0	181.5	114.0	144.0	132.0	173.0	185.5	219.0	225.5	217.5	1944.5	1747.0	133.0	135.0	301.5	319.5	379.5	481.0
PBANKA_092980	PbGEM-238694|PbGEM-094275|PbGEM-332939|PBANKA_092980|PbGEM-094283	TTATGCTAAGG	517.5	301.5	410.0	403.5	16.0	16.5	18.5	26.0	25.5	18.5	71.5	84.0	77.0	417.0	352.0	322.5	30.5	21.0	28.5	37.5	96.5	84.5	502.0	438.0	463.5	378.5	354.5	324.5	23.0	20.0	17.5	47.0	21.0	30.5	80.0	67.0	102.5	402.0	372.0	336.0	23.0	21.0	33.5	62.0	123.0	64.5	564.0	497.0
PBANKA_093010	PbGEM-290752|PbGEM-290760|PbGEM-672253|PbGEM-290768|PbGEM-332955|PBANKA_093010	TAATACATGAA	611.0	379.5	457.5	545.0	754.5	953.0	844.5	409.0	343.0	395.5	930.5	1076.5	1137.0	824.0	684.0	785.5	714.0	549.0	335.5	163.5	1253.0	1293.0	986.5	875.5	580.0	455.0	410.5	431.5	763.0	802.5	830.5	378.5	293.5	335.5	963.5	1058.0	1292.0	767.0	711.0	695.5	674.0	603.0	303.5	243.0	1377.5	1221.5	1097.5	1022.0
PBANKA_093100	PbGEM-290856|PbGEM-290840|PBANKA_093100|PbGEM-290848	CTCCACAGGTC	618.0	470.0	468.0	569.0	933.5	1098.5	991.0	1.0	0.5	0.0	229.5	302.0	303.0	432.5	427.5	402.0	1.0	4.0	0.0	0.5	257.5	232.0	418.5	535.0	600.0	497.0	520.5	500.0	939.5	1122.0	1067.5	21.0	0.5	1.0	247.5	283.5	289.0	441.0	459.5	368.0	0.5	2.0	0.0	0.0	249.5	196.5	494.0	609.0
PBANKA_094340	PbGEM-095200|PBANKA_094340|PbGEM-333299|PbGEM-095192|PbGEM-034171|PbGEM-538555|PbGEM-242190	GCATCAAAGCG	423.5	393.5	467.5	472.0	2.0	0.0	0.0	753.0	562.5	672.0	117.5	144.5	163.0	115.0	85.0	98.0	0.0	0.5	573.5	377.5	152.5	157.0	72.0	73.0	376.0	426.5	437.0	414.5	0.0	0.0	1.0	615.5	556.5	549.0	136.0	122.5	139.0	136.0	96.5	105.5	0.0	0.0	670.0	559.5	160.0	153.5	80.0	67.0
PBANKA_100570	PbGEM-293304|PBANKA_100570|PbGEM-293312	TACGCGCGAGT	156.0	103.5	121.0	106.0	66.5	87.5	97.5	1.0	0.0	0.0	126.0	164.0	169.0	145.5	121.0	108.5	187.5	132.5	0.0	1.0	199.5	229.0	163.5	169.5	166.5	141.0	113.0	115.0	76.0	95.5	74.5	1.0	0.0	0.0	170.5	145.0	174.5	122.5	136.5	144.5	190.5	166.0	0.5	0.0	221.0	243.0	208.5	180.0
PBANKA_100630	PbGEM-293440|PBANKA_100630|PbGEM-647515|PbGEM-293432|PbGEM-671229|PbGEM-467262	CGGCCTGGTAT	315.5	257.0	259.0	279.5	0.0	0.0	0.0	0.0	0.0	0.0	4.0	7.0	6.5	49.0	48.5	67.5	0.0	0.0	0.0	0.0	20.0	0.0	91.0	57.5	363.5	285.5	262.5	231.5	0.0	0.0	0.0	6.5	0.0	0.0	5.0	8.0	2.0	56.5	73.0	66.5	0.5	0.0	0.0	0.0	22.5	0.0	89.5	77.5
PBANKA_100710	PbGEM-095793|PbGEM-035331|PbGEM-095785|PbGEM-262500|PbGEM-645645|PBANKA_100710|PbGEM-673573|PbGEM-645743|PbGEM-538579	AATGAAGAGTA	302.5	296.0	309.5	372.0	186.5	253.0	203.5	0.0	0.0	0.0	30.0	47.0	48.5	110.5	96.0	77.5	297.5	120.0	0.0	0.0	86.5	146.5	52.5	69.5	298.0	331.5	284.0	300.5	223.0	238.5	223.5	7.0	0.0	0.0	43.0	33.5	40.0	103.5	100.0	84.0	250.0	155.5	0.0	0.0	106.0	133.5	61.0	77.5
PBANKA_101230	PbGEM-294232|PbGEM-294240|PbGEM-294216|PBANKA_101230|PbGEM-294224|PbGEM-674029	AAGTGAACCGT	439.5	358.0	386.0	422.0	177.5	217.0	209.5	955.5	772.5	905.5	190.5	209.0	204.0	205.0	200.0	188.5	83.0	103.0	478.0	459.0	239.5	233.5	133.5	199.5	389.5	401.5	369.5	354.5	200.0	221.5	221.5	794.5	784.0	758.5	166.0	197.0	217.5	216.0	205.0	182.5	70.0	102.0	542.0	635.5	288.5	207.0	142.5	217.0
PBANKA_101410	PbGEM-294440|PbGEM-646982|PBANKA_101410|PbGEM-333827|PbGEM-294448|PbGEM-294432|PbGEM-647547	TAATGTAATCG	462.5	372.5	411.5	453.0	767.0	956.0	891.5	167.5	148.5	183.0	717.5	752.5	886.0	436.0	435.5	435.0	1150.0	801.0	4.5	44.0	1613.0	1685.0	680.5	613.5	415.0	391.0	441.5	381.0	927.0	900.0	880.5	175.5	135.0	185.5	650.5	707.0	1002.5	456.0	466.5	410.5	1130.0	833.5	6.5	71.5	1749.5	1735.0	697.0	668.5
PBANKA_101530	PbGEM-263116|PbGEM-036523|PBANKA_101530|PbGEM-036531|PbGEM-333851	CCCGATCCTTC	287.5	225.0	288.5	245.5	0.0	0.0	0.0	1.0	0.0	0.0	0.0	0.0	0.0	41.0	40.5	25.0	0.0	1.0	0.0	0.0	0.0	1.0	120.5	115.0	237.0	262.5	262.0	259.0	0.0	0.0	1.0	1.0	0.0	0.0	0.0	0.0	0.0	43.0	29.5	47.5	0.0	0.0	0.0	0.0	0.0	0.0	127.0	158.5
PBANKA_101620	PbGEM-036675|PbGEM-036667|PbGEM-263180|PBANKA_101620	CGAACGCGACA	156.5	183.5	162.0	185.0	5.0	6.5	9.0	0.0	0.0	0.0	0.0	0.0	0.0	3.0	5.0	2.0	13.5	12.5	0.0	0.0	0.0	0.0	0.0	6.0	159.5	194.0	163.0	161.0	7.0	9.0	10.5	6.0	0.0	0.0	0.0	0.0	1.0	7.0	3.0	2.0	10.0	17.5	0.0	0.0	0.0	0.0	1.0	8.5
PBANKA_101640	PBANKA_101640|PbGEM-036707|PbGEM-263196|PbGEM-333907	TTAGGAATATA	347.0	312.5	327.0	381.5	15.0	7.5	11.5	700.5	510.0	651.0	174.0	169.0	177.0	57.5	56.5	56.0	23.0	7.5	431.5	206.5	190.0	201.0	40.5	36.5	325.0	325.5	338.5	278.5	10.5	19.0	13.0	593.0	483.5	588.5	161.0	192.5	194.0	53.0	52.5	62.5	17.0	8.0	380.5	309.5	249.0	181.0	42.0	42.5
PBANKA_101750	PbGEM-645689|PbGEM-036860|PbGEM-646769|PbGEM-645634|PbGEM-263260|PbGEM-096504|PbGEM-333947|PBANKA_101750	CACAAGAGGGA	490.0	402.0	435.0	450.5	1.0	0.0	0.0	396.5	299.5	381.0	241.0	313.5	304.5	132.5	115.0	137.5	0.0	0.0	180.0	184.5	272.0	243.0	146.0	153.0	417.5	446.5	391.5	437.0	0.0	0.0	0.0	386.0	319.0	323.5	219.0	226.0	283.5	136.5	137.0	136.0	0.0	1.0	199.5	281.5	294.0	226.0	211.0	167.5
PBANKA_101830	PbGEM-096577|PbGEM-263324|PBANKA_101830|PbGEM-096569	CCGCTTGTACA	403.0	349.0	401.0	395.5	279.0	344.0	307.0	215.5	171.5	204.5	326.0	416.0	323.5	346.5	295.0	348.5	309.0	245.0	441.5	282.5	1.0	0.0	0.0	1.0	430.0	374.5	368.5	388.5	267.5	280.5	291.0	209.0	196.5	170.5	323.5	368.5	399.5	345.5	363.0	314.0	271.5	304.0	456.0	386.0	0.5	0.0	0.0	0.0
PBANKA_101980	PbGEM-226253|PbGEM-646406|PbGEM-528239|PbGEM-528098|PbGEM-263460|PbGEM-334011|PbGEM-645791|PbGEM-528380|PbGEM-037216|PBANKA_101980|PbGEM-111858|PbGEM-263452|PbGEM-646572|PbGEM-096658	GCGTGGAGGCA	304.5	256.5	318.5	329.5	0.0	0.0	1.0	298.5	229.5	234.0	193.0	247.5	237.5	389.0	359.5	380.5	1.0	0.0	33.5	26.0	62.5	96.0	364.5	290.5	294.0	279.5	304.0	306.0	0.0	0.0	0.0	273.5	250.5	223.0	163.0	232.0	240.0	370.5	350.0	372.5	0.0	0.0	25.5	45.0	83.5	92.5	421.5	338.0
PBANKA_102210	PbGEM-295382|PbGEM-295390|PBANKA_102210|PbGEM-670925	TGGCGGAGACC	395.0	307.0	295.5	324.0	169.0	213.5	189.5	0.0	0.0	0.0	103.0	97.0	94.5	90.5	83.0	90.5	498.0	334.5	0.0	0.0	184.0	174.5	135.0	119.5	348.0	323.5	308.5	274.5	158.0	190.5	202.0	8.5	0.0	0.0	104.0	94.5	134.0	89.0	95.0	85.5	492.0	306.0	0.0	0.0	177.0	199.0	154.0	180.5
PBANKA_102340	PbGEM-263708|PbGEM-096926|PbGEM-645646|PbGEM-037708|PBANKA_102340|PbGEM-645704|PbGEM-096918	CCGGGTGCCTC	254.5	236.5	216.5	261.0	0.0	0.0	0.0	589.5	492.0	502.5	48.0	53.5	65.5	51.5	42.0	71.0	0.5	0.0	318.0	271.5	84.5	103.5	78.5	90.5	266.5	252.5	254.0	270.0	0.0	0.0	1.0	509.0	466.5	419.0	44.5	57.5	63.0	62.0	71.0	56.0	0.0	0.0	365.5	369.0	116.5	100.5	102.5	93.0
PBANKA_102410	PBANKA_102410|PbGEM-037813|PbGEM-263764	CATCGCGGAGA	358.5	269.5	327.0	321.5	0.0	0.0	0.0	20.5	21.5	24.0	79.5	73.5	88.5	40.5	37.5	32.0	0.0	0.0	1.0	8.0	16.5	43.0	11.5	24.0	322.0	292.5	310.5	285.5	0.0	0.0	0.0	36.5	19.0	20.0	61.5	60.0	87.5	41.0	31.5	46.0	0.0	0.0	3.5	8.0	19.5	26.5	15.0	15.0
PBANKA_102460	PbGEM-295718|PbGEM-295702|PbGEM-295710|PBANKA_102460|PbGEM-334115	CGAGTATGCTT	1130.0	896.5	969.0	1113.0	316.5	297.0	279.5	173.5	140.0	143.0	717.0	750.5	784.0	842.5	703.0	756.0	483.5	352.0	138.0	137.5	1319.0	1278.0	1070.0	1068.5	1061.5	980.0	968.5	994.5	294.0	305.0	284.5	188.0	137.0	124.5	637.0	795.0	885.0	828.0	788.0	795.0	461.5	313.5	140.0	185.5	1491.5	1252.5	1412.5	1200.5
PBANKA_102730	PbGEM-296102|PBANKA_102730|PbGEM-296110|PbGEM-296094	AGAAGAGGAGC	748.5	488.5	467.0	554.0	953.0	1269.5	1103.5	256.5	204.0	211.5	348.0	395.5	389.0	528.5	466.0	473.0	1044.5	784.5	198.5	151.5	314.5	253.0	399.5	421.5	702.0	549.0	502.0	512.5	1056.5	1174.5	1079.5	231.0	188.5	184.0	364.5	392.5	436.0	557.5	521.0	488.5	1060.0	934.5	202.0	250.5	346.0	211.5	464.0	573.5
PBANKA_103010	PbGEM-038637|PbGEM-097333|PBANKA_103010|PbGEM-241608	CGCTCACTGGT	192.0	161.5	208.0	214.5	104.5	111.0	106.0	297.0	260.5	273.0	694.0	748.0	754.0	659.5	609.5	609.5	66.5	55.0	331.5	241.5	0.0	0.5	0.0	0.0	219.0	193.0	194.5	212.0	98.5	113.5	79.5	255.5	243.0	250.5	692.5	759.5	862.5	678.5	652.0	625.5	58.5	43.5	390.5	330.0	0.0	0.0	1.0	1.0
PBANKA_103220	PBANKA_103220|PbGEM-296678|PbGEM-664725|PbGEM-535555|PbGEM-334363|PbGEM-296670	TGCATACGGTC	313.5	318.0	387.5	418.5	71.0	93.0	96.5	254.0	206.0	253.5	118.0	171.5	120.5	0.0	0.0	0.0	100.5	114.0	208.0	210.0	101.5	55.0	0.0	0.0	320.0	344.5	352.0	342.5	83.5	81.5	77.5	260.0	186.5	193.0	140.5	143.0	181.5	0.5	0.0	1.0	89.5	118.5	232.0	287.0	123.5	56.5	0.0	0.0
PBANKA_103520	PbGEM-097658|PbGEM-039390|PbGEM-097666|PBANKA_103520|PbGEM-334491|PbGEM-242921	CAGCAAGTCGT	449.5	412.0	428.0	463.5	394.5	445.0	393.5	890.5	657.0	739.5	62.0	90.5	69.5	12.0	13.0	17.5	807.0	794.5	570.5	452.5	104.0	82.0	31.0	25.5	415.5	441.5	389.5	390.5	386.0	385.5	421.5	694.0	660.0	636.0	69.5	77.0	74.5	22.0	17.5	11.0	798.0	817.5	590.5	635.0	142.5	76.5	24.5	33.0
PBANKA_103820	PbGEM-243650|PBANKA_103820|PbGEM-039813|PbGEM-039821|PbGEM-342532	GTGCCGGAGTG	454.0	400.5	381.5	459.5	0.0	1.0	2.5	347.0	294.0	351.5	605.0	665.0	666.5	155.0	142.0	143.5	0.0	0.0	124.5	149.5	0.0	0.0	0.0	3.0	440.5	437.5	416.5	375.5	0.0	1.0	1.0	343.5	318.0	354.5	597.5	683.5	771.5	140.0	127.5	126.5	0.0	0.0	136.5	228.0	0.0	0.0	0.5	3.0
PBANKA_104020	PbGEM-297646|PbGEM-297654|PBANKA_104020|PbGEM-297662	TCATGACAAAT	614.5	433.5	415.5	470.0	605.0	715.0	720.5	542.5	441.0	456.5	794.5	790.5	880.5	422.5	362.0	378.5	997.5	1149.5	870.0	739.5	687.5	624.5	473.0	486.5	586.5	463.0	416.5	428.5	632.0	695.0	686.5	466.5	440.5	413.0	834.0	751.0	986.5	413.5	372.5	407.0	929.0	1110.0	857.5	1011.0	716.5	598.0	542.5	536.0
PBANKA_110230	PBANKA_110230|PbGEM-298021|PbGEM-298013|PbGEM-334675	CCTACGGCATA	479.5	357.5	368.0	353.5	0.0	0.0	0.0	92.0	57.0	74.5	139.0	181.5	180.0	174.5	144.5	127.0	0.0	0.0	84.0	68.5	2.0	0.0	0.0	0.0	465.5	373.5	329.5	357.0	0.0	0.0	1.0	95.5	76.0	63.5	149.5	160.5	206.5	173.5	163.0	139.0	0.0	0.0	82.5	103.0	4.5	0.0	2.0	0.0
PBANKA_110690	PbGEM-098495|PbGEM-040982|PbGEM-245998|PbGEM-098503|PBANKA_110690	CATATCAGCGT	538.0	416.0	437.0	477.0	2.5	4.0	0.0	982.5	785.0	957.0	219.5	225.5	227.0	593.0	514.5	586.0	1.5	1.0	1505.0	949.5	190.5	88.5	705.5	582.5	473.5	463.0	417.0	408.0	1.5	5.0	2.0	930.5	834.0	891.0	214.0	203.5	245.0	630.5	568.0	511.5	0.0	0.0	1562.0	1331.0	231.0	115.0	813.5	633.5
PBANKA_110800	PbGEM-298725|PbGEM-298749|PbGEM-298733|PBANKA_110800|PbGEM-298741|PbGEM-342572	TACTTCGCCAA	620.5	454.0	525.0	561.0	194.5	212.5	203.5	93.0	73.5	95.0	187.0	204.5	209.5	414.5	337.5	414.5	272.5	205.0	159.5	73.0	219.5	82.0	281.5	318.0	542.5	471.5	477.0	480.0	205.0	213.0	231.0	95.5	89.5	63.5	208.0	185.5	224.0	378.5	375.0	326.0	240.0	246.0	198.0	109.5	221.0	86.0	294.0	392.0
PBANKA_110960	PBANKA_110960|PbGEM-298933|PbGEM-334955|PbGEM-298925	CTCTGTATGTC	678.0	436.5	554.0	577.0	10.0	10.0	9.5	47.5	43.5	51.5	284.0	341.0	343.0	947.0	792.0	911.5	0.0	0.5	40.5	73.5	3.0	9.0	0.0	0.0	603.5	536.0	444.5	492.5	19.0	16.0	9.0	52.5	36.5	44.5	260.0	331.0	305.0	908.5	869.0	822.0	0.0	1.0	41.5	74.5	2.0	5.0	0.0	0.0
PBANKA_111080	PBANKA_111080|PbGEM-041578|PbGEM-243274|PbGEM-041570	CGATTGTATAT	352.0	249.5	320.0	332.0	0.0	1.0	0.0	0.0	0.0	0.0	72.0	75.5	54.0	26.0	14.0	13.0	0.0	0.0	0.0	0.0	116.5	80.0	31.5	22.0	304.0	306.0	288.5	259.5	0.0	1.0	0.0	6.5	0.0	0.0	62.5	78.5	71.0	22.5	22.5	22.5	0.0	0.0	0.0	0.0	108.0	80.0	40.0	12.5
PBANKA_111430	PbGEM-042088|PbGEM-244333|PBANKA_111430|PbGEM-665069|PbGEM-042096|PbGEM-335075	CATAGGTTCTG	482.5	364.5	424.0	468.0	1021.0	1200.0	1267.0	195.5	152.5	198.0	93.5	113.0	79.5	124.5	101.0	114.0	3598.0	2807.0	143.5	147.5	99.5	76.0	74.0	83.5	499.0	422.0	395.0	406.5	1162.0	1258.5	1116.5	213.5	160.5	167.0	85.5	96.5	113.5	144.0	114.5	90.0	3367.5	3164.0	141.5	187.5	99.0	69.0	112.0	99.5
PBANKA_111440	PbGEM-244357|PbGEM-098938|PBANKA_111440|PbGEM-042112|PbGEM-667437	GAAGTGCGTAT	538.5	435.0	527.0	546.0	458.0	550.0	505.0	1.0	0.0	1.0	245.5	279.5	302.5	243.0	210.0	199.0	3.0	0.0	0.0	1.0	45.5	20.0	42.0	68.5	517.0	495.0	477.0	419.0	441.5	573.5	455.5	15.5	0.0	0.0	280.5	245.0	317.5	231.0	219.5	192.0	1.0	0.0	0.0	0.0	59.5	21.5	53.0	75.0
PBANKA_111500	PbGEM-671869|PbGEM-299539|PbGEM-335091|PBANKA_111500|PbGEM-299523|PbGEM-299531	AACGGCGTACT	383.0	325.0	360.0	319.5	218.0	262.5	216.0	0.0	0.0	0.0	75.5	87.0	87.0	73.5	79.5	85.0	326.5	332.5	0.0	0.0	70.5	79.0	159.0	140.0	363.5	345.0	330.5	286.0	253.5	233.0	238.5	1.0	0.0	0.0	69.5	77.0	75.5	115.5	95.5	80.5	356.5	328.0	2.0	0.0	95.0	92.0	160.5	146.0
PBANKA_112040	PbGEM-246102|PbGEM-646415|PbGEM-528389|PbGEM-528248|PBANKA_112040|PbGEM-528107|PbGEM-646581|PbGEM-645800|PbGEM-099323|PbGEM-099331	GAGCAAACGCA	435.5	354.0	420.0	425.0	823.0	961.5	946.0	325.0	257.0	272.5	476.0	499.5	508.5	538.0	538.5	526.0	97.5	9.0	0.0	5.0	584.5	465.0	577.0	649.0	460.0	408.5	401.0	386.5	883.5	958.0	919.5	298.0	217.5	239.0	441.5	519.5	595.5	562.0	509.0	538.5	92.5	14.0	4.5	10.0	621.5	468.5	678.0	802.5
PBANKA_112100	PbGEM-246261|PbGEM-335283|PbGEM-647739|PBANKA_112100|PbGEM-042972|PbGEM-099377	GTCCCTGGCTC	519.5	434.0	410.5	497.5	401.5	506.5	400.5	410.0	288.5	299.5	424.5	492.5	534.5	330.5	247.5	303.5	18.5	0.0	2.0	3.0	610.5	504.0	377.0	364.5	491.5	446.0	452.0	467.5	498.5	443.5	417.0	362.0	300.5	338.5	430.5	498.0	549.5	331.0	304.5	272.0	23.5	2.0	6.5	8.0	580.0	509.0	421.5	472.5
PBANKA_112110	PbGEM-335291|PbGEM-042988|PBANKA_112110|PbGEM-246288	CGACCGCGCAT	83.0	103.5	94.5	92.0	65.0	93.0	78.5	85.5	64.5	47.0	25.5	29.0	25.5	94.0	78.5	58.0	91.5	54.0	65.0	70.0	36.5	51.0	126.5	69.0	119.0	92.5	113.0	104.5	87.0	91.5	88.5	86.0	51.0	63.0	33.0	41.0	35.5	90.0	73.5	72.5	75.0	72.0	77.5	111.0	38.0	35.5	163.5	88.5
PBANKA_112190	PbGEM-099438|PbGEM-043101|PbGEM-646994|PbGEM-246476|PbGEM-043109|PbGEM-646734|PBANKA_112190	ATCAGGTACCA	362.0	297.0	334.0	367.5	196.0	229.5	232.5	200.0	175.5	201.0	65.0	86.0	78.5	131.0	112.5	122.5	199.0	233.0	279.5	194.5	105.0	91.5	127.5	181.5	338.5	342.0	309.0	320.5	193.5	241.0	208.0	226.0	157.5	187.0	76.0	95.0	100.5	141.0	137.5	119.5	158.5	218.0	301.0	300.5	129.0	69.5	127.5	205.0
PBANKA_112690	PbGEM-646407|PBANKA_112690|PbGEM-528240|PbGEM-645792|PbGEM-099797|PbGEM-528099|PbGEM-099789|PbGEM-247974|PbGEM-646573|PbGEM-528381	AGAGGTCGGGT	393.0	352.0	390.5	413.5	0.0	0.0	0.0	0.0	0.0	0.5	0.0	0.0	1.0	1.0	0.0	0.0	0.0	1.0	0.0	0.0	0.0	0.0	0.0	0.0	381.5	317.0	372.5	354.0	0.0	0.0	2.0	2.0	0.0	0.0	0.0	0.0	0.0	0.0	0.0	0.0	0.0	0.0	0.0	0.0	0.0	0.0	0.0	0.0
PBANKA_113190	PbGEM-673725|PbGEM-301778|PbGEM-301770|PBANKA_113190|PbGEM-301786|PbGEM-301794	CTTATTTGCCC	394.5	343.5	332.5	378.0	996.0	1126.0	1081.0	923.5	697.5	801.5	354.5	427.5	485.0	436.5	396.0	403.5	1173.5	1139.5	790.5	670.0	1347.5	1115.0	1174.0	1094.0	342.5	342.5	330.5	318.0	968.5	1109.0	1068.5	768.0	639.0	721.5	363.0	424.5	438.5	457.5	430.0	435.0	1253.0	1165.0	837.0	954.5	1485.5	1168.0	1341.0	1300.0
PBANKA_113490	PbGEM-100440|PbGEM-044926|PBANKA_113490|PbGEM-246061|PbGEM-535875|PbGEM-044918|PbGEM-335755	AATGTCAAAAA	394.0	363.5	442.5	501.0	46.0	60.0	49.5	384.0	258.0	296.0	0.0	0.0	0.0	120.5	109.5	102.0	69.5	35.0	0.0	0.0	0.5	0.0	134.0	156.5	384.0	399.0	405.5	414.0	56.0	55.0	59.5	285.0	274.0	237.0	0.0	0.0	0.0	138.5	112.5	108.5	63.0	43.0	0.0	0.0	0.0	0.0	176.5	159.5
PBANKA_113890	PbGEM-045551|PbGEM-247228|PbGEM-045559|PbGEM-647787|PBANKA_113890	CCCTACCTTTG	533.0	406.5	546.0	585.5	308.5	366.0	352.0	119.0	91.0	94.5	384.0	487.0	408.0	395.0	337.0	337.5	178.5	184.0	89.5	37.5	416.0	459.5	346.0	427.5	483.0	531.5	380.5	475.5	338.5	373.0	305.0	100.5	83.5	77.0	415.0	479.5	517.0	312.5	338.0	319.5	167.0	200.5	104.5	61.0	465.0	436.0	556.0	539.0
PBANKA_120200	PbGEM-250155|PBANKA_120200|PbGEM-647827|PbGEM-046708|PbGEM-336107|PbGEM-046716	CTAGAGGTTTA	305.5	253.5	254.0	256.5	12.0	6.0	8.0	20.0	19.5	20.0	4.0	1.0	1.0	9.0	8.0	12.0	34.0	0.0	9.5	6.0	0.0	0.0	7.0	0.0	277.0	271.0	269.0	229.5	11.0	3.0	8.5	22.0	11.5	15.5	3.0	3.0	1.5	17.0	11.0	5.0	34.5	0.0	8.0	8.5	0.0	0.0	16.5	0.0
PBANKA_120260	PbGEM-336139|PBANKA_120260|PbGEM-303850|PbGEM-303842|PbGEM-647843	CGACAGCCGGG	445.0	318.0	330.0	367.0	1.0	0.0	0.0	0.0	0.0	0.0	86.5	97.0	123.5	49.5	38.0	42.5	0.0	0.0	0.0	0.0	38.5	58.5	4.0	0.0	399.0	380.0	274.5	298.0	1.0	1.0	3.0	5.5	0.0	0.0	99.0	94.0	118.5	53.5	36.5	36.5	0.0	0.5	0.5	0.0	41.0	59.0	0.0	0.0
PBANKA_120370	PbGEM-303994|PbGEM-304010|PbGEM-666581|PbGEM-536075|PbGEM-304002|PBANKA_120370	GCGAACTCAAC	405.0	353.0	350.0	432.0	0.0	0.0	2.0	1.0	0.0	0.0	236.0	231.5	235.5	454.5	428.0	471.0	0.0	0.0	0.0	0.0	410.0	355.0	520.0	451.0	408.5	381.0	354.5	398.0	0.0	0.0	1.0	5.5	0.5	0.0	217.5	242.0	292.0	463.5	441.5	430.5	0.0	0.0	0.0	0.5	447.5	357.0	510.5	504.5
PBANKA_120400	PbGEM-304082|PBANKA_120400|PbGEM-336155|PbGEM-304090|PbGEM-304098	GGCGCTTGGTC	284.5	209.0	188.0	246.0	7.5	16.0	11.0	45.5	35.5	40.5	84.5	92.0	83.5	98.0	94.0	100.5	34.5	20.5	25.0	5.5	72.0	66.0	106.0	133.0	300.5	241.5	196.0	190.5	10.5	12.0	16.5	40.0	54.0	39.0	81.5	87.0	82.0	98.5	90.0	98.0	35.0	27.5	19.5	6.5	72.5	64.0	121.0	146.0
PBANKA_120420	PBANKA_120420|PbGEM-304122|PbGEM-536083|PbGEM-304138|PbGEM-304130	CTCAGTTTTCT	375.5	296.5	380.5	440.5	0.0	0.0	0.0	35.5	21.5	27.0	203.0	233.0	281.5	233.0	219.5	217.0	0.0	0.0	11.0	6.0	660.5	659.5	192.5	143.5	371.5	361.5	320.0	319.0	0.0	0.0	1.0	36.5	21.5	23.5	223.5	239.0	270.5	247.0	185.0	214.5	0.0	0.0	9.5	16.5	768.0	632.5	209.0	164.0
PBANKA_120820	PBANKA_120820|PbGEM-336283|PbGEM-669749|PbGEM-304642|PbGEM-304658|PbGEM-304650	AAAATGATCGG	400.5	373.5	408.0	421.5	1.0	0.5	1.5	0.0	0.5	0.0	54.0	59.5	59.5	3.0	0.0	1.0	0.0	0.0	0.0	0.0	63.0	137.5	0.0	13.5	356.0	447.5	340.0	384.5	1.0	1.0	1.0	2.5	0.0	0.0	53.5	73.5	80.5	1.5	5.0	3.0	0.0	0.0	0.0	0.0	81.0	130.5	0.0	14.0
PBANKA_121470	PbGEM-673445|PbGEM-305562|PbGEM-336483|PBANKA_121470|PbGEM-305570	GTGTAGTGTGG	673.5	454.0	533.5	545.5	1756.0	2356.5	2154.0	2706.5	2170.5	2340.5	1631.0	1665.0	1607.5	3744.5	3062.0	3305.5	0.5	0.0	2.5	1.0	702.5	826.5	1236.5	1210.0	680.5	479.5	458.0	497.5	2144.0	2190.0	2018.0	2424.5	2078.0	2109.0	1476.0	1579.5	1797.0	3681.5	3386.0	3074.0	2.5	2.5	2.5	1.0	714.0	784.5	1360.0	1339.5
PBANKA_121810	PBANKA_121810|PbGEM-305994|PbGEM-336595|PbGEM-461630|PbGEM-306002|PbGEM-461664	TATGCGACCCA	442.5	338.5	376.5	420.0	100.5	103.0	106.5	1233.0	939.0	1029.0	254.5	261.5	304.0	257.0	203.0	232.0	18.0	21.0	136.5	130.0	76.0	87.5	73.0	84.0	469.5	397.0	356.0	357.5	99.0	89.5	112.0	1104.0	947.5	1040.0	282.0	270.5	324.0	236.0	231.5	227.0	9.0	34.5	161.5	168.5	89.5	69.5	76.0	93.5
PBANKA_122230	PbGEM-049575|PBANKA_122230|PbGEM-250360|PbGEM-336715	AAGAAAGAAAT	1133.5	948.5	1037.5	1211.0	965.0	1207.0	1051.0	1611.5	1214.5	1418.5	1096.0	1316.0	1314.5	1057.5	1006.0	1092.0	1103.5	875.0	1396.5	1136.0	1630.5	1641.5	1310.0	1029.5	1056.5	966.0	992.0	953.0	930.0	1078.0	1045.5	1431.0	1234.0	1282.5	1083.0	1229.0	1411.5	1139.0	1076.5	911.0	1024.0	1006.5	1461.5	1701.5	1699.0	1463.0	1444.0	1201.5
PBANKA_122480	PBANKA_122480|PbGEM-306906|PbGEM-536307|PbGEM-664573|PbGEM-306914|PbGEM-336795	CATCAAGGCAC	505.5	421.0	525.5	632.0	80.0	72.0	67.0	2820.5	2134.0	2271.5	634.5	754.5	661.5	296.0	265.0	253.0	130.5	173.0	2948.0	2250.0	953.5	957.0	260.5	156.0	431.0	463.0	517.5	508.0	54.0	91.0	68.5	2356.0	2149.5	2033.0	609.5	701.0	809.5	296.0	246.5	259.0	128.0	134.5	3000.0	3294.5	969.0	947.0	282.5	231.5
PBANKA_122580	PbGEM-050135|PBANKA_122580|PbGEM-251803|PbGEM-050127	GAGATGCTCTT	325.0	254.0	264.0	285.0	0.0	0.0	0.0	0.0	0.0	0.0	0.0	0.0	0.0	3.0	4.0	3.0	0.0	0.0	0.0	0.0	0.0	0.0	0.0	23.5	290.0	276.5	270.5	225.5	0.0	0.0	1.0	6.5	0.0	0.0	0.0	0.0	0.0	4.0	5.0	3.0	0.0	0.0	0.0	0.0	0.0	0.0	0.0	32.0
PBANKA_122820	PbGEM-645869|PbGEM-528452|PBANKA_122820|PbGEM-646484|PbGEM-528311|PbGEM-538891|PbGEM-307362|PbGEM-665061|PbGEM-528170|PbGEM-307354|PbGEM-646650|PbGEM-307346	GAGCCAGTGGC	220.5	198.0	276.0	277.5	0.0	1.0	0.0	0.0	0.0	0.0	104.5	91.5	85.0	126.5	91.0	90.0	0.0	0.0	0.0	0.0	84.0	66.5	170.0	147.5	218.0	236.5	249.0	246.0	0.0	0.0	2.0	3.0	0.0	0.0	86.5	104.5	107.0	122.5	102.5	130.5	0.0	0.0	0.0	0.0	102.5	57.0	159.0	201.0
PBANKA_123030	PbGEM-307594|PBANKA_123030|PbGEM-336947|PbGEM-307602	TTGGTGCACGA	749.5	534.0	521.5	587.5	75.5	110.5	87.5	368.0	277.5	308.5	164.5	184.0	201.0	138.0	114.0	120.5	74.0	124.5	199.5	119.5	211.5	115.0	128.0	114.0	745.5	628.5	498.0	543.0	96.0	119.5	94.5	369.0	277.5	267.5	186.0	195.5	217.5	147.0	117.5	108.5	72.0	118.5	188.5	203.0	178.5	103.0	185.5	137.0
PBANKA_123070	PbGEM-307626|PbGEM-336963|PBANKA_123070|PbGEM-307634	AATACATAGAA	1497.5	1206.0	1238.5	1325.5	587.0	765.5	668.5	1257.5	969.0	1141.0	304.0	374.0	326.5	700.0	620.5	667.5	806.5	665.0	1073.0	827.5	426.0	221.0	592.0	628.0	1398.5	1301.0	1268.0	1147.0	591.5	692.0	648.0	1154.0	1025.5	1030.5	342.5	385.5	446.0	697.0	648.0	636.5	837.5	720.0	1061.5	1278.0	427.5	216.5	654.5	743.0
PBANKA_123160	PbGEM-307778|PbGEM-337003|PbGEM-670637|PbGEM-307786|PBANKA_123160	TATAACTTATA	188.0	154.0	158.5	182.0	0.0	3.0	0.0	316.5	231.0	275.5	30.5	36.5	48.0	322.0	330.0	292.0	0.0	0.0	1.5	1.0	80.0	55.0	368.5	398.0	153.5	169.5	156.5	124.0	0.0	3.5	1.0	231.0	209.0	207.5	35.5	54.5	68.0	324.5	310.5	301.5	0.0	0.0	0.0	0.0	62.0	55.0	390.0	487.5
PBANKA_123430	PbGEM-261308|PbGEM-051334|PBANKA_123430	TGTCTAGGGAG	0.0	0.0	0.0	0.0	0.0	0.0	0.0	0.0	0.0	0.0	0.0	0.0	0.0	0.0	0.0	0.0	0.0	0.0	0.0	0.0	0.0	0.0	0.0	0.0	0.0	0.0	0.0	0.0	0.0	0.5	0.0	0.0	0.0	0.0	0.0	0.0	0.0	0.0	0.0	0.0	0.0	0.0	0.0	0.0	0.0	0.0	0.0	0.0
PBANKA_123430	PbGEM-308242|PBANKA_123430|PbGEM-308234|PbGEM-337083	CGTGGGGTTCT	1383.5	1228.5	1220.0	1358.0	1021.5	1395.5	1181.0	535.0	389.0	495.0	462.0	532.5	513.5	1045.5	991.5	1013.0	920.0	844.0	366.0	289.0	691.0	584.0	1164.5	1283.0	1360.5	1346.0	1190.0	1192.5	1089.0	1203.5	1124.0	524.0	420.0	397.0	462.5	486.5	602.0	1048.5	1028.5	1000.0	960.5	797.0	434.5	425.0	711.0	622.0	1275.5	1537.5
PBANKA_123560	PbGEM-308394|PBANKA_123560|PbGEM-308410|PbGEM-308402	CGGAGGTTTAT	353.5	290.5	312.5	299.0	3.5	16.5	19.5	126.5	90.0	128.0	179.0	180.5	162.5	461.0	348.0	372.0	1.0	6.5	18.5	25.0	15.5	15.5	34.0	32.5	314.5	299.0	277.0	291.5	19.5	13.0	23.5	115.0	107.5	107.0	123.5	163.0	192.5	448.5	364.0	391.0	1.0	14.5	18.0	31.5	24.0	5.0	45.0	49.0
PBANKA_123640	PbGEM-337123|PBANKA_123640|PbGEM-051620|PbGEM-261452	TTCAACTTTGT	360.0	338.5	368.0	376.0	0.0	0.0	0.0	555.5	409.0	474.5	23.0	27.0	16.0	85.5	71.0	77.5	0.0	0.0	4.0	13.5	29.5	0.0	130.0	122.0	317.5	345.0	367.0	365.0	0.0	0.0	0.0	516.0	439.5	424.5	18.0	12.0	24.5	92.5	76.5	78.0	0.0	0.0	11.5	15.5	27.5	0.0	162.0	132.0
PBANKA_124100	PbGEM-052172|PBANKA_124100|PbGEM-261748	CCAGTGTCCAT	278.5	250.0	283.0	272.0	595.0	726.5	677.5	16.5	22.5	30.5	489.5	531.0	515.0	51.5	56.0	64.0	564.5	353.5	52.0	16.0	269.0	353.5	30.0	50.5	281.0	241.0	272.0	259.5	628.0	677.0	614.0	34.0	20.0	14.5	475.5	539.5	561.0	51.5	49.5	43.5	559.5	395.5	49.0	20.5	323.5	357.0	41.5	72.0
PBANKA_124200	PbGEM-261812|PBANKA_124200|PbGEM-052290|PbGEM-052298	TTTCTGGTAAG	438.5	333.0	403.5	414.0	1451.0	1978.0	1849.5	57.0	46.0	64.0	103.0	113.5	102.5	99.5	99.0	78.5	1490.5	1256.0	61.5	29.0	117.0	148.0	77.0	31.0	446.0	409.5	363.5	375.0	1638.0	1872.5	1720.0	76.0	56.5	42.0	93.0	91.0	119.5	105.5	80.5	74.0	1426.0	1391.0	82.5	61.0	101.5	140.5	78.5	43.5
PBANKA_124220	PBANKA_124220|PbGEM-337251|PbGEM-261828|PbGEM-103970|PbGEM-103978	CCCAGCTTGAA	434.5	398.5	440.0	475.0	49.0	58.5	46.0	356.5	270.0	246.5	78.0	114.5	101.0	32.0	38.5	35.0	93.5	44.5	435.5	406.5	173.0	216.0	65.5	72.5	380.0	452.5	419.5	410.0	33.5	43.5	47.0	316.5	282.0	254.0	91.0	84.5	120.0	40.0	30.5	35.5	92.0	65.0	493.0	663.5	133.0	229.0	90.5	39.0
PBANKA_124600	PbGEM-309721|PBANKA_124600|PbGEM-536459|PbGEM-309713|PbGEM-666077|PbGEM-309729	ATAAAATCACC	298.0	261.0	299.5	313.5	58.5	60.5	49.0	266.5	268.0	288.0	249.5	285.0	262.5	143.5	127.5	134.0	38.5	29.5	101.0	92.5	372.5	249.0	75.0	97.5	240.0	277.0	267.0	280.5	53.0	70.5	51.5	295.0	218.0	253.0	249.5	280.0	331.5	144.5	152.0	117.0	38.0	62.5	125.5	138.5	401.0	259.0	104.5	117.0
PBANKA_130190	PbGEM-310183|PbGEM-310175|PbGEM-310167|PbGEM-310159|PBANKA_130190	CTGTGACTGCT	215.0	205.5	231.0	269.5	425.5	525.5	491.5	996.0	783.5	892.0	563.5	612.0	654.5	214.0	180.5	197.0	789.0	828.0	2075.0	1438.0	1357.5	1199.0	261.0	208.0	246.5	220.0	209.5	226.0	469.5	533.0	527.5	887.0	758.0	811.5	504.5	556.0	727.5	220.0	216.0	179.0	822.0	924.5	2182.5	2099.0	1394.0	1191.0	280.5	264.5
PBANKA_130340	PbGEM-310399|PbGEM-310391|PbGEM-310383|PBANKA_130340|PbGEM-669981	TCATTCTGCTG	443.5	383.0	365.0	412.0	64.5	90.5	98.0	201.5	170.0	202.0	128.0	134.5	147.0	535.5	415.0	405.5	68.5	144.5	153.0	142.0	200.0	141.5	168.0	193.0	463.5	430.0	372.0	355.5	79.5	92.5	93.5	177.0	146.5	165.0	144.5	137.5	162.0	509.0	499.0	411.5	73.5	164.5	170.5	241.0	214.0	131.0	227.5	234.0
PBANKA_130690	PbGEM-104812|PBANKA_130690|PbGEM-337555|PbGEM-670045|PbGEM-054055|PbGEM-111666|PbGEM-248776	GCAGGTTCCGG	466.0	372.0	456.0	443.0	458.5	607.0	506.5	264.5	213.0	201.0	68.0	89.0	74.5	316.0	233.0	283.0	590.5	455.5	129.0	87.5	203.5	140.0	352.0	237.5	482.0	430.5	414.5	374.5	512.5	518.5	438.0	238.5	209.5	212.5	67.0	90.0	96.0	340.0	331.5	245.5	547.0	476.0	132.0	115.0	222.5	168.5	357.5	241.0
PBANKA_130960	PbGEM-536571|PbGEM-104986|PbGEM-674653|PBANKA_130960|PbGEM-249899|PbGEM-054473	ATGAGAAGATG	347.5	269.5	326.5	375.0	446.0	569.0	491.0	0.0	0.0	0.0	63.0	99.5	90.5	350.0	303.0	316.0	643.5	462.0	0.0	0.0	108.0	103.0	311.0	316.5	250.5	319.5	304.0	300.0	516.0	508.0	488.5	6.5	1.0	0.0	75.0	73.5	83.5	342.5	330.0	248.0	558.5	498.0	1.0	1.0	130.5	88.5	388.0	354.0
PBANKA_130980	PBANKA_130980|PbGEM-311271|PbGEM-337659|PbGEM-647915|PbGEM-311263|PbGEM-668653	TCTTACGGGGA	656.0	436.0	445.0	513.0	279.0	284.0	303.0	2220.5	1623.0	1847.0	331.5	358.5	374.5	1353.5	1197.5	1265.5	619.5	459.0	891.0	669.0	478.0	358.5	1181.5	1169.5	576.0	483.5	422.5	412.0	270.0	277.0	308.0	1834.0	1611.0	1612.5	344.0	397.0	413.5	1369.0	1296.0	1214.5	577.5	506.0	929.0	947.0	498.5	405.0	1312.5	1349.0
PBANKA_131200	PbGEM-311533|PBANKA_131200|PbGEM-311517|PbGEM-311525|PbGEM-337699	TCGTCCCGATA	391.5	373.0	376.0	388.0	0.0	0.0	0.0	0.0	0.0	0.0	0.0	0.0	0.0	211.0	166.5	160.5	0.0	0.0	0.5	0.0	0.0	0.0	0.0	0.0	339.0	434.5	362.0	369.5	1.0	0.0	2.0	5.0	0.0	0.0	0.0	0.0	0.0	169.5	196.5	165.5	0.0	0.0	0.0	0.0	0.0	0.0	0.0	0.5
PBANKA_131280	PbGEM-337723|PBANKA_131280|PbGEM-311629	ATACACGTGGT	466.0	319.0	317.0	336.5	134.0	181.5	170.5	166.0	142.0	158.0	185.0	245.5	223.0	106.5	71.5	111.5	135.0	171.0	76.5	86.0	189.5	148.5	47.5	92.0	405.5	357.5	298.5	284.0	149.5	180.5	169.5	185.5	142.5	136.5	149.0	214.0	263.5	103.0	97.0	92.0	124.5	174.0	81.0	124.0	168.0	120.0	59.0	82.5
PBANKA_131510	PbGEM-105276|PbGEM-251903|PbGEM-055230|PBANKA_131510|PbGEM-055238|PbGEM-105284|PbGEM-251940|PbGEM-337779	AGCTGGAGTTT	406.0	345.5	420.5	395.0	10.0	11.5	6.5	0.0	0.0	1.5	153.0	162.5	177.0	306.0	229.0	256.5	0.0	3.5	0.0	1.0	338.0	253.0	207.5	190.5	379.0	426.5	371.0	367.5	11.5	9.0	18.5	6.5	0.0	0.0	159.0	192.0	198.0	282.5	258.0	223.0	0.0	3.0	0.0	0.0	351.0	264.0	233.5	205.0
PBANKA_131690	PBANKA_131690|PbGEM-312165|PbGEM-312173	CTGGAGGCTGC	388.0	299.5	309.5	365.0	9.0	11.0	17.5	102.5	94.0	81.5	206.0	253.5	269.0	143.5	145.0	153.5	21.5	3.0	0.0	3.0	300.5	285.0	204.5	179.5	378.0	362.0	342.0	274.5	15.0	15.5	13.5	92.5	80.0	49.5	208.0	239.5	305.0	152.0	158.5	151.0	22.5	4.5	0.0	10.5	302.0	290.0	217.0	279.5
PBANKA_131720	PbGEM-055532|PbGEM-252796|PBANKA_131720|PbGEM-055524	GGGCGTCTCCC	405.0	361.5	388.0	419.0	0.0	0.0	0.0	246.5	211.5	256.0	248.5	252.5	240.0	215.5	214.0	233.5	0.5	0.0	466.0	309.0	273.5	250.0	273.5	283.5	400.5	376.0	365.5	336.0	0.0	1.0	1.0	235.0	189.0	247.5	227.0	253.0	267.0	219.5	219.0	228.0	0.0	0.0	464.5	414.5	356.0	243.0	325.5	314.0
PBANKA_132210	PbGEM-312853|PbGEM-312845|PbGEM-539091|PBANKA_132210|PbGEM-674949|PbGEM-312861|PbGEM-337995	ATCACGTGTCT	400.0	396.0	431.5	467.5	1.0	0.0	0.0	0.0	0.0	0.0	193.0	251.0	230.0	448.5	394.0	367.0	0.5	1.0	0.0	0.0	392.5	255.0	404.5	346.0	365.0	414.0	438.0	438.5	0.5	1.0	1.0	6.0	2.0	0.0	214.5	248.0	242.5	428.5	382.0	372.0	0.0	0.0	0.0	0.0	367.5	245.0	426.0	397.5
PBANKA_132220	PbGEM-312877|PBANKA_132220|PbGEM-312869|PbGEM-338003	TGAAGACCATC	1770.0	1371.0	1288.5	1517.5	179.5	277.5	229.5	137.0	93.5	119.5	451.5	507.0	524.0	59.0	48.5	55.5	164.0	222.5	153.5	85.0	30.0	26.5	21.0	14.5	1662.5	1501.5	1247.0	1251.0	226.5	225.0	215.0	155.5	111.5	116.0	490.5	514.0	586.5	75.0	49.0	54.5	164.0	274.0	172.5	122.5	41.5	14.5	23.0	29.0
PBANKA_132470	PbGEM-313285|PbGEM-536723|PbGEM-313293|PBANKA_132470	TTAACGGGTAA	455.0	367.0	395.0	418.5	0.0	0.0	0.0	117.5	111.0	91.5	566.5	634.5	701.5	41.5	32.0	38.5	0.0	1.0	158.0	158.5	757.0	892.0	59.0	44.0	462.5	415.5	350.0	392.0	0.0	0.0	0.0	93.0	131.5	93.5	524.0	558.5	731.5	54.0	29.5	51.5	0.0	0.0	140.5	236.5	858.5	860.5	43.5	52.5
PBANKA_132890	PBANKA_132890|PbGEM-057077|PbGEM-248549|PbGEM-646940|PbGEM-106423|PbGEM-338187|PbGEM-671541	ATTCGGTCGAG	490.0	394.0	439.5	506.0	484.0	571.5	507.0	265.0	235.5	259.5	1165.5	1351.5	1276.0	682.0	630.0	645.5	868.0	462.5	406.0	371.0	1049.0	1057.5	601.0	401.0	502.5	478.0	418.5	448.5	552.5	574.5	532.0	251.0	212.5	238.5	1196.5	1308.5	1457.0	717.5	648.0	637.5	849.0	527.0	484.5	578.0	1064.5	1055.5	706.5	516.5
PBANKA_132960	PBANKA_132960|PbGEM-313861|PbGEM-313869|PbGEM-338227|PbGEM-313877|PbGEM-667413	TCTAGCAGCTG	699.0	544.5	517.5	585.0	55.0	57.5	44.5	348.5	313.5	325.5	95.0	112.0	148.5	104.5	94.5	86.5	84.0	35.0	565.0	476.5	0.5	0.0	0.0	0.0	689.5	652.5	508.0	529.5	74.0	72.5	56.5	346.5	257.0	282.5	100.5	106.5	154.5	116.0	94.0	87.5	81.5	54.5	620.0	722.0	0.0	0.0	0.0	0.0
PBANKA_133390	PbGEM-338355|PbGEM-314445|PbGEM-314453|PbGEM-536795|PBANKA_133390	ATCGAATATTC	459.5	413.0	440.0	506.0	1.0	0.0	0.5	117.5	92.5	110.0	328.5	400.0	398.5	0.0	0.0	0.0	0.0	0.0	59.5	47.0	628.5	657.0	0.0	0.0	465.0	445.0	423.5	401.5	0.0	0.0	0.0	128.0	81.5	95.0	319.5	404.0	438.0	0.5	0.0	0.0	0.0	0.0	71.0	66.5	685.0	626.0	0.0	0.0
PBANKA_133560	PbGEM-251047|PBANKA_133560|PbGEM-057995|PbGEM-057987	TTTTCGCCGTA	493.0	406.0	414.5	482.0	1303.0	1637.5	1331.5	1429.5	1077.5	1382.5	429.0	538.0	503.0	359.0	332.5	333.0	1226.5	1190.5	1193.5	752.5	520.0	420.5	322.5	190.0	443.5	418.0	392.0	396.0	1175.5	1427.5	1399.0	1206.0	1169.0	1142.0	464.0	502.0	568.5	391.0	375.0	333.5	1155.0	1219.0	1181.5	1119.5	538.0	392.0	369.0	251.0
PBANKA_133950	PbGEM-315077|PbGEM-338515|PbGEM-315085|PBANKA_133950	CCACGTTGGAA	845.0	585.0	614.5	620.0	0.0	0.0	0.0	728.5	597.5	686.0	366.0	387.0	396.5	284.0	234.5	281.0	0.0	0.0	651.5	572.5	343.0	311.5	284.5	274.5	819.5	661.0	568.0	583.0	0.0	0.0	2.0	642.0	578.5	564.5	329.5	407.5	407.5	250.0	226.0	257.0	0.0	0.0	688.0	798.0	334.5	298.5	287.0	327.5
PBANKA_134250	PbGEM-338619|PbGEM-213859|PbGEM-058948|PbGEM-058956|PbGEM-253484|PBANKA_134250	TTATCGCCTCC	174.0	180.5	215.5	237.5	0.0	0.0	0.0	0.0	0.0	0.0	0.0	0.0	0.0	2.5	5.0	0.0	0.0	0.0	0.0	0.0	0.0	0.0	0.0	0.0	161.5	195.0	226.5	196.5	0.0	0.0	0.0	5.0	0.0	0.0	0.0	0.0	0.0	3.0	5.0	2.0	0.0	0.0	0.0	0.0	0.0	0.0	1.0	0.0
PBANKA_135590	PbGEM-108377|PbGEM-060874|PbGEM-338971|PBANKA_135590|PbGEM-108369|PbGEM-252526	AGCCTCGCCTC	270.5	229.5	243.0	235.5	129.5	155.0	124.0	118.5	121.0	126.0	283.5	312.5	326.5	140.0	125.0	120.0	131.0	94.5	55.0	36.0	400.0	489.5	46.0	83.0	263.5	268.0	226.0	217.5	129.5	144.0	127.0	144.5	121.5	110.0	262.0	310.0	291.5	116.5	150.0	129.0	124.5	106.0	43.5	39.5	433.0	493.0	56.5	97.5
PBANKA_135920	PbGEM-339115|PbGEM-253702|PBANKA_135920|PbGEM-061386	GTAGTCTGCAT	326.5	229.0	324.5	366.0	237.0	301.5	217.0	727.5	561.5	622.5	197.0	194.5	216.0	481.5	384.5	427.5	119.0	80.0	239.5	284.0	117.0	124.5	290.5	268.0	286.0	286.5	274.0	281.0	265.5	275.5	230.5	593.5	573.5	546.5	189.0	175.5	249.0	549.0	456.5	406.0	119.5	71.5	231.0	374.0	123.5	154.0	372.5	304.0
PBANKA_135960	PbGEM-061450|PbGEM-061442|PBANKA_135960|PbGEM-253840|PbGEM-646722	CCCTCAAATAC	702.5	548.5	690.0	802.0	2199.0	2605.5	2505.0	1097.0	815.0	923.5	2265.0	2534.0	2422.5	3505.0	3111.5	3326.0	4314.5	3409.5	2067.5	1604.0	2.0	1.0	41.5	46.0	610.5	617.5	620.0	683.5	2242.0	2480.0	2411.5	1000.0	786.0	848.5	2224.0	2458.5	2822.5	3553.0	3268.0	3202.0	4146.0	3859.0	2084.5	2306.5	0.0	0.5	44.5	50.0
PBANKA_135970	PbGEM-253875|PbGEM-061466|PbGEM-343204|PbGEM-646730|PBANKA_135970|PbGEM-339139|PbGEM-061458	GTTTAAGCTTT	663.5	472.5	563.5	593.5	2349.0	2749.5	2525.0	3668.5	2800.5	3148.0	4635.0	5606.0	5439.5	5504.5	4845.0	5221.0	13.5	11.0	2.5	10.0	5707.0	5473.5	5625.0	5298.0	545.0	512.0	484.5	483.0	2559.0	2665.0	2704.5	3123.0	2794.5	2968.5	4703.5	5126.5	5977.0	5384.5	5016.5	4755.0	6.0	7.5	6.0	11.0	6030.0	5265.5	6508.5	5984.0
PBANKA_136150	PbGEM-061725|PBANKA_136150|PbGEM-061733|PbGEM-254513|PbGEM-339203|PbGEM-646773	CTGCCCTTTGA	287.5	226.0	277.5	287.5	618.0	774.0	695.5	607.5	464.0	590.5	165.0	134.5	136.0	70.0	51.0	56.0	703.5	519.5	648.5	515.0	29.5	70.0	16.5	15.0	250.5	257.5	239.0	202.5	691.5	789.0	704.0	554.5	475.0	513.5	134.5	142.0	202.0	64.0	64.0	59.5	570.5	553.0	720.5	623.0	32.0	56.5	19.5	14.5
PBANKA_140270	PbGEM-318755|PbGEM-318739|PbGEM-318747|PBANKA_140270|PbGEM-318731	GTCGTCCAAGA	356.5	273.0	300.0	369.5	324.0	409.0	331.5	1165.0	919.0	1017.5	996.5	1136.0	1130.0	941.5	820.5	887.0	299.0	189.5	715.0	580.5	1198.0	954.0	479.5	518.5	308.0	295.5	287.0	256.0	363.5	412.5	359.0	1118.0	978.5	919.5	989.0	1038.5	1222.0	972.0	964.5	847.5	297.0	203.5	687.5	867.0	1279.5	960.5	538.5	647.5
PBANKA_140300	PbGEM-671637|PbGEM-318779|PBANKA_140300|PbGEM-318787|PbGEM-537067	TCCTCAGTGAT	454.0	382.5	440.0	525.5	296.0	337.5	303.5	0.0	0.0	0.5	370.5	498.0	476.5	186.5	182.0	211.0	988.0	928.0	0.0	0.0	530.0	554.0	136.0	151.0	427.0	443.0	424.5	406.0	305.0	305.0	330.0	11.0	0.0	0.0	469.0	477.5	550.0	198.0	194.0	159.5	888.5	990.0	0.0	0.0	573.0	514.5	162.5	161.5
PBANKA_140330	PbGEM-339403|PBANKA_140330|PbGEM-318811	TTCATCCCCAG	428.0	402.0	389.0	456.0	598.5	705.5	668.5	1.0	0.0	0.5	193.5	240.0	202.5	13.5	10.0	5.0	1422.0	1298.0	0.0	0.0	257.0	252.0	14.0	7.5	425.0	422.0	397.5	372.0	659.5	680.5	637.5	15.5	0.0	1.0	200.5	247.5	254.0	4.0	7.0	3.0	1436.5	1340.5	1.5	0.0	310.0	211.0	13.0	8.5
PBANKA_140700	PbGEM-537083|PbGEM-319427|PBANKA_140700|PbGEM-319419	TAAGGTTGCTT	381.5	352.5	339.0	432.0	299.0	361.5	344.5	411.5	284.0	379.0	87.5	99.0	111.5	6.5	11.5	9.0	867.5	849.5	376.5	216.5	39.5	16.5	0.0	0.0	332.5	362.0	367.5	392.0	313.0	354.5	312.0	369.5	321.0	308.0	105.0	87.5	102.5	15.5	23.0	19.0	882.5	971.0	370.0	314.5	29.5	25.5	0.0	4.5
PBANKA_141770	PbGEM-339795|PbGEM-537195|PBANKA_141770|PbGEM-320699|PbGEM-320707	CCCATACTGTA	328.5	266.5	351.0	380.5	0.0	0.0	0.0	0.0	0.0	0.0	444.5	478.0	396.0	11.0	5.0	11.0	1.0	0.0	0.0	0.0	0.0	0.0	0.0	0.0	301.5	316.5	315.0	312.0	0.0	0.0	0.0	1.5	0.0	0.0	402.5	468.0	496.5	16.5	13.5	6.0	0.0	0.0	0.0	0.5	0.0	0.0	0.0	0.0
PBANKA_141810	PbGEM-646047|PbGEM-064802|PbGEM-646296|PbGEM-646683|PbGEM-646721|PbGEM-064794|PBANKA_141810|PbGEM-256274|PbGEM-646288|PbGEM-648067|PbGEM-646304|PbGEM-646681|PbGEM-646692|PbGEM-646063|PbGEM-646055|PbGEM-646701|PbGEM-646682	CGGGGACTTAC	419.5	395.0	380.0	393.5	173.0	241.0	218.5	38.0	22.5	29.0	207.0	194.0	240.0	100.5	67.0	81.5	0.0	0.0	0.0	0.0	307.5	266.0	151.0	177.5	367.0	374.5	348.5	375.5	189.0	206.0	186.0	29.0	32.0	37.5	221.5	209.5	273.5	96.0	77.5	101.5	0.0	0.0	0.0	0.0	315.5	286.5	187.5	223.0
PBANKA_142210	PbGEM-321259|PBANKA_142210|PbGEM-321267|PbGEM-321251	TACCAAGCGAT	1156.0	1032.5	1198.0	1400.0	3330.5	3863.0	3521.5	3268.5	2623.0	2956.5	1370.5	1703.0	1661.0	4369.0	3764.5	4147.5	5690.5	4420.5	2950.0	2185.5	1833.5	1589.0	4040.5	3763.0	1152.0	1148.5	1126.5	1247.0	3418.5	3487.0	3436.0	2928.0	2567.5	2749.5	1410.0	1548.0	1830.0	4458.5	4187.5	3906.5	5467.0	4699.5	3169.5	3228.5	1963.0	1610.0	4597.5	4177.5
PBANKA_142280	PbGEM-065434|PbGEM-065442|PbGEM-648075|PBANKA_142280|PbGEM-257349|PbGEM-539339	ACCGGCACCGT	448.5	340.0	371.5	372.0	892.0	1099.5	953.5	868.0	728.5	769.0	461.0	531.5	523.5	512.0	474.5	539.0	1484.5	1406.5	2352.0	1712.5	485.5	545.0	508.5	465.5	384.5	385.0	402.5	358.5	950.5	963.5	957.5	723.0	700.0	677.5	457.5	525.5	619.0	538.0	491.5	492.5	1452.0	1557.0	2446.5	2450.5	497.5	570.5	600.0	503.5
PBANKA_142540	PbGEM-321611|PBANKA_142540|PbGEM-646971|PbGEM-321603|PbGEM-321595	CGACGCATAAA	417.0	291.0	320.0	333.0	253.0	294.0	292.0	81.5	77.5	82.5	159.0	205.0	195.5	150.5	146.5	147.5	529.5	410.0	93.5	36.0	435.5	316.0	260.5	219.5	368.5	306.5	305.0	306.0	256.0	337.5	280.0	76.5	67.5	77.5	162.5	173.5	225.0	171.0	156.5	158.5	518.0	408.0	93.5	66.5	429.0	394.5	317.5	281.0
PBANKA_142580	PbGEM-321659|PbGEM-321651|PbGEM-673213|PBANKA_142580	ATTCGCAGACA	680.5	519.0	547.5	628.5	12.5	18.0	26.0	284.5	208.5	245.5	298.0	344.0	346.0	334.0	266.0	303.0	31.0	19.5	314.5	200.0	0.0	0.0	1.0	0.0	639.0	606.0	464.5	561.0	25.0	21.0	26.0	191.0	211.5	190.5	292.5	320.0	330.0	315.0	328.0	294.0	26.5	23.0	324.5	255.0	0.0	0.0	0.0	0.0
PBANKA_143190	PbGEM-322323|PbGEM-645745|PbGEM-322331|PbGEM-671069|PbGEM-322315|PbGEM-537347|PbGEM-645651|PBANKA_143190	ATTACTTGAGC	471.5	376.0	423.5	521.5	275.0	313.5	283.5	1241.5	795.0	1011.0	325.5	363.5	339.5	862.5	735.0	792.5	542.5	597.0	768.5	528.5	266.5	256.5	971.0	725.0	417.5	423.0	361.5	406.0	318.0	327.5	325.5	1033.0	845.5	866.5	290.5	329.5	395.0	880.0	841.0	754.0	482.5	603.5	808.0	738.5	331.0	235.0	932.0	888.5
PBANKA_143540	PbGEM-322827|PbGEM-645740|PBANKA_143540|PbGEM-322819|PbGEM-645683|PbGEM-322835|PbGEM-340251	CCAAGACGCGA	385.0	301.0	279.0	281.5	111.0	117.5	138.5	251.0	211.0	244.0	55.0	44.0	52.0	132.0	133.0	172.5	205.0	183.0	320.5	269.5	152.0	145.0	218.0	158.5	389.0	306.5	250.0	269.5	141.0	140.0	119.0	268.0	211.0	218.0	48.5	57.5	72.5	147.0	125.0	161.5	202.5	186.5	348.5	415.5	147.5	158.5	292.5	140.5
PBANKA_143660	PbGEM-584537|PbGEM-067442|PBANKA_143660|PbGEM-645563|PbGEM-079278|PbGEM-584529|PbGEM-645562|PbGEM-257095|PbGEM-645561|PbGEM-645564|PbGEM-584545|PbGEM-340275	CCGCTTCATGC	456.0	322.0	360.5	378.0	30.5	39.5	51.0	239.0	187.0	157.0	475.0	544.0	506.0	375.0	393.0	415.5	2.5	9.0	0.0	0.0	1177.0	967.5	456.0	386.5	413.0	394.0	345.5	338.0	38.0	29.0	38.0	173.5	157.5	155.5	493.5	540.5	585.0	443.5	370.0	374.0	0.0	11.5	1.0	0.5	1157.5	966.0	518.5	481.5
PBANKA_143890	PbGEM-079506|PbGEM-449524|PbGEM-449516|PbGEM-449532|PbGEM-449540|PbGEM-646934|PbGEM-456544|PbGEM-079514|PBANKA_143890|PbGEM-067775|PbGEM-257581|PbGEM-456548|PbGEM-646749|PbGEM-456546	GTTCTTGACTC	603.5	498.0	477.5	597.0	1.0	3.0	5.0	62.0	61.5	70.0	204.5	265.5	276.5	635.0	563.5	635.0	1.0	0.0	61.5	47.5	263.0	310.5	539.0	548.5	507.5	469.0	442.5	498.5	1.0	3.0	2.5	69.5	56.0	69.5	216.5	235.0	306.5	596.0	550.0	538.0	0.0	0.0	99.5	68.0	250.0	273.0	643.0	632.0
PBANKA_144110	PbGEM-068124|PBANKA_144110|PbGEM-258036|PbGEM-265660|PbGEM-646778	CGCTCCGGTCC	206.5	162.5	181.0	198.5	365.0	462.0	405.0	564.5	513.5	538.5	613.5	694.5	647.0	888.0	739.0	782.5	100.0	133.5	138.0	158.0	0.0	1.0	18.0	11.0	174.0	176.0	212.5	151.5	371.0	434.0	380.5	503.0	453.0	487.5	588.0	664.0	717.5	915.0	890.0	783.0	87.5	165.5	182.5	215.5	1.0	3.5	28.0	27.5
PBANKA_144140	PbGEM-258076|PBANKA_144140|PbGEM-340419|PbGEM-068172	TACAGCTAGCC	356.0	285.0	343.5	336.0	159.0	234.0	229.0	148.0	138.0	192.5	238.0	242.5	283.5	227.0	243.5	205.5	490.5	347.0	367.5	271.5	135.0	81.5	183.5	118.0	362.0	303.5	314.0	301.0	184.5	204.0	206.5	166.0	137.0	155.5	240.5	253.5	324.0	218.0	236.5	191.5	513.0	420.0	345.0	412.5	175.0	78.5	194.0	127.5
PBANKA_144160	PbGEM-340427|PBANKA_144160|PbGEM-258100|PbGEM-079665	AGTCGGGAGAC	238.0	188.5	224.5	217.5	0.0	0.0	0.0	124.0	108.5	142.5	82.5	98.5	86.5	0.0	0.0	0.0	0.0	0.0	14.5	13.5	270.5	402.5	0.0	0.0	217.0	210.0	218.0	207.0	0.0	0.0	2.5	114.5	107.0	135.5	105.5	81.0	91.0	0.0	0.0	0.0	0.0	0.0	21.0	19.0	278.0	443.0	0.0	0.0
PBANKA_144240	PBANKA_144240|PbGEM-323811|PbGEM-323819	GAAGTCCGATA	822.0	502.5	505.5	564.0	154.0	201.0	189.5	452.0	297.5	345.0	346.0	346.0	409.0	395.5	343.5	429.0	153.0	132.5	205.5	129.0	319.5	297.0	197.5	289.5	739.5	588.0	538.0	455.5	178.0	199.5	173.5	357.0	305.0	293.0	361.5	322.5	433.5	348.5	425.5	298.0	140.0	116.5	196.5	200.5	412.0	252.0	246.5	312.0
PBANKA_144600	PbGEM-068823|PbGEM-068831|PBANKA_144600|PbGEM-258715|PbGEM-648163|PbGEM-664437|PbGEM-340595	TGCGTAGCAGA	379.0	345.0	391.0	361.0	45.0	58.0	68.0	0.0	0.0	0.0	13.5	17.5	15.5	0.0	0.0	0.0	5.0	1.0	0.0	0.0	35.0	48.5	0.0	0.0	349.5	389.5	354.0	334.5	68.5	65.5	65.0	3.5	0.0	0.0	13.0	15.0	17.0	0.0	0.0	0.0	5.0	0.0	0.0	0.0	35.5	42.5	0.0	0.5
PBANKA_144720	PbGEM-324435|PbGEM-340635|PbGEM-324443|PBANKA_144720	AATAGGTGGAC	511.0	382.0	391.0	453.5	1051.0	1357.0	1239.5	1222.0	1022.0	1139.5	333.0	435.0	401.0	599.0	535.0	569.5	1842.5	1588.0	2285.5	1869.0	593.5	490.0	821.5	690.5	459.5	394.0	363.5	343.5	1108.5	1294.5	1167.0	1065.0	1000.5	1026.5	373.5	385.0	411.0	598.0	597.0	553.5	1857.0	1751.0	2394.5	2579.0	611.0	470.5	970.0	845.0
PBANKA_145000	PbGEM-069415|PbGEM-340763|PbGEM-449572|PbGEM-665997|PbGEM-449548|PbGEM-456550|PbGEM-257165|PbGEM-449564|PbGEM-456549|PbGEM-456547|PbGEM-080163|PbGEM-449556|PBANKA_145000	AAAGTAACGAG	1087.5	1066.5	1245.0	1349.5	647.0	818.0	748.0	106.0	62.0	76.0	421.5	488.5	445.0	321.0	283.0	378.0	36.5	84.0	8.0	11.5	603.5	579.5	315.5	212.0	1037.0	1162.0	1141.0	1189.5	801.5	821.0	767.0	96.5	67.5	73.0	396.5	463.0	516.5	342.5	276.0	278.5	41.0	53.5	8.0	12.5	640.0	565.5	323.5	236.0
PBANKA_145870	PbGEM-325907|PbGEM-325915|PBANKA_145870	CGTCGACTGAT	527.5	462.0	455.0	466.5	421.0	521.0	455.5	924.0	668.5	715.5	132.5	123.0	104.5	461.0	340.0	429.0	699.0	816.0	712.5	603.5	243.5	199.5	355.5	355.5	500.0	448.5	435.5	416.5	466.0	483.5	498.5	712.0	640.5	655.5	113.0	119.5	140.0	403.5	432.0	324.5	786.5	892.5	782.5	815.5	240.0	201.5	427.0	432.5
