pbanka_id	Gene	Barcodes	PbFertility3_1_GCKO2_t_r1	PbFertility3_2_145480_t_r1	PbFertility3_3_GCKO2_d0_bp_mf1_r1	PbFertility3_4_GCKO2_d0_bp_mf2_r1	PbFertility3_5_145480_d0_bp_mf1_r1	PbFertility3_6_145480_d0_bp_mf2_r1	PbFertility3_7_GCKO2_d0_bq_mf1_r1	PbFertility3_8_GCKO2_d0_bq_mf2_r1	PbFertility3_9_145480_d0_bq_mf1_r1	PbFertility3_10_145480_d0_bq_mf2_r1	PbFertility3_11_GCKO2_d14_mf1.1_r1	PbFertility3_12_GCKO2_d14_mf1.2_r1	PbFertility3_13_GCKO2_d14_mf2.1_r1	PbFertility3_14_GCKO2_d14_mf2.2_r1	PbFertility3_15_145480_d14_mf1.1_r1	PbFertility3_16_145480_d14_mf1.2_r1	PbFertility3_17_145480_d14_mf2.1_r1	PbFertility3_18_145480_d14_mf2.2_r1	PbFertility3_19_GCKO2_t_r2	PbFertility3_20_145480_t_r2	PbFertility3_21_GCKO2_d0_bp_mf1_r2	PbFertility3_22_GCKO2_d0_bp_mf2_r2	PbFertility3_23_145480_d0_bp_mf1_r2	PbFertility3_24_145480_d0_bp_mf2_r2	PbFertility3_25_GCKO2_d0_bq_mf1_r2	PbFertility3_26_GCKO2_d0_bq_mf2_r2	PbFertility3_27_145480_d0_bq_mf1_r2	PbFertility3_28_145480_d0_bq_mf2_r2	PbFertility3_29_GCKO2_d14_mf1.1_r2	PbFertility3_30_GCKO2_d14_mf1.2_r2	PbFertility3_31_GCKO2_d14_mf2.1_r2	PbFertility3_32_GCKO2_d14_mf2.2_r2	PbFertility3_33_145480_d14_mf1.1_r2	PbFertility3_34_145480_d14_mf1.2_r2	PbFertility3_35_145480_d14_mf2.1_r2	PbFertility3_36_145480_d14_mf2.2_r2
PBANKA_010080	PbGEM-266060|PbGEM-266052|PBANKA_010080	CTCCAAGAACT	654.5	574.5	140.0	162.0	804.5	1415.0	144.0	173.5	640.0	1432.0	1.0	1.5	2.5	1.0	0.0	1.0	0.0	13.0	576.5	515.5	151.5	156.0	747.0	1322.0	152.5	143.0	561.0	1060.5	1.5	0.0	3.0	11.0	0.0	0.5	0.0	8.0
PBANKA_010110	PbGEM-266100|PbGEM-266092|PbGEM-668501|PBANKA_010110	CAGCGTGATGT	2500.5	1430.0	1043.5	3513.5	3667.0	2633.0	1052.0	3517.5	3269.0	2743.5	939.0	1407.0	4119.5	4436.0	4750.0	5308.5	3791.0	3974.5	2297.5	1297.5	979.0	2821.0	3159.5	2372.0	970.0	2933.0	2721.0	2195.0	1081.5	1335.5	3680.0	3607.0	4943.5	3550.0	3179.5	3863.5
PBANKA_010150	PbGEM-081256|PbGEM-226693|PbGEM-005317|PBANKA_010150	TCAGTTCGGGT	1573.0	1485.0	260.5	875.5	2411.0	1181.0	241.0	895.0	2066.0	1139.5	100.5	153.5	181.0	285.5	2671.0	3140.5	1524.5	1480.0	1366.0	1293.5	307.0	736.0	2018.0	916.5	286.5	723.0	1671.0	901.5	85.0	136.5	129.0	278.5	2788.5	1987.5	1136.0	1421.5
PBANKA_010720	PBANKA_010720|PbGEM-266899|PbGEM-266907|PbGEM-327755|PbGEM-647035	AAATTGGATCA	6736.5	5843.5	3102.0	3826.5	5631.5	7024.5	2990.0	3930.5	4632.0	7195.0	5803.0	6172.0	5537.5	6286.0	6586.5	7632.5	7839.0	8288.5	6549.5	5412.0	2953.0	3054.5	4878.5	5741.5	2768.0	3178.0	4154.5	5422.0	6087.0	6198.0	5096.5	5098.5	6818.5	4780.5	6335.0	7611.5
PBANKA_010890	PBANKA_010890|PbGEM-267051|PbGEM-267059|PbGEM-267067	AACTGTGTCTA	692.5	578.5	5308.0	1.5	995.5	827.5	5303.5	1.0	730.5	822.5	2626.0	3103.5	0.5	0.5	398.5	376.5	680.0	452.0	622.5	513.5	5103.5	1.5	854.0	698.5	4951.0	1.0	662.0	655.0	2696.5	2950.0	9.0	22.0	412.0	256.5	531.0	441.0
PBANKA_010960	PbGEM-267131|PbGEM-267123|PbGEM-646796|PBANKA_010960|PbGEM-665861	ATTGACTCGCG	338.0	365.0	14.5	151.0	163.5	208.5	18.5	170.5	142.5	188.5	0.0	0.0	0.0	0.0	132.5	167.5	114.0	68.5	395.0	368.0	15.0	96.5	120.0	152.0	19.0	96.5	148.0	153.0	0.0	0.0	1.0	1.0	151.5	122.0	82.5	64.5
PBANKA_011160	PBANKA_011160|PbGEM-267387|PbGEM-267395	ACCTTCGGTTT	1096.0	995.0	348.5	3723.5	813.0	1155.0	396.0	3704.5	782.5	1280.5	463.0	418.5	4539.5	4579.0	1064.0	1298.0	1629.5	1877.5	1003.0	981.0	390.0	2928.5	758.0	997.5	397.5	3036.5	664.0	961.5	498.5	464.5	4083.0	3971.5	977.0	779.5	1276.0	1695.0
PBANKA_020730	PbGEM-666677|PBANKA_020730|PbGEM-268299|PbGEM-268291|PbGEM-268307	CAAGGCTCAGC	680.5	481.0	192.0	0.0	270.0	183.5	182.5	0.0	274.5	206.5	111.5	102.0	0.0	0.0	289.0	242.0	312.5	470.0	640.0	452.5	196.5	0.0	238.5	174.5	189.0	0.0	223.0	185.5	93.0	111.5	0.0	5.0	377.5	134.5	281.0	450.5
PBANKA_020970	PbGEM-008016|PbGEM-229582|PbGEM-082477|PBANKA_020970	GAGATTGCGCG	327.0	294.5	0.0	0.0	192.5	341.5	0.0	0.0	156.5	389.5	0.0	0.0	0.0	0.0	326.5	233.5	521.0	428.0	287.0	303.5	0.0	0.0	158.0	280.0	0.0	0.0	149.0	271.5	0.0	0.0	2.0	4.0	328.0	208.0	406.5	368.0
PBANKA_020990	PbGEM-666949|PBANKA_020990|PbGEM-328115|PbGEM-268699|PbGEM-268707	CCTTTCTATGG	595.5	489.0	0.0	1.0	487.0	1142.5	0.5	0.0	442.0	1204.0	0.0	0.0	2.0	1.0	591.5	660.0	1034.0	1077.0	534.5	516.5	0.0	1.0	447.5	1004.0	1.0	0.0	359.5	1005.0	0.0	1.0	0.5	4.0	600.5	426.5	752.0	1063.0
PBANKA_021420	PbGEM-328291|PbGEM-008620|PBANKA_021420|PbGEM-227301|PbGEM-008628	GCTCGAGTCTC	650.5	550.0	161.5	1395.5	1285.5	902.0	179.0	1492.0	1279.5	863.5	509.0	670.0	906.0	1002.5	1243.0	1471.5	1767.5	1896.0	669.5	483.0	196.0	1059.5	1089.0	712.0	160.0	1240.5	1116.0	658.0	583.5	628.5	701.0	853.0	1318.0	935.5	1459.5	1906.5
PBANKA_021460	PBANKA_021460|PbGEM-269179|PbGEM-674685|PbGEM-646800|PbGEM-269171	GACGTATGGCG	632.0	600.5	103.0	190.0	323.5	766.5	114.5	146.5	206.0	743.0	48.0	48.5	92.0	111.5	248.5	219.0	1168.5	1298.0	606.5	561.0	90.5	145.5	267.5	651.5	98.5	138.0	156.5	584.5	55.5	56.5	96.0	62.0	264.5	133.5	993.5	1085.0
PBANKA_030210	PbGEM-269499|PBANKA_030210|PbGEM-269515|PbGEM-269507|PbGEM-328387	TTCAAACACCT	499.5	458.0	3.0	1.0	423.0	715.5	2.0	0.0	336.5	700.0	2.0	16.5	0.0	0.0	81.5	131.0	353.5	377.0	503.5	420.0	2.5	0.0	317.0	633.0	2.0	0.0	269.5	531.5	4.5	10.0	0.0	1.5	82.5	67.5	324.5	335.0
PBANKA_030660	PbGEM-270115|PbGEM-270107|PBANKA_030660|PbGEM-328507	GCACAGCAAAA	564.5	532.5	0.5	657.5	448.0	1040.0	0.0	672.5	372.0	1070.5	0.5	0.5	936.5	1058.5	671.5	536.0	938.0	983.5	544.5	441.5	0.0	507.0	368.5	855.5	2.0	566.0	361.0	913.0	1.0	0.0	826.0	1082.5	661.0	332.0	763.5	987.5
PBANKA_031130	PbGEM-270690|PBANKA_031130|PbGEM-270682	TGTAACGTGTG	630.0	550.5	0.0	3047.0	342.5	359.5	0.0	2780.0	349.5	340.0	0.0	0.0	1401.5	1817.0	770.5	657.5	355.5	348.0	624.0	413.0	1.0	2480.5	292.0	308.5	4.5	2469.0	230.5	281.0	0.5	0.0	1240.0	1472.5	761.0	474.0	313.0	358.5
PBANKA_031270	PbGEM-083801|PbGEM-083793|PBANKA_031270|PbGEM-646954|PbGEM-229846	GCCAGATGTAT	482.5	444.0	18.5	472.5	633.5	262.0	17.5	439.0	456.5	248.5	18.0	9.0	76.0	151.5	0.0	0.0	1.0	0.0	471.5	402.0	19.0	364.5	509.0	252.5	15.5	363.5	423.5	224.5	13.5	14.0	67.5	142.0	0.0	0.0	0.0	0.0
PBANKA_031320	PBANKA_031320|PbGEM-270922|PbGEM-270930	CATATAATGGA	614.0	452.5	2.0	1268.5	801.5	510.5	0.0	1531.0	751.0	602.5	0.0	0.5	1620.5	2249.0	1150.0	1174.0	535.5	523.5	525.0	404.5	0.5	1043.0	716.0	395.5	4.0	1244.5	774.5	469.0	0.0	1.0	1568.0	1929.5	1167.0	762.5	485.0	535.0
PBANKA_040430	PbGEM-228846|PbGEM-084246|PBANKA_040430|PbGEM-533579	ATAGCCTAATA	581.5	439.5	0.0	771.5	270.0	475.0	0.0	834.5	446.5	495.0	0.0	0.0	993.5	1352.5	0.0	1.0	0.0	0.0	575.0	404.0	0.0	613.0	249.5	431.0	1.0	675.0	322.5	383.0	0.0	0.0	894.5	1135.0	0.0	0.0	0.0	0.0
PBANKA_040470	PbGEM-271690|PbGEM-271682|PBANKA_040470|PbGEM-328843	TGTTCGTATAG	601.5	461.5	0.0	289.5	311.5	248.5	0.0	324.5	474.5	244.5	0.0	0.0	427.0	358.0	308.5	274.5	551.0	302.5	629.5	430.5	0.0	230.0	272.5	231.0	2.5	227.5	375.0	251.5	0.0	0.0	415.0	286.5	321.0	165.5	439.0	282.0
PBANKA_040500	PbGEM-271730|PbGEM-271722|PBANKA_040500|PbGEM-646802	CGGAGCGGAAC	470.0	394.5	4.0	398.5	221.5	424.5	5.0	392.0	163.5	520.5	0.0	1.5	0.0	0.0	167.0	238.5	255.0	253.5	433.0	372.5	5.0	311.0	140.0	364.5	8.0	377.0	156.5	428.0	0.0	0.0	2.0	4.0	178.0	118.0	249.5	243.5
PBANKA_040590	PbGEM-271858|PbGEM-271850|PBANKA_040590	GGATACTGTAG	550.0	525.5	0.0	49.5	148.5	245.5	0.0	55.5	116.0	240.5	0.0	0.0	2.0	0.0	101.5	44.5	253.5	222.5	503.0	446.0	0.0	35.5	142.0	224.0	0.0	16.5	99.5	273.5	0.0	0.0	1.0	0.5	101.5	32.0	200.0	182.0
PBANKA_040730	PbGEM-011865|PBANKA_040730|PbGEM-229532|PbGEM-665701|PbGEM-011857|PbGEM-084446	TGGACCAGCGT	754.5	538.0	1.0	1731.5	409.0	610.5	0.0	1953.0	503.5	603.5	0.0	0.0	12.0	3.0	489.5	570.0	648.0	710.0	653.5	499.0	1.5	1415.0	317.5	538.0	1.0	1538.5	394.0	549.5	0.0	0.0	9.0	10.0	502.5	331.5	528.5	661.0
PBANKA_040820	PbGEM-538051|PbGEM-528296|PbGEM-528155|PbGEM-467278|PbGEM-645854|PbGEM-111826|PBANKA_040820|PbGEM-539483|PbGEM-084520|PbGEM-229765|PbGEM-011988|PbGEM-646469|PbGEM-528437|PbGEM-646635	AATCCTTTACT	116.5	101.5	0.0	68.5	5.0	178.0	0.0	53.5	45.0	202.0	0.0	0.0	2.0	12.5	2.5	2.0	101.0	88.0	132.5	67.0	0.0	39.5	7.0	163.5	0.0	51.5	29.5	134.5	0.0	0.0	2.0	8.0	6.0	4.0	65.0	76.0
PBANKA_041490	PbGEM-272922|PbGEM-272914|PBANKA_041490	CTACGTATCAG	597.0	537.5	0.0	226.0	218.0	401.0	0.0	218.5	265.0	483.5	0.0	0.0	38.0	40.5	221.5	257.5	571.5	558.0	572.5	497.0	0.0	188.5	162.5	348.5	0.0	198.0	180.0	348.0	0.0	0.0	28.0	46.0	231.0	158.0	523.0	479.0
PBANKA_041540	PBANKA_041540|PbGEM-272986|PbGEM-272978	GTTTGCACATC	1810.5	1495.0	0.0	268.0	1267.5	736.5	0.5	257.0	1073.0	736.5	1.0	0.0	249.0	230.0	1266.0	1233.5	753.5	554.5	1638.5	1398.0	0.0	187.0	1002.0	589.5	1.0	228.5	964.5	520.5	0.0	0.0	196.0	216.0	1328.0	765.0	553.0	498.0
PBANKA_041680	PbGEM-085099|PbGEM-329155|PBANKA_041680|PbGEM-085107|PbGEM-231093|PbGEM-013177|PbGEM-341884	TGCGTATCCAT	657.5	590.5	715.0	0.0	1239.0	742.5	880.0	0.0	1059.5	845.5	115.5	126.5	0.0	0.0	338.5	285.0	68.0	106.0	610.5	572.5	708.0	1.0	1089.0	612.5	817.5	0.0	922.0	666.5	120.0	137.5	2.0	16.0	310.0	175.5	44.5	64.0
PBANKA_041710	PbGEM-329163|PbGEM-273186|PbGEM-273194|PBANKA_041710	TGTAGACGCTT	203.0	143.5	490.5	0.0	283.0	50.0	600.5	0.0	257.5	70.0	462.0	556.5	0.0	0.0	150.0	186.0	50.0	80.5	195.5	166.0	606.5	1.0	219.0	56.0	506.5	1.0	273.0	51.0	500.5	605.0	1.0	7.0	159.0	137.5	42.0	55.5
PBANKA_050120	PbGEM-273538|PBANKA_050120|PbGEM-273546|PbGEM-329235	CTCGGGAGGGG	916.0	97.5	2231.5	2436.5	106.0	179.5	2622.5	2505.0	66.0	169.5	839.5	816.5	1485.5	1973.0	187.0	185.0	279.0	346.0	920.0	106.0	2242.5	2015.0	109.0	117.5	2333.0	2112.0	123.5	118.0	883.0	793.5	1537.5	1502.0	209.5	281.5	212.5	268.0
PBANKA_050370	PBANKA_050370|PbGEM-273922|PbGEM-273930	ACGATTTGTTA	581.5	483.0	1.5	0.0	445.0	645.5	0.0	0.0	373.0	570.0	0.0	0.0	0.0	0.0	954.5	1066.5	1046.0	1227.5	522.5	485.5	1.0	0.0	442.0	486.0	0.0	0.0	354.5	497.5	0.5	0.0	0.0	6.0	1011.5	760.5	875.0	1098.5
PBANKA_050690	PbGEM-666549|PbGEM-230990|PbGEM-014448|PbGEM-646765|PBANKA_050690|PbGEM-329419	ACTTCAATATC	632.5	549.5	97.5	2.0	530.5	1483.5	116.0	0.5	422.0	1508.0	282.0	335.5	1.5	0.0	733.5	640.5	1553.0	1367.5	557.5	491.5	113.0	1.0	465.5	1231.0	87.0	0.0	448.0	1166.0	271.0	301.0	2.0	9.0	704.0	389.5	1256.0	1297.0
PBANKA_050720	PbGEM-274330|PBANKA_050720|PbGEM-274322	ACAAGACGAAG	582.0	558.0	290.0	0.5	441.0	909.0	307.5	0.0	410.0	861.0	220.0	450.5	0.0	0.0	577.0	556.5	1121.5	1151.5	542.0	486.5	274.5	0.0	423.0	797.5	277.5	1.0	326.5	695.0	250.5	464.0	1.0	8.0	582.5	331.5	880.5	1006.5
PBANKA_051060	PbGEM-329547|PbGEM-646729|PbGEM-274850|PBANKA_051060	CGTGTGATGCC	652.0	73.0	2647.0	0.5	33.0	1.0	3084.5	3.0	29.0	2.5	3486.5	4110.0	1.0	1.0	0.0	2.0	1.5	17.5	629.5	59.5	2786.5	0.0	26.0	0.0	2816.0	5.5	57.0	1.5	3681.5	4312.0	11.0	11.0	9.5	60.5	1.0	0.5
PBANKA_051490	PbGEM-015553|PbGEM-015545|PbGEM-670885|PBANKA_051490|PbGEM-527698|PbGEM-232006	TGCCTTGTATG	583.5	369.0	0.0	150.0	407.0	309.0	0.0	139.5	485.5	299.0	0.0	0.0	88.0	71.0	362.5	355.5	328.0	344.0	598.0	245.0	1.0	131.0	207.5	395.0	0.0	139.0	327.5	251.0	0.0	0.0	74.5	66.5	434.5	410.5	338.5	451.5
PBANKA_051535	PbGEM-232086|PBANKA_051535|PbGEM-086191	CGAAACTACTA	1726.0	1293.5	3782.0	1239.0	1607.0	1205.0	3990.5	1344.0	1762.0	1320.5	4692.5	5456.0	1744.5	1450.0	2042.0	2750.5	1436.5	1458.5	1586.0	1262.0	3824.0	1026.5	1369.0	1029.0	3831.5	1200.5	1612.5	1046.0	4843.0	5326.5	1733.0	1200.0	2224.0	1749.5	1260.5	1380.5
PBANKA_051810	PbGEM-275826|PBANKA_051810|PbGEM-275818|PbGEM-647163	CCCAGCCGCTT	379.5	288.0	1.0	212.0	674.0	330.5	0.0	253.0	615.0	464.5	0.0	0.0	313.0	289.5	906.5	986.0	807.0	723.5	366.5	346.5	0.0	162.0	552.0	318.5	0.0	191.5	484.5	339.0	0.0	0.0	266.5	239.5	899.5	576.5	593.5	664.5
PBANKA_051850	PbGEM-232621|PBANKA_051850|PbGEM-016124|PbGEM-016116|PbGEM-647171	GGACGCATGTT	885.0	806.5	868.5	1032.5	778.5	578.0	908.0	1042.5	677.5	612.5	1034.5	1055.5	1352.5	1312.5	918.5	1205.5	572.5	725.5	888.5	777.5	953.0	691.5	642.0	488.0	848.0	902.0	541.5	472.0	1018.5	1087.0	1199.0	1040.0	991.5	759.0	449.0	615.5
PBANKA_060380	PbGEM-277218|PbGEM-330011|PbGEM-277226|PBANKA_060380	TGCATGTTCCA	596.5	565.0	0.0	0.5	257.5	629.5	0.0	1.0	212.5	648.0	0.0	0.0	0.0	0.0	267.0	321.0	810.0	800.0	606.0	510.5	0.0	0.0	230.0	502.5	0.0	1.0	158.5	505.5	0.5	0.0	0.5	2.0	255.0	226.5	638.5	708.5
PBANKA_060510	PBANKA_060510|PbGEM-277394|PbGEM-277378|PbGEM-277386	CGGTCCCGGAC	491.0	357.0	0.0	476.5	474.5	136.5	0.0	420.0	400.5	167.0	0.0	0.0	36.0	81.5	552.0	597.0	364.0	344.0	448.5	357.5	0.0	318.5	418.0	142.5	0.0	342.5	495.0	134.5	0.0	0.0	38.0	67.5	581.0	430.5	256.5	289.5
PBANKA_061300	PbGEM-278290|PBANKA_061300|PbGEM-278298	AAGTATCACCA	593.0	499.5	0.0	0.0	118.5	299.5	0.5	0.0	98.0	334.0	0.0	0.0	0.0	0.0	54.5	115.0	437.5	556.0	512.5	487.5	0.0	0.0	118.5	260.0	1.0	0.0	90.5	237.0	0.0	0.0	0.0	0.0	57.0	80.0	368.0	537.0
PBANKA_061640	PbGEM-278842|PBANKA_061640|PbGEM-278858|PbGEM-278850|PbGEM-647235|PbGEM-666997	CCCCGTTCGGG	340.0	314.0	143.0	100.5	665.0	433.5	224.5	72.5	679.5	522.0	230.5	205.0	52.5	77.0	889.5	1347.0	419.0	490.0	332.0	285.5	184.0	61.0	577.0	396.0	196.0	67.5	508.0	398.5	218.5	171.5	48.5	64.0	884.5	836.5	335.5	472.5
PBANKA_061670	PbGEM-111690|PBANKA_061670|PbGEM-112249|PbGEM-019357|PbGEM-234680	TGCCAGCGGAC	0.0	0.0	0.0	0.0	0.0	0.0	0.0	0.0	11.0	0.0	0.0	0.0	0.0	0.0	0.0	0.0	0.0	0.0	0.0	0.0	0.0	0.0	0.0	0.0	0.0	0.0	28.0	0.0	0.0	0.0	0.0	0.0	0.0	0.0	0.0	0.0
PBANKA_061670	PbGEM-646732|PbGEM-072498|PBANKA_061670	TCTCGGTTAT	895.0	99.5	1540.0	172.0	1.0	0.0	1415.0	162.5	2.0	0.0	0.0	0.0	1.0	0.0	1.0	4.5	0.5	5.0	813.0	84.5	1555.5	120.5	0.0	0.0	1235.5	128.0	29.5	0.0	0.0	0.0	1.0	0.0	6.5	34.5	0.5	0.0
PBANKA_061840	PBANKA_061840|PbGEM-279194|PbGEM-279186	GGTGTAAAGGC	638.0	480.0	0.5	383.5	266.5	247.0	0.0	330.5	243.5	228.5	0.0	1.0	317.0	377.0	0.0	0.0	0.0	0.0	595.5	471.5	0.0	295.0	202.5	201.0	1.0	310.0	185.0	183.0	0.0	0.0	282.5	346.0	0.0	0.0	0.5	0.0
PBANKA_061960	PbGEM-019772|PBANKA_061960|PbGEM-235097|PbGEM-264780	TGGAGAGAAGT	666.0	522.5	1.5	50.5	287.0	389.0	0.0	26.5	481.0	399.0	0.0	0.0	0.0	54.5	150.0	175.5	121.0	214.5	675.0	523.0	0.0	38.5	255.5	294.0	0.0	41.0	416.0	262.0	0.0	0.0	3.0	61.0	144.5	120.5	97.5	182.5
PBANKA_062200	PbGEM-279674|PbGEM-673253|PBANKA_062200|PbGEM-279658|PbGEM-279666	AGAGATAGCAC	689.0	535.0	2.0	0.0	340.0	355.5	1.0	0.0	293.5	305.5	0.0	0.0	0.0	1.0	0.0	1.0	0.0	0.0	585.0	507.0	1.0	0.0	292.0	286.5	5.0	0.0	215.5	313.5	0.0	0.0	0.0	4.0	0.0	0.0	0.0	0.0
PBANKA_070200	PbGEM-330539|PbGEM-280098|PbGEM-280090|PBANKA_070200	CGGTTACCCTA	493.0	454.0	0.0	30.0	437.0	309.5	0.0	40.0	392.0	337.5	0.0	0.0	71.0	47.0	0.0	0.0	0.0	0.0	467.5	426.0	0.0	24.5	369.5	266.5	1.0	29.0	311.5	264.5	1.0	0.0	37.5	62.5	0.0	0.0	0.0	0.0
PBANKA_070210	PbGEM-020516|PbGEM-343476|PbGEM-088624|PBANKA_070210|PbGEM-264348|PbGEM-233246|PbGEM-330547	TACCAAGATTC	708.5	512.0	184.5	1.0	680.0	785.5	158.0	0.5	563.0	739.5	289.5	253.0	0.0	1.0	861.5	992.0	1310.5	1305.0	641.0	593.0	201.0	0.0	645.5	706.0	182.0	0.0	524.5	666.0	257.0	262.5	0.0	7.0	815.0	623.0	969.5	1325.5
PBANKA_070350	PbGEM-280322|PbGEM-280330|PBANKA_070350|PbGEM-538227|PbGEM-280314	TCACCTTAGGG	649.0	549.0	1262.5	274.5	294.5	237.0	1278.5	273.5	299.5	196.5	2210.0	2538.0	515.5	565.5	351.5	389.0	301.0	271.5	634.0	548.0	1233.5	228.5	262.0	177.0	1254.0	283.0	247.5	179.0	2241.0	2564.0	418.0	504.5	366.5	270.5	264.0	256.5
PBANKA_070700	PbGEM-234332|PbGEM-021279|PBANKA_070700|PbGEM-088932|PbGEM-088924	CTACAAGTTCA	666.0	574.5	5480.5	17.0	2008.0	1756.0	5795.0	19.5	1859.5	1854.0	7048.0	7643.0	2.0	41.5	2023.0	1704.0	3390.0	3527.5	594.5	532.5	5544.0	9.5	1675.0	1440.0	5533.5	10.5	1579.5	1396.0	7185.5	7253.0	18.0	65.5	2124.0	1069.5	2868.0	3514.0
PBANKA_070710	PbGEM-234342|PbGEM-021287|PbGEM-461615|PbGEM-668589|PBANKA_070710|PbGEM-461649|PbGEM-021295	CGGTTGTGGAT	643.5	469.0	237.5	54.5	482.0	757.5	284.0	46.5	634.5	855.5	103.5	18.5	11.0	0.0	575.0	447.0	647.5	620.0	620.0	455.0	285.5	42.0	431.0	603.5	299.0	50.0	608.5	654.0	120.0	16.0	7.0	6.0	460.5	269.5	530.0	750.5
PBANKA_071100	PbGEM-281426|PbGEM-281442|PBANKA_071100|PbGEM-281434|PbGEM-330811	TACTGAAGGGT	667.0	539.0	1.0	0.0	571.5	210.0	0.0	0.0	462.0	230.5	0.0	0.0	0.0	0.0	228.5	227.0	73.5	57.5	615.5	445.5	1.0	1.0	491.0	153.5	0.0	0.0	435.5	159.0	1.0	0.0	1.0	11.0	246.5	134.5	55.5	58.5
PBANKA_071120	PbGEM-021902|PbGEM-021894|PbGEM-235026|PbGEM-089247|PBANKA_071120	GACGTCCCCCT	590.5	454.0	0.0	958.0	518.0	275.5	0.0	994.5	495.5	266.5	0.0	0.0	91.0	154.5	573.0	497.5	219.0	160.0	586.0	436.5	0.5	777.5	411.0	228.0	2.0	728.5	515.5	239.0	0.0	0.0	93.5	138.5	594.0	284.0	193.5	152.0
PBANKA_071130	PbGEM-330827|PbGEM-021910|PbGEM-235041|PBANKA_071130|PbGEM-021918|PbGEM-647299	ACCCCTTGACT	689.0	580.5	0.0	0.0	539.0	1040.0	0.0	0.0	647.5	1015.5	0.0	0.0	2.0	0.0	603.0	602.0	917.5	1068.5	627.5	536.5	0.0	0.0	473.0	852.0	0.0	0.0	495.5	763.5	0.0	1.0	1.0	10.0	638.0	426.5	824.0	1019.5
PBANKA_071390	PbGEM-022257|PBANKA_071390|PbGEM-022249|PbGEM-664653|PbGEM-235558	GCTCTCAGTGG	511.0	495.5	208.0	272.0	496.0	425.0	224.0	234.5	443.5	433.5	144.0	275.5	260.0	301.0	428.5	452.0	364.5	380.5	496.5	434.0	231.0	191.0	404.0	360.5	192.0	197.5	398.0	356.5	149.5	350.0	174.5	248.0	445.0	287.0	289.0	347.5
PBANKA_071440	PbGEM-538291|PbGEM-330907|PbGEM-281778|PbGEM-281762|PbGEM-673437|PbGEM-281770|PBANKA_071440	CTCCTCGTGAC	1003.5	924.0	3.0	608.0	1290.0	1021.5	0.0	612.0	1138.5	1185.0	1.0	0.0	733.0	696.0	2323.5	2750.0	1074.5	1156.5	960.5	812.5	1.0	515.5	1063.0	959.5	1.0	558.0	883.5	948.5	2.5	0.0	581.5	517.5	2339.0	1792.5	911.0	1047.5
PBANKA_071470	PbGEM-330931|PbGEM-235725|PbGEM-089454|PbGEM-022385|PBANKA_071470	CCGGTCACTAT	570.0	480.0	0.5	80.0	631.0	957.0	1.0	86.5	534.5	1053.0	1.0	0.0	123.5	116.0	760.0	913.5	1302.5	1449.0	560.5	475.0	0.0	62.5	518.5	868.0	0.0	62.0	487.0	820.0	0.0	1.0	113.5	87.5	788.0	595.0	1052.5	1270.5
PBANKA_071540	PbGEM-281914|PBANKA_071540|PbGEM-665749|PbGEM-281906|PbGEM-281898	AGACAGTTATC	602.0	571.5	260.0	731.5	513.5	315.5	218.5	731.5	372.5	310.5	0.0	0.5	0.0	1.0	385.5	364.0	409.0	406.5	576.5	450.0	272.0	551.0	434.0	272.5	213.5	613.0	337.5	272.5	0.5	0.0	0.0	7.5	385.0	239.5	355.0	408.5
PBANKA_071630	PBANKA_071630|PbGEM-282026|PbGEM-282034|PbGEM-666045|PbGEM-282042|PbGEM-647331	GGTACGACCAA	684.5	589.5	354.0	2238.0	476.5	185.5	347.0	2217.5	410.5	193.5	209.0	283.5	1134.5	1333.0	286.5	308.0	134.0	134.0	695.5	551.5	376.0	1741.0	417.5	145.5	334.0	1892.5	401.5	177.5	211.0	239.0	1027.0	1015.5	382.5	204.0	110.5	100.5
PBANKA_071960	PBANKA_071960|PbGEM-282378|PbGEM-282394|PbGEM-282386	GCCCGGCCTAG	501.0	515.5	106.5	0.0	763.0	621.5	121.0	0.0	727.0	757.5	11.5	52.5	1.0	0.0	234.0	220.5	134.0	142.0	489.0	387.5	133.5	0.5	677.5	552.0	139.0	1.0	613.0	581.5	8.5	46.0	1.0	10.0	256.0	115.5	110.0	106.0
PBANKA_080430	PbGEM-090319|PbGEM-023991|PBANKA_080430|PbGEM-235933|PbGEM-193954|PbGEM-090311	CCCAGGTGTGG	515.5	467.0	73.5	161.5	989.0	546.0	95.5	145.5	989.5	593.0	145.0	259.0	133.0	267.0	1133.5	1259.5	703.5	650.5	539.5	465.0	72.5	121.5	899.0	455.5	84.5	157.0	799.5	496.5	159.0	263.0	139.0	235.0	1105.5	745.0	597.5	599.5
PBANKA_080550	PBANKA_080550|PbGEM-665909|PbGEM-283466|PbGEM-283458	TGCATCGGCTG	694.0	610.5	22.0	171.5	813.5	628.0	24.5	166.5	713.0	607.0	31.5	20.5	202.0	201.0	0.0	0.0	1.0	0.5	723.5	561.0	22.0	152.5	670.0	519.0	26.0	177.0	483.5	513.5	15.5	23.0	107.5	140.0	0.0	0.5	0.0	0.0
PBANKA_080610	PbGEM-331387|PBANKA_080610|PbGEM-283506|PbGEM-283498|PbGEM-283514|PbGEM-671421	CCTAGATGAGT	364.0	309.0	650.0	0.0	192.0	196.0	757.0	1.0	187.5	209.5	179.0	128.0	0.0	0.0	320.5	383.0	304.0	296.0	294.0	269.0	695.5	0.0	147.5	165.5	736.0	0.0	176.5	186.0	222.5	137.0	1.0	3.0	330.0	200.0	205.0	274.0
PBANKA_080640	PBANKA_080640|PbGEM-283538|PbGEM-283530|PbGEM-673781|PbGEM-283522	CTGAAAGCGGG	521.5	484.0	235.5	1403.5	1570.0	953.0	265.0	1532.0	1470.5	1043.5	214.5	159.5	1654.0	1656.0	1325.0	1484.5	547.0	826.5	449.0	429.5	205.0	1117.5	1352.0	834.5	231.5	1255.5	1165.5	857.0	269.0	163.0	1407.5	1354.5	1328.0	957.5	418.0	783.5
PBANKA_080690	PbGEM-024371|PBANKA_080690|PbGEM-090532|PbGEM-236525|PbGEM-024379|PbGEM-646973|PbGEM-674069	TTATAAGTCTA	709.5	577.5	2458.5	1.0	440.0	575.0	2317.0	2.0	496.5	529.5	2848.0	3256.0	2.0	1.0	434.5	474.0	747.0	653.5	705.5	530.5	2250.0	2.0	381.5	424.0	2115.5	0.0	491.0	411.0	2901.0	3268.0	14.0	20.5	486.0	310.0	612.0	634.0
PBANKA_080940	PBANKA_080940|PbGEM-283874|PbGEM-283858|PbGEM-283866	GTAACAGCGTC	719.5	576.5	1.5	28.0	892.0	881.5	1.0	29.0	719.0	962.5	0.0	0.0	49.5	70.5	1604.0	2065.0	740.0	998.5	610.0	547.0	0.0	28.0	815.5	754.0	0.0	28.5	656.0	765.0	1.0	0.0	49.5	41.0	1648.0	1238.5	616.0	1010.0
PBANKA_080950	PbGEM-331475|PbGEM-283890|PbGEM-283882|PBANKA_080950	GAGGTGGACAA	627.0	637.5	0.0	0.0	1194.5	1087.0	0.0	0.0	1043.5	1085.5	0.0	0.0	0.0	1.0	1875.0	1909.5	923.0	875.5	603.0	571.0	0.0	0.0	1034.5	876.5	0.5	1.5	886.0	851.0	1.5	1.5	3.5	9.5	1883.0	1206.0	763.5	849.5
PBANKA_081070	PbGEM-669557|PbGEM-090719|PbGEM-461647|PbGEM-024819|PbGEM-461613|PbGEM-237255|PBANKA_081070	TAATAGGGAGC	600.0	517.0	668.5	1.0	548.5	1076.5	658.5	0.0	470.5	1068.5	427.0	304.0	0.0	1.0	394.5	408.0	906.0	863.5	544.5	482.0	621.0	0.0	487.0	884.5	640.5	0.0	463.5	824.0	453.5	310.0	2.5	11.5	423.5	251.5	786.5	804.5
PBANKA_081120	PBANKA_081120|PbGEM-090751|PbGEM-237397|PbGEM-024899|PbGEM-669397	GGATGTCAGAA	549.0	521.5	634.5	480.0	933.5	782.5	638.0	505.0	814.5	729.5	1032.5	1174.5	402.5	471.5	906.0	1275.5	1097.0	892.0	518.0	456.5	683.0	398.0	769.5	619.5	619.0	466.5	721.0	618.5	1008.0	1175.5	309.0	367.0	1008.5	814.5	862.0	833.0
PBANKA_081420	PbGEM-331563|PbGEM-025344|PbGEM-238105|PbGEM-668525|PBANKA_081420|PbGEM-342108	GATGTGTTCCT	1279.5	1088.0	240.0	1587.0	1570.0	991.5	205.0	1623.5	1361.0	968.0	237.0	116.5	1277.0	1551.0	927.0	1096.0	579.5	848.5	1194.0	1035.0	196.0	1222.5	1260.5	823.5	212.5	1363.0	1153.5	751.0	253.0	129.5	1230.5	1245.0	880.5	619.0	477.5	838.0
PBANKA_081680	PbGEM-647347|PBANKA_081680|PbGEM-025725|PbGEM-646961|PbGEM-238655	GAAGATATGAC	532.5	453.0	0.0	728.0	681.5	824.5	0.0	750.0	578.0	836.0	1.0	0.0	1216.5	1400.5	996.5	975.0	710.0	1161.0	479.5	399.5	1.0	614.5	594.0	689.0	1.0	602.5	557.5	639.5	0.0	1.0	1054.0	1103.0	980.0	590.0	580.5	996.5
PBANKA_082020	PbGEM-239614|PbGEM-026142|PbGEM-026150|PBANKA_082020	TCCTGTTTTTT	578.0	538.5	250.5	22.5	720.0	579.5	241.0	25.0	654.0	514.0	275.0	236.0	40.5	31.0	898.0	1040.0	512.5	639.5	585.5	573.5	260.0	19.5	618.0	480.0	251.0	22.5	517.0	435.0	295.5	236.5	44.0	24.5	873.0	670.5	446.5	676.0
PBANKA_082090	PbGEM-646936|PbGEM-239778|PbGEM-645712|PbGEM-528290|PbGEM-091316|PbGEM-331723|PbGEM-670021|PbGEM-528431|PbGEM-528149|PbGEM-646459|PbGEM-646625|PbGEM-645630|PBANKA_082090|PbGEM-026206|PbGEM-645844	GTGAGTTGCCG	180.5	172.5	0.0	0.0	184.5	10.5	0.0	0.0	164.0	9.5	1.0	0.0	0.0	0.0	153.5	144.0	5.5	37.0	171.0	148.5	0.0	0.0	153.5	8.0	0.0	0.0	170.0	4.0	0.0	0.0	0.0	7.0	188.5	88.5	1.0	35.0
PBANKA_082230	PbGEM-026332|PbGEM-259332|PBANKA_082230	GGCGTACCCCG	298.0	299.0	2.0	90.0	220.5	427.5	5.5	87.5	220.5	420.5	13.0	7.0	300.5	282.0	390.0	315.0	291.0	390.5	299.0	290.0	1.5	78.0	181.5	354.5	2.0	66.5	167.5	341.0	24.0	6.5	279.5	218.5	358.0	212.5	212.0	389.5
PBANKA_082440	PbGEM-285410|PbGEM-285418|PBANKA_082440	CGGAGATAGTA	1068.0	793.5	1046.5	141.0	836.5	538.5	1244.5	138.0	738.5	517.5	2567.5	2542.5	491.5	518.0	0.0	0.0	0.0	1.0	974.5	725.5	1131.5	138.0	673.0	442.0	1004.5	124.0	621.0	448.0	2568.5	2558.5	431.5	402.5	1.0	0.0	0.0	0.5
PBANKA_082460	PbGEM-285434|PbGEM-331819|PBANKA_082460|PbGEM-285426	CCAGAACTACC	679.0	407.5	1097.0	49.5	516.5	197.5	1175.5	59.0	441.5	217.5	1383.0	1789.0	13.0	42.5	0.0	0.0	0.0	0.0	547.5	452.5	1117.5	49.5	442.0	155.5	1102.0	39.5	392.0	183.0	1476.5	1662.5	11.5	47.0	0.0	0.0	0.0	2.5
PBANKA_082820	PbGEM-285842|PbGEM-285826|PbGEM-285834|PBANKA_082820	AGAAGGAGGTC	691.5	552.5	1.0	0.0	405.0	580.5	0.0	0.0	357.0	525.5	0.0	0.0	0.0	0.0	0.0	0.0	0.0	1.0	606.0	506.0	0.0	0.0	343.5	464.5	0.0	0.0	291.0	446.5	0.0	0.0	0.0	5.0	0.0	0.0	0.0	0.0
PBANKA_082850	PBANKA_082850|PbGEM-285874|PbGEM-331899|PbGEM-285882	TTTGTACGAGA	616.0	472.5	1142.0	1622.5	318.5	105.5	1088.0	1621.5	245.0	103.0	382.0	574.5	860.0	1051.0	247.0	209.0	134.0	82.0	534.0	463.0	1118.0	1321.5	273.5	70.5	1103.0	1318.5	239.5	62.0	385.5	602.0	828.5	831.0	283.0	136.5	113.5	68.0
PBANKA_082890	PbGEM-027163|PbGEM-091903|PbGEM-027171|PBANKA_082890|PbGEM-259812	GTCTGTCCGCT	569.0	530.5	1300.5	648.0	316.0	440.0	1272.5	649.0	260.5	466.0	1516.0	2009.0	909.0	642.0	0.0	0.0	0.0	1.5	519.5	494.0	1286.0	515.5	282.0	374.5	1186.5	612.5	214.0	400.0	1633.5	1972.5	771.5	505.5	0.0	0.0	0.0	0.0
PBANKA_083240	PBANKA_083240|PbGEM-286338|PbGEM-286322|PbGEM-286330	GACCTTTGCAG	407.0	292.5	263.5	0.0	81.0	318.0	282.5	0.0	101.5	347.5	442.5	334.5	0.0	0.0	0.0	0.0	1.0	0.0	378.5	267.0	240.5	0.0	91.5	268.0	274.0	0.0	58.5	247.5	480.0	328.0	1.0	0.0	0.0	0.0	0.0	1.0
PBANKA_083280	PBANKA_083280|PbGEM-286386|PbGEM-286394	GCCTTCGCAAG	555.5	401.5	3.0	868.0	66.0	545.0	2.0	832.0	61.0	585.5	1.0	23.5	766.5	986.5	112.5	56.0	1100.5	1238.5	490.5	401.5	3.0	682.5	47.5	448.0	3.5	664.5	49.5	508.5	0.0	12.0	693.5	678.0	129.0	26.0	864.5	1011.0
PBANKA_083550	PbGEM-286738|PbGEM-286730|PBANKA_083550|PbGEM-286722	AAGGCGCCCGC	289.0	252.5	0.0	36.0	209.0	123.5	0.0	14.5	185.5	143.5	0.0	0.0	5.0	46.5	95.5	116.0	89.5	111.5	261.5	247.5	0.0	25.5	149.0	114.0	0.0	23.0	169.5	115.5	0.0	0.0	6.5	28.5	108.5	63.0	92.0	82.0
PBANKA_090250	PbGEM-287242|PbGEM-287234|PBANKA_090250|PbGEM-538427	CCAGGGTGAAG	489.0	445.0	0.0	0.0	319.0	287.0	0.0	0.5	267.0	334.5	0.0	0.0	0.0	0.0	230.5	271.0	249.5	348.0	440.5	450.5	0.0	0.0	257.0	216.5	0.0	0.0	233.5	218.0	0.0	0.0	0.0	7.0	223.0	165.0	217.0	315.5
PBANKA_090370	PBANKA_090370|PbGEM-287394|PbGEM-287402|PbGEM-669757	GTATGTCTTTC	606.0	511.5	2868.5	5.0	1087.0	544.0	2645.0	2.0	784.0	570.0	2513.0	3207.0	0.0	0.0	887.5	883.5	788.5	982.0	527.0	447.5	2612.0	0.5	885.5	435.0	2578.5	0.0	767.0	439.5	2689.5	3071.0	12.5	17.0	816.0	607.0	625.0	886.0
PBANKA_090460	PbGEM-287482|PbGEM-287474|PbGEM-647411|PBANKA_090460	CCTTGAGTGAC	541.5	500.0	993.0	277.5	734.0	831.0	1082.5	275.5	653.0	948.0	856.5	1033.5	284.5	417.0	0.0	0.0	0.0	0.0	554.5	433.0	1040.5	188.5	639.0	756.5	1067.0	262.0	568.0	760.5	925.5	1002.0	229.0	358.5	1.0	0.0	1.0	1.0
PBANKA_090600	PbGEM-287650|PBANKA_090600|PbGEM-287658	CAATACGTCAG	515.5	473.5	1788.5	1123.5	345.0	315.5	2007.0	1205.0	303.0	327.5	276.0	432.5	611.5	620.0	321.0	441.0	349.5	300.5	565.5	429.0	1778.5	944.0	285.0	223.5	1820.5	1038.0	273.5	270.0	342.0	460.5	528.0	510.0	338.5	305.0	277.5	245.0
PBANKA_090880	PbGEM-288090|PBANKA_090880|PbGEM-288082|PbGEM-646985	TTACACGGCAT	724.0	532.0	63.0	12.0	855.0	845.0	81.0	23.0	648.5	971.5	200.5	191.0	0.0	8.0	870.0	957.0	2014.0	1617.0	713.5	576.5	60.5	6.5	683.5	706.0	55.0	17.0	631.0	681.5	217.0	147.0	2.0	15.5	967.0	593.0	1716.0	1530.5
PBANKA_090940	PbGEM-674317|PbGEM-288130|PbGEM-288138|PBANKA_090940	AGTGTAATAGT	623.0	437.5	4367.0	1435.0	486.5	480.0	4349.5	1428.0	397.5	479.0	3915.5	4617.5	1837.0	1962.0	380.5	459.0	510.5	535.0	539.5	416.0	4252.0	1159.0	400.5	409.0	3990.0	1187.5	391.0	358.5	4323.0	4474.5	1745.5	1667.5	398.5	288.0	454.0	462.5
PBANKA_091510	PBANKA_091510|PbGEM-332595|PbGEM-288937|PbGEM-646816|PbGEM-672541|PbGEM-288929	CCAGCCGGCAT	433.0	445.5	56.5	90.0	209.0	300.5	54.0	96.5	206.5	356.0	28.0	55.5	120.0	110.5	264.0	232.0	259.5	357.0	491.0	451.5	61.0	65.5	166.5	229.5	78.5	86.5	135.0	277.0	38.0	80.0	117.5	104.5	252.5	148.0	192.5	327.0
PBANKA_091670	PBANKA_091670|PbGEM-239416|PbGEM-093488|PbGEM-093496	TCGTAGTTCCC	568.5	452.5	0.0	0.0	334.0	183.0	0.0	0.0	376.0	157.5	0.0	0.0	0.0	0.0	435.5	476.0	126.0	153.5	586.5	401.5	0.0	0.0	274.5	147.0	0.0	1.0	362.0	133.0	0.0	0.0	0.0	9.0	459.0	302.0	112.5	151.0
PBANKA_092020	PbGEM-289529|PbGEM-289537|PBANKA_092020	GGAGCTCGCTG	620.5	507.5	1172.0	17.0	980.0	1372.5	1057.5	19.0	929.5	1338.5	1452.0	1642.0	33.0	17.5	1160.0	1456.5	2020.5	1929.5	604.0	489.5	1333.0	6.5	784.5	1194.5	944.5	5.0	709.5	1119.5	1780.5	1601.0	47.0	15.0	1148.0	951.5	1696.5	1996.5
PBANKA_092600	PbGEM-290089|PBANKA_092600|PbGEM-290081	AATAGGCCTGA	483.0	480.5	601.0	8.0	121.0	495.0	624.0	8.5	94.0	557.0	477.0	379.5	0.5	0.0	130.5	273.0	377.5	369.0	504.5	424.0	603.5	9.0	113.0	449.5	576.5	13.5	89.0	396.5	472.5	400.0	0.0	4.5	164.0	156.5	322.5	331.0
PBANKA_093080	PBANKA_093080|PbGEM-032387|PbGEM-238983|PbGEM-032395	TCTCGGGCCAT	635.5	458.0	1143.5	1379.0	611.0	648.0	1235.5	1363.5	631.5	704.0	543.5	457.0	2169.5	2240.5	0.0	0.0	1.0	0.5	591.5	449.5	1137.5	1116.0	495.0	582.0	1173.0	1168.0	627.0	585.0	584.0	486.0	1929.0	1809.5	2.0	0.0	0.0	0.0
PBANKA_093190	PBANKA_093190|PbGEM-290928|PbGEM-290936|PbGEM-665429	ATCCGAGATCG	626.5	508.5	1999.0	388.0	630.0	464.0	2198.0	398.5	608.0	645.0	1670.5	2094.5	310.5	489.0	173.0	229.0	221.0	257.5	565.0	534.0	2128.0	284.0	535.0	453.0	2164.5	320.0	465.5	462.0	1882.0	2147.5	258.0	410.5	162.5	132.5	204.0	260.5
PBANKA_093390	PbGEM-032874|PbGEM-239908|PbGEM-032866|PBANKA_093390	GATCCTGTGCG	633.5	548.0	1.0	0.0	855.5	503.0	0.0	2.0	882.0	465.5	1.5	0.0	0.0	0.0	788.0	984.5	535.5	625.0	604.5	464.5	1.0	1.0	734.5	407.0	0.0	0.0	834.0	450.0	0.0	0.0	0.0	14.0	844.0	608.0	416.0	538.0
PBANKA_093470	PbGEM-291376|PbGEM-291368|PBANKA_093470	TGCCTAGGCAC	475.0	399.0	697.5	287.0	808.0	405.0	770.5	288.0	691.0	462.5	779.0	937.5	453.5	474.0	238.5	333.0	178.5	171.0	418.0	334.5	748.0	253.0	676.0	424.5	697.0	293.5	611.5	403.5	837.5	1045.0	415.5	359.0	223.0	198.5	114.5	144.0
PBANKA_093750	PbGEM-333131|PbGEM-291688|PBANKA_093750|PbGEM-291696|PbGEM-291704	CTTAGCCGTTG	595.0	474.0	7232.0	1710.5	598.5	383.5	8514.0	1560.5	566.5	570.0	4945.0	5143.5	1875.0	2218.0	536.5	460.5	462.5	407.5	641.0	445.0	7137.5	1425.0	538.0	406.0	8097.5	1430.0	416.5	357.5	4826.5	5335.5	1755.5	2023.5	483.5	379.5	374.5	382.5
PBANKA_094390	PbGEM-292384|PBANKA_094390|PbGEM-292376	CAGCGGTTATA	571.5	488.5	858.5	576.5	735.0	453.5	980.0	550.5	641.0	476.0	1142.5	1089.5	1100.0	1031.5	964.0	1038.0	368.0	510.0	537.0	483.5	820.0	475.5	673.0	385.5	994.0	410.5	515.5	363.0	1195.5	1127.5	966.5	861.5	973.0	645.0	273.5	482.5
PBANKA_100250	PbGEM-292776|PBANKA_100250|PbGEM-292784|PbGEM-647507|PbGEM-666493|PbGEM-292768	AAGTGCCAAAT	641.5	586.0	32.5	670.5	821.5	1129.0	25.5	679.0	728.5	1091.5	1.0	19.0	684.5	595.0	482.0	639.5	1773.0	1827.0	587.5	518.5	27.0	553.5	688.0	941.5	33.5	589.5	625.5	928.5	5.0	21.0	625.5	532.5	554.0	354.5	1442.5	1759.5
PBANKA_100260	PBANKA_100260|PbGEM-672845|PbGEM-292792|PbGEM-292800	GCAGTGCTATT	622.5	490.0	70.5	58.5	581.0	334.0	73.0	76.0	564.5	372.0	63.0	174.5	38.0	113.5	520.5	460.5	220.0	233.0	592.0	509.0	71.5	32.5	504.5	274.0	87.5	57.0	455.0	284.0	70.5	155.5	59.5	100.0	512.5	319.0	229.5	223.5
PBANKA_100550	PbGEM-243822|PBANKA_100550|PbGEM-035075|PbGEM-333523	TAGATATATTC	635.0	461.0	298.0	949.0	381.5	382.5	269.0	865.5	481.0	420.5	243.5	338.5	1068.5	1322.5	595.0	373.5	272.5	344.0	586.5	453.0	250.0	741.5	317.0	320.0	292.0	664.5	381.0	321.5	270.0	366.0	948.5	1092.0	594.0	220.5	218.0	324.5
PBANKA_100590	PbGEM-293360|PBANKA_100590|PbGEM-293352|PbGEM-333539|PbGEM-293344	TATACAACTGG	558.0	523.5	650.0	389.0	404.0	908.0	596.0	455.0	299.0	976.0	869.0	917.5	435.0	495.0	598.0	710.0	1000.0	1124.5	563.0	437.0	665.5	334.0	326.5	758.0	598.0	326.0	302.5	783.5	709.0	947.0	401.5	446.5	582.0	445.5	828.0	991.0
PBANKA_100690	PBANKA_100690|PbGEM-293520|PbGEM-293512	GCTGTGATTAC	1089.5	877.5	79.5	435.0	1177.5	441.0	85.5	457.0	914.0	497.0	157.0	101.5	1011.0	1122.0	1841.0	1863.0	230.5	365.0	1094.0	877.5	64.0	353.5	1045.0	373.0	66.0	341.5	921.0	389.5	168.0	129.5	850.5	958.5	1894.5	1163.0	199.0	343.5
PBANKA_100790	PbGEM-035445|PbGEM-035437|PbGEM-333603|PbGEM-262564|PBANKA_100790	GAACAAGGATC	676.5	502.5	1269.5	0.5	390.0	386.0	1351.0	0.0	546.0	458.0	1015.0	843.5	0.0	1.0	495.0	658.5	360.5	381.5	621.5	474.0	1234.0	0.0	316.0	327.5	1342.0	2.0	472.0	294.0	1069.5	867.5	2.0	12.5	462.0	416.5	324.5	424.0
PBANKA_102020	PbGEM-096694|PbGEM-263492|PbGEM-037280|PBANKA_102020	GGCGCATGCAT	469.0	371.5	0.0	60.5	496.0	226.5	0.0	61.5	522.0	256.5	0.0	1.0	7.0	19.0	545.0	660.0	256.5	269.0	435.5	359.5	0.0	42.5	423.5	216.5	1.0	50.0	475.5	211.5	0.0	0.0	5.0	18.5	577.5	460.0	216.5	225.5
PBANKA_102030	PbGEM-263500|PbGEM-096703|PbGEM-674477|PbGEM-037288|PbGEM-037296|PBANKA_102030	CATACGATGCT	563.5	465.5	0.0	59.5	391.0	839.5	0.0	58.0	537.5	950.0	0.0	0.0	97.5	52.5	886.0	909.5	792.0	717.0	538.5	389.5	1.0	36.5	343.5	638.5	0.5	37.0	502.5	724.5	1.0	0.0	82.5	60.5	907.0	530.0	644.0	610.5
PBANKA_102460	PbGEM-295718|PbGEM-295702|PbGEM-295710|PBANKA_102460|PbGEM-334115	CGAGTATGCTT	749.5	79.0	0.0	8.0	48.0	45.5	1.0	6.0	28.0	45.5	0.0	0.5	9.0	0.0	30.0	24.0	48.0	86.0	694.0	52.0	0.0	5.0	36.0	29.0	1.0	6.0	43.5	36.5	0.0	0.0	0.0	1.0	33.0	33.5	38.5	57.5
PBANKA_102480	PbGEM-295734|PbGEM-295742|PBANKA_102480|PbGEM-295726	ACAAGGCATGT	566.5	453.0	21.5	1226.0	218.0	284.0	17.0	1336.5	217.5	318.5	0.0	0.5	0.0	0.0	154.0	123.0	213.5	190.0	555.0	418.0	17.0	1023.5	226.5	235.0	18.5	1127.0	195.0	237.5	0.0	0.0	0.0	8.0	144.5	81.0	208.0	138.0
PBANKA_103360	PbGEM-242532|PbGEM-674717|PBANKA_103360|PbGEM-334427|PbGEM-039134	CCAACTTAAAC	578.0	454.0	103.0	0.0	614.5	464.0	115.5	0.0	726.0	433.0	117.0	121.0	0.5	1.0	495.5	596.0	642.0	635.5	588.5	443.5	107.5	0.0	535.0	394.5	119.0	0.0	645.5	356.0	122.0	139.0	3.0	7.0	529.5	388.0	553.0	583.0
PBANKA_103450	PbGEM-296942|PBANKA_103450|PbGEM-296934	ACCCACTTGCT	535.0	464.0	0.5	4180.0	777.0	506.0	2.0	4098.0	560.0	493.5	8.0	0.0	3827.5	4026.0	805.5	858.0	544.5	850.0	473.5	487.0	0.5	3201.0	675.0	416.5	8.0	3361.0	623.0	425.5	4.5	0.0	3486.0	3403.0	879.5	571.0	482.5	988.5
PBANKA_103480	PBANKA_103480|PbGEM-296966|PbGEM-647603|PbGEM-334475|PbGEM-296974	AGGTCGTAAGA	593.5	568.0	381.5	4.5	697.5	536.5	301.5	0.0	553.5	507.5	394.5	339.0	0.0	1.0	38.0	21.5	0.0	0.0	581.5	537.0	343.5	0.0	644.5	427.0	323.5	0.5	496.5	405.0	388.0	373.5	1.0	10.5	43.0	6.0	0.0	0.0
PBANKA_103680	PBANKA_103680|PbGEM-039632|PbGEM-243303|PbGEM-097774|PbGEM-202998	AATATTAGCTA	577.0	582.5	2063.0	2.0	912.5	520.0	2027.0	5.0	687.0	560.5	2134.5	2255.0	0.0	1.5	636.0	773.5	623.0	950.0	547.5	481.0	1922.0	2.0	715.5	454.0	1944.5	7.0	659.5	447.5	2086.5	2308.0	10.5	12.5	610.5	578.0	489.0	894.0
PBANKA_103850	PbGEM-647627|PBANKA_103850|PbGEM-297446|PbGEM-297438	TTTAATTACGT	603.5	508.0	0.0	142.5	751.0	567.0	0.0	152.5	610.5	622.5	0.0	0.0	173.0	241.0	534.5	544.0	165.0	245.0	557.0	491.5	0.0	131.0	647.0	497.0	0.0	112.0	596.0	469.0	0.0	0.0	134.5	196.0	526.5	383.5	125.0	243.5
PBANKA_103870	PBANKA_103870|PbGEM-297470|PbGEM-334571	TACTGCCCTAC	549.5	423.0	689.5	253.5	497.0	610.0	670.0	318.0	384.5	675.0	778.5	984.5	212.5	291.0	0.0	0.0	0.0	1.0	505.0	384.0	687.5	191.0	433.5	562.5	669.0	255.0	366.0	517.5	814.0	1005.0	181.0	245.0	0.5	0.0	0.0	0.0
PBANKA_110100	PBANKA_110100|PbGEM-297821|PbGEM-297813	GAATTAACAAA	694.0	513.5	0.0	335.5	886.0	1017.0	0.0	328.5	698.5	925.5	0.0	0.5	304.5	423.5	1048.0	1488.5	2388.0	2730.5	614.0	496.5	2.5	252.0	721.0	802.0	0.0	238.0	564.0	751.5	1.0	1.0	295.5	396.0	1095.5	998.5	1915.5	2435.0
PBANKA_110150	PbGEM-297885|PbGEM-297877|PbGEM-334667|PBANKA_110150	GTACCAGTCGA	622.0	550.5	1.0	587.0	665.0	860.0	0.0	593.0	512.0	846.0	0.0	1.5	555.0	595.5	0.0	8.0	0.0	0.5	587.0	484.5	0.0	419.0	564.5	675.5	0.0	505.5	457.0	625.5	0.0	0.0	516.0	518.5	0.0	3.0	0.0	0.0
PBANKA_110330	PbGEM-298173|PBANKA_110330|PbGEM-298165	TTTCTATGTCC	654.5	505.5	251.0	0.0	237.0	748.0	229.5	0.0	332.5	757.5	351.5	339.5	0.0	1.0	277.5	334.5	530.5	699.0	630.0	455.5	233.5	0.0	210.0	592.5	213.5	0.0	329.5	572.5	270.0	335.0	4.0	5.0	269.5	187.0	472.5	581.0
PBANKA_110390	PbGEM-298253|PbGEM-298245|PBANKA_110390	GTGCTACCCGT	587.0	478.0	0.0	371.5	438.5	148.0	0.0	367.0	408.0	179.0	0.0	0.0	486.5	585.0	341.0	390.5	200.5	199.5	528.0	415.5	0.0	281.0	386.5	148.0	0.0	310.0	340.5	159.0	0.0	0.0	429.5	482.5	394.5	241.0	157.5	161.0
PBANKA_110410	PBANKA_110410|PbGEM-245149|PbGEM-040589|PbGEM-040597|PbGEM-334747	GTATAGTACAG	595.5	497.5	0.0	0.0	626.5	502.5	0.0	0.0	505.0	484.0	0.0	1.0	0.5	0.0	545.0	540.5	393.5	319.0	535.5	474.0	0.0	0.0	453.0	400.0	0.0	0.0	453.0	432.5	0.5	0.0	0.0	4.0	563.0	312.5	342.5	309.5
PBANKA_110480	PbGEM-098363|PbGEM-040681|PbGEM-645848|PbGEM-334787|PBANKA_110480|PbGEM-245297|PbGEM-646629|PbGEM-646463|PbGEM-646938|PbGEM-528294|PbGEM-528435|PbGEM-528153	TTAGCAGGCCG	495.5	413.0	0.0	179.5	282.5	183.5	0.0	191.5	389.5	214.5	0.0	0.0	18.5	28.5	0.0	0.5	0.0	0.0	497.5	341.5	1.0	113.0	276.5	181.5	1.0	147.5	396.0	176.0	0.0	0.0	11.5	31.5	0.0	0.0	0.0	0.0
PBANKA_110820	PbGEM-298789|PBANKA_110820|PbGEM-334907|PbGEM-298781	GGGTGAGACCA	447.0	404.0	258.0	54.0	253.5	208.0	295.5	64.5	222.5	228.5	62.5	95.0	48.5	45.0	13.5	0.0	1.5	3.5	429.0	380.0	266.0	40.5	229.5	171.0	270.0	39.0	172.0	178.5	51.0	90.0	34.0	52.5	7.0	0.0	3.0	1.0
PBANKA_110880	PbGEM-298829|PbGEM-647651|PbGEM-298837|PBANKA_110880	CTTGATTCAAC	1374.5	1085.0	1.0	3134.5	562.5	1231.5	0.0	3515.0	379.5	1464.5	0.0	1.0	3325.0	3161.5	260.5	158.0	9.5	2.0	1397.5	947.0	4.0	2468.5	418.0	1094.5	3.0	2774.5	343.0	1145.5	1.0	1.0	3081.0	2453.5	256.0	112.0	9.5	0.0
PBANKA_110930	PbGEM-246733|PbGEM-667781|PbGEM-647667|PBANKA_110930|PbGEM-098697|PbGEM-041363	AGGGTATATGC	555.5	422.0	1.0	55.5	224.0	724.0	0.0	49.0	328.5	798.0	0.0	1.0	35.0	28.5	228.0	281.0	1601.5	1648.0	516.5	339.5	0.0	43.0	209.5	634.5	0.0	41.0	366.0	500.5	0.0	0.0	34.5	25.0	228.5	228.5	1275.5	1566.0
PBANKA_110990	PbGEM-298989|PbGEM-647675|PbGEM-298997|PBANKA_110990	GCTACTCTAAC	440.5	370.0	1796.0	662.5	535.0	632.5	1983.0	663.5	498.0	590.0	1926.5	1839.0	691.0	828.0	524.0	567.5	665.0	761.0	412.5	382.5	1915.5	544.0	481.5	512.0	1604.5	551.5	434.0	533.5	1820.5	2043.5	759.0	702.0	581.0	482.5	545.0	600.5
PBANKA_111200	PBANKA_111200|PbGEM-041735|PbGEM-041727|PbGEM-243584	ATGAGGTTAAA	552.0	522.5	788.5	0.5	590.5	668.0	830.0	1.0	576.5	688.0	1140.0	1118.5	0.0	0.0	481.0	585.5	1068.5	989.5	555.0	465.5	778.5	0.0	541.5	542.0	776.0	0.0	456.5	539.5	1160.5	1098.0	4.0	10.0	482.5	384.0	879.0	919.0
PBANKA_111270	PbGEM-299307|PbGEM-299315|PBANKA_111270	CGCACAATAAA	70.5	85.5	98.5	431.5	95.0	67.0	121.5	477.0	63.5	88.5	125.5	183.0	465.5	452.5	68.5	91.5	138.5	111.5	71.0	59.5	115.5	344.0	61.5	63.0	137.0	403.5	65.5	61.5	119.5	175.5	396.0	363.5	92.0	45.5	119.5	119.0
PBANKA_111470	PbGEM-528118|PbGEM-244426|PbGEM-528400|PbGEM-042160|PbGEM-528259|PbGEM-646426|PBANKA_111470|PbGEM-645811|PbGEM-646592	AGGTTTCTACA	593.5	517.0	0.0	4.0	544.5	566.0	0.0	1.5	608.5	546.5	0.0	0.0	2.0	1.0	897.5	1120.0	607.0	844.5	586.5	437.5	0.0	1.0	439.5	460.0	0.0	1.0	569.5	412.5	0.0	0.0	1.0	9.5	905.5	703.0	475.5	744.5
PBANKA_111870	PBANKA_111870|PbGEM-245479|PbGEM-673765|PbGEM-645711|PbGEM-645628|PbGEM-042709	ATCCTAGTTTC	693.0	615.5	438.5	2310.5	250.0	574.5	396.0	2164.5	215.5	581.0	801.5	765.5	1980.5	2117.5	462.0	464.5	1133.0	1116.0	543.0	550.0	392.0	1869.0	246.5	593.5	381.5	1881.0	208.0	507.5	811.5	848.0	1771.5	1899.5	460.0	312.0	951.5	1034.0
PBANKA_112530	PbGEM-335395|PbGEM-247488|PbGEM-043631|PBANKA_112530|PbGEM-043639	TTGTCACACAC	449.5	416.0	1181.5	43.0	460.5	249.5	1103.5	32.0	417.0	233.0	1395.0	1767.0	46.0	134.5	229.0	413.0	100.5	134.5	424.5	332.5	1197.5	29.5	387.5	255.0	1149.5	24.5	356.0	226.0	1391.5	1739.0	54.5	110.0	259.0	254.5	97.0	96.5
PBANKA_112620	PbGEM-043773|PbGEM-247677|PBANKA_112620|PbGEM-043765	TTAAAGTGATT	619.5	563.0	663.5	155.5	1414.0	604.5	610.5	174.5	1110.5	489.0	709.0	729.0	228.0	238.5	1694.5	1731.5	916.5	966.0	567.5	491.5	594.0	119.5	1338.0	466.5	588.5	123.5	1022.0	385.5	737.5	753.0	188.5	259.0	1801.5	1206.0	782.0	832.0
PBANKA_112900	PbGEM-461612|PbGEM-099965|PbGEM-461646|PbGEM-044143|PbGEM-672117|PbGEM-248759|PBANKA_112900	CCTTGAGCATT	556.5	468.5	0.0	0.5	551.0	169.0	0.0	1.0	442.0	235.5	1.0	0.0	0.0	0.0	1005.0	1227.5	127.5	248.0	465.5	456.5	0.0	0.0	470.0	135.0	1.0	3.0	441.5	150.5	0.5	0.0	1.0	9.0	967.5	823.0	119.5	235.5
PBANKA_113280	PbGEM-301858|PbGEM-335707|PbGEM-301842|PBANKA_113280|PbGEM-301850	GCCTATCCTAT	513.5	456.5	385.5	1415.0	472.5	90.0	387.0	1372.5	419.5	85.0	0.0	0.0	15.0	0.0	3.0	1.0	0.0	0.0	468.0	396.5	326.0	1117.5	402.0	67.0	366.5	1165.5	324.0	73.0	0.0	0.0	15.0	5.0	0.0	0.0	0.0	0.0
PBANKA_113380	PBANKA_113380|PbGEM-245693|PbGEM-044771	GGCGCTGCTCT	1003.0	967.5	767.0	2061.5	971.0	899.5	797.5	2138.5	860.5	991.0	984.5	1075.0	2707.0	2602.5	1059.0	1072.0	970.5	1035.5	951.0	945.0	831.5	1610.5	808.0	770.0	792.5	1774.5	762.0	770.5	1025.5	1276.0	2349.0	2102.0	1020.0	636.0	827.5	1043.5
PBANKA_113550	PbGEM-246246|PBANKA_113550|PbGEM-045022	GCAGATCGTGG	582.0	486.5	205.0	790.0	834.0	673.0	208.5	756.5	758.5	589.5	408.0	608.5	1060.5	1260.0	38.0	71.0	33.0	64.0	528.0	475.5	184.5	633.0	740.5	550.5	176.5	724.0	647.5	498.5	554.0	597.0	806.0	1100.5	55.0	29.5	43.0	56.0
PBANKA_113590	PBANKA_113590|PbGEM-335779|PbGEM-302154|PbGEM-302162	CATAATCCGAA	679.5	668.0	1.5	3270.5	1214.5	652.5	1.5	3519.0	1118.0	683.5	0.0	0.0	4159.5	3841.0	1084.0	1248.5	762.5	1064.0	741.0	611.5	2.0	2624.0	1094.0	522.5	7.0	2795.0	1181.5	489.5	1.0	2.0	3606.0	3198.5	1019.0	816.0	644.5	1023.0
PBANKA_113860	PbGEM-206070|PbGEM-045511|PbGEM-247164|PBANKA_113860|PbGEM-045503	GCATCACCGAA	716.5	527.0	923.5	275.0	551.5	374.5	862.5	309.5	585.5	372.0	141.0	83.0	26.0	22.0	658.5	571.0	459.5	484.5	636.0	525.0	910.0	224.0	511.5	280.0	881.5	224.5	604.5	299.5	124.0	114.5	29.0	33.0	438.5	316.5	362.0	465.5
PBANKA_114130	PbGEM-100931|PbGEM-674757|PbGEM-045873|PbGEM-247724|PBANKA_114130|PbGEM-100939	ATCAGTAAGGG	664.0	525.0	762.0	15.5	535.0	489.5	758.5	15.5	617.5	465.0	725.0	703.5	15.5	18.0	597.5	748.0	362.5	480.5	610.5	449.5	738.0	17.0	456.5	409.5	644.5	8.5	522.0	365.5	741.5	740.0	18.0	26.0	590.5	507.5	291.0	389.5
PBANKA_114320	PbGEM-303114|PbGEM-303122|PbGEM-335947|PbGEM-647811|PbGEM-303106|PBANKA_114320	AAAATCATTTA	702.0	623.5	980.5	1539.0	693.5	886.0	1049.5	1476.0	542.0	979.5	2.5	0.0	0.0	0.0	0.0	1.5	1.5	0.0	621.0	530.0	971.5	1221.5	614.0	816.5	982.5	1199.0	529.5	667.0	2.5	0.0	7.5	17.0	0.0	0.5	0.0	0.0
PBANKA_114340	PbGEM-342764|PBANKA_114340|PbGEM-046108|PbGEM-647819|PbGEM-046116|PbGEM-646956|PbGEM-248446|PbGEM-335955	TGAGGCAGACT	577.5	534.5	3481.0	842.5	910.5	1523.0	3605.5	946.0	780.0	1591.5	4611.5	5089.5	1162.0	1522.0	1146.5	1098.5	2082.5	2401.5	633.0	486.0	3469.0	710.5	753.0	1242.5	3427.0	828.0	649.5	1226.5	4659.5	4917.5	1043.5	1184.0	1168.5	680.0	1779.0	2217.0
PBANKA_114480	PbGEM-303314|PbGEM-646944|PBANKA_114480|PbGEM-303306	CGTACTGTGAG	710.5	573.5	135.0	559.0	158.5	153.5	156.0	618.0	158.0	182.0	2.0	16.0	114.0	59.5	130.5	122.0	59.5	119.0	679.0	577.0	134.0	475.0	147.0	127.5	131.0	566.5	146.5	164.5	7.0	22.0	93.5	48.5	160.0	83.0	59.0	125.0
PBANKA_120680	PbGEM-304450|PBANKA_120680|PbGEM-304458|PbGEM-647875|PbGEM-336235	ACCAATAGGTA	620.0	539.0	6.0	171.5	833.0	1117.5	0.0	169.0	728.0	1196.5	0.0	9.0	100.5	139.5	1175.0	1171.5	1065.0	1271.0	544.5	479.5	4.0	119.5	743.5	934.5	3.0	141.0	690.0	902.0	0.0	12.0	82.5	130.5	1125.5	746.0	899.5	1170.0
PBANKA_120740	PBANKA_120740|PbGEM-304546|PbGEM-336259|PbGEM-304554	ACGCTGCTCAG	371.0	377.0	0.0	1.0	287.0	401.0	0.0	0.0	273.0	472.0	0.0	0.0	0.0	1.5	426.5	357.0	400.5	525.0	387.0	391.5	0.0	0.0	232.0	357.0	0.0	1.0	241.0	361.0	0.0	0.0	0.0	1.0	384.0	271.0	287.0	464.5
PBANKA_120790	PbGEM-304610|PbGEM-304618|PBANKA_120790	ATTTCACGTTT	685.0	573.0	0.0	16.5	407.5	658.0	0.0	35.0	335.5	790.0	0.0	0.0	75.5	71.0	445.5	473.0	506.5	287.0	598.0	428.5	0.0	28.0	333.0	622.0	0.0	17.0	263.5	590.0	0.0	0.0	74.5	50.5	438.0	328.5	433.5	307.0
PBANKA_121060	PbGEM-304938|PbGEM-304922|PbGEM-304930|PBANKA_121060	AGATCTTGTCG	594.0	555.0	115.5	1.0	198.5	240.0	140.0	3.5	183.0	217.5	71.0	99.0	0.0	0.0	336.0	394.5	284.5	180.5	520.0	491.5	127.5	1.0	179.5	222.0	136.0	0.0	176.0	197.5	88.0	136.5	0.0	2.0	318.5	223.0	215.0	191.0
PBANKA_121240	PbGEM-048190|PbGEM-102286|PbGEM-645715|PbGEM-048182|PBANKA_121240|PbGEM-645647|PbGEM-207502|PbGEM-247010	GAAACAGTACC	543.5	506.5	325.5	291.0	328.5	347.5	325.5	289.0	331.5	325.5	492.5	429.0	669.5	658.0	484.5	409.0	342.0	215.0	474.5	475.0	327.5	221.5	315.5	270.5	320.0	209.5	354.5	312.5	394.0	396.0	627.0	508.5	477.5	297.5	264.0	227.0
PBANKA_121440	PbGEM-336467|PbGEM-305514|PbGEM-305522|PBANKA_121440	CCGCTATACTC	426.5	350.5	266.5	8.5	45.0	237.5	377.0	9.0	69.5	306.0	373.0	472.0	19.5	0.0	134.0	121.5	333.0	386.0	374.0	347.5	332.0	6.0	49.5	192.5	387.0	9.5	54.5	238.0	370.0	486.0	17.5	1.0	121.0	81.0	291.0	384.5
PBANKA_121690	PbGEM-048798|PbGEM-248306|PBANKA_121690	GGCAGTATGGG	1518.5	1410.0	245.5	3074.5	1657.5	2983.0	225.0	3406.5	1596.0	2979.0	201.5	212.5	2365.5	2382.0	879.5	1328.0	1716.0	1638.0	1504.5	1338.5	197.0	2415.0	1437.5	2419.5	220.5	2747.0	1246.0	2390.5	207.5	315.5	2198.0	2264.5	991.0	869.0	1359.5	1563.0
PBANKA_121800	PbGEM-646735|PbGEM-048967|PBANKA_121800|PbGEM-248704|PbGEM-048959	AGGGAGAAGAG	625.0	425.5	0.0	426.0	316.5	407.0	0.0	433.5	381.0	394.0	0.0	1.0	501.0	825.5	400.5	507.5	647.0	622.0	566.5	410.0	0.0	345.0	219.5	324.0	0.0	376.0	330.5	268.5	0.0	0.0	400.5	635.5	416.5	367.5	508.5	538.0
PBANKA_122100	PbGEM-249947|PBANKA_122100|PbGEM-049412|PbGEM-049404	GGCCCTCCGGT	549.0	410.5	7.0	304.0	311.0	155.5	11.5	338.5	386.0	168.0	2.0	10.0	430.0	480.5	229.5	235.0	219.5	204.0	536.0	352.5	7.0	219.5	283.0	122.0	9.0	294.0	395.0	121.5	12.0	12.0	351.0	388.0	276.0	127.0	164.0	191.0
PBANKA_122540	PbGEM-251652|PBANKA_122540|PbGEM-336827|PbGEM-050063|PbGEM-050071|PbGEM-668861	GACATTCGAGG	721.5	551.0	3067.0	568.0	429.0	51.5	2986.5	552.0	598.5	70.0	2458.5	2247.5	599.0	388.0	263.0	247.5	11.0	19.5	727.0	444.0	3049.0	438.5	355.5	67.0	2668.0	445.0	471.5	57.0	2766.0	2135.5	451.5	292.5	266.0	176.0	4.0	20.0
PBANKA_123360	PbGEM-461648|PbGEM-051222|PbGEM-461614|PbGEM-261252|PBANKA_123360|PbGEM-051214	TAGATTGGGCG	1585.5	1209.0	412.0	398.0	944.5	395.0	452.5	425.5	1217.0	439.0	423.0	348.0	275.0	392.5	1266.0	1442.5	775.5	690.5	1475.5	1063.5	418.5	327.5	805.5	380.0	450.5	328.5	1027.5	381.5	401.0	376.5	247.5	311.0	1342.5	957.0	660.5	683.0
PBANKA_123490	PbGEM-261356|PBANKA_123490|PbGEM-051416	TTTGACGCAAA	298.5	311.0	431.0	54.0	262.0	387.0	492.0	58.0	272.0	408.5	388.5	529.0	68.0	35.5	326.0	378.5	463.5	503.5	313.0	290.0	492.0	43.5	234.0	364.5	441.5	40.0	231.5	364.0	453.0	517.0	52.5	46.5	363.0	237.5	376.5	533.0
PBANKA_124020	PbGEM-675429|PbGEM-308849|PBANKA_124020|PbGEM-308841	CGGTCGAGGTA	454.0	389.5	0.0	29.0	395.0	181.0	0.0	29.0	395.0	171.0	1.0	0.0	25.0	20.0	399.5	475.5	226.5	195.0	399.0	402.5	0.0	22.5	391.0	159.0	0.0	25.0	360.5	151.5	0.0	0.0	39.0	17.0	389.0	298.0	142.0	163.0
PBANKA_124430	PBANKA_124430|PbGEM-309425|PbGEM-309433	CAGGCAAAAAC	562.0	442.0	1110.0	681.5	1011.5	718.0	1255.0	781.5	955.5	892.5	1230.0	1388.5	829.0	753.0	1424.0	1493.5	796.5	907.0	540.0	421.0	1044.5	549.5	845.0	599.5	1165.5	618.0	871.0	711.0	1241.0	1429.0	788.0	629.5	1431.5	962.5	612.0	780.0
PBANKA_124660	PBANKA_124660|PbGEM-052966|PbGEM-052958|PbGEM-262140|PbGEM-337339	TTGGCACGGCG	513.5	466.5	155.0	11.5	1183.5	619.5	196.0	6.5	990.0	603.5	277.5	367.0	1.0	7.0	1889.5	1527.5	638.0	773.5	495.5	458.0	179.5	8.5	1037.0	557.0	179.0	6.0	873.5	543.5	262.5	375.5	1.0	15.5	1818.0	1079.0	499.5	734.0
PBANKA_131140	PbGEM-250522|PbGEM-054729|PbGEM-054737|PBANKA_131140	TAACTAACCTG	553.0	365.0	1290.5	105.0	573.5	1276.5	1360.5	98.5	601.0	1339.5	1638.5	2366.5	136.0	104.0	696.0	751.5	2984.0	3028.0	521.0	394.5	1326.5	77.0	467.5	1106.5	1297.5	81.0	527.0	1091.5	1745.0	2493.5	103.5	82.5	681.5	545.5	2371.0	2953.5
PBANKA_131260	PbGEM-311589|PbGEM-646832|PbGEM-311597|PBANKA_131260	TTCTGAGCATC	583.5	510.5	404.0	166.0	508.5	199.0	343.0	216.5	439.5	196.0	0.0	1.0	9.5	0.0	481.5	494.0	228.5	286.0	537.5	453.0	345.5	146.0	402.5	167.5	370.0	145.0	362.0	165.5	1.0	0.0	8.0	8.0	448.5	326.5	208.5	292.0
PBANKA_131270	PbGEM-311613|PBANKA_131270|PbGEM-311605|PbGEM-311621	CAATAGGCGAC	528.0	478.0	945.5	97.0	1020.5	705.0	1105.5	85.5	964.0	748.0	10.5	10.0	1.0	0.0	2.0	3.5	1.0	4.0	520.0	485.5	1017.0	73.5	865.0	556.0	1019.0	92.0	806.0	601.5	13.0	4.0	1.0	9.0	0.0	4.0	0.0	5.0
PBANKA_132200	PbGEM-312837|PbGEM-539083|PBANKA_132200|PbGEM-312829	CACCACGCAAA	1537.0	1393.5	497.0	1548.5	1197.5	1643.0	588.5	1797.5	1546.0	1976.5	553.5	641.5	1676.0	1735.0	1597.5	2050.5	1928.0	1967.0	1539.0	1326.0	496.5	1269.0	1072.5	1389.5	517.5	1523.5	1374.5	1518.5	558.5	625.0	1199.5	1487.5	1627.5	1226.5	1649.5	1883.0
PBANKA_132330	PbGEM-313077|PBANKA_132330|PbGEM-313061|PbGEM-313069	CAGGTGATAAG	812.0	676.5	1038.0	0.0	638.5	155.5	1130.5	0.0	591.0	173.5	905.0	849.5	1.0	0.0	656.5	884.0	294.5	376.5	774.0	662.0	969.0	0.5	543.0	140.5	1122.5	1.0	477.5	106.0	914.5	862.5	3.0	9.5	706.0	537.0	221.0	379.5
PBANKA_132360	PbGEM-106028|PbGEM-343052|PbGEM-255019|PbGEM-106020|PbGEM-338035|PBANKA_132360	ACTTACGGCTG	532.0	523.0	9.0	5314.0	918.5	852.5	42.0	5331.0	764.0	1004.0	10.0	13.5	3673.5	3737.0	969.5	963.5	1374.5	1379.0	559.0	515.5	12.0	4177.0	771.0	783.5	45.5	4422.0	622.0	743.5	8.5	29.0	3215.5	2859.5	935.5	538.5	987.5	1290.5
PBANKA_132910	PBANKA_132910|PbGEM-106448|PbGEM-057109|PbGEM-057101|PbGEM-248631	CGTACCCTGCA	524.5	558.5	1.0	413.0	731.0	836.5	1.0	367.5	690.5	836.0	1.0	2.0	97.0	170.0	1184.5	1330.5	1165.5	1683.5	503.0	489.0	0.0	308.5	653.5	680.0	1.0	337.0	552.5	726.0	1.0	1.0	82.5	165.5	1316.5	839.0	978.5	1528.5
PBANKA_133040	PBANKA_133040|PbGEM-106579|PbGEM-057261|PbGEM-106571|PbGEM-671213|PbGEM-249035	ACTCCCCTAAG	569.0	429.0	0.0	532.5	478.5	262.0	0.0	465.0	503.5	270.0	0.0	0.0	1086.0	1224.0	813.5	762.0	461.0	339.0	513.5	418.0	0.0	402.5	378.0	236.5	2.0	411.5	456.5	188.0	0.0	0.0	971.0	999.5	742.0	505.0	391.0	310.5
PBANKA_133090	PbGEM-665957|PbGEM-249244|PbGEM-106645|PbGEM-057298|PbGEM-647963|PbGEM-057306|PBANKA_133090	TAAACCCTATG	683.5	481.0	1.0	956.5	82.0	1190.5	0.0	928.5	267.0	1239.5	0.5	0.0	400.5	650.0	62.0	27.5	717.0	585.0	705.0	424.0	1.0	768.0	79.5	1125.5	2.0	722.0	191.0	1065.5	0.5	0.0	342.5	507.5	64.5	20.5	654.5	672.5
PBANKA_133490	PbGEM-057890|PbGEM-106899|PbGEM-106907|PbGEM-213315|PBANKA_133490|PbGEM-250766	TGGCCTCGGGT	597.0	407.0	880.0	1539.0	1014.5	620.0	909.5	1503.0	961.5	628.0	1027.0	1115.5	1680.5	1941.0	954.0	1103.0	741.5	748.5	513.0	391.5	817.5	1147.0	842.0	493.5	932.5	1243.0	792.5	498.0	1032.0	1167.5	1528.5	1490.0	963.0	680.5	600.5	612.0
PBANKA_133500	PbGEM-250828|PbGEM-057906|PbGEM-250799|PBANKA_133500|PbGEM-057898|PbGEM-226309|PbGEM-106923|PbGEM-646792|PbGEM-647979	CTTAAAGAGCC	665.0	515.5	2342.0	37.5	537.5	138.5	2552.5	51.5	613.5	128.5	322.0	498.5	16.5	3.0	253.5	421.5	227.0	257.0	600.0	447.5	2367.0	33.0	418.0	127.0	2459.0	43.5	492.0	118.0	375.5	501.5	14.0	13.5	298.5	214.0	197.5	330.0
PBANKA_133580	PBANKA_133580|PbGEM-251081|PbGEM-058012|PbGEM-058020	GCAGAAATGTA	700.5	520.5	0.0	183.0	483.0	474.5	0.0	181.0	544.0	490.5	1.0	0.0	283.0	190.5	386.5	396.0	735.0	736.0	682.5	535.0	0.5	163.5	388.5	354.5	0.0	184.5	488.5	381.5	0.0	1.0	196.0	148.0	368.5	320.0	580.5	702.0
PBANKA_133690	PbGEM-314757|PbGEM-338419|PbGEM-314765|PBANKA_133690|PbGEM-647987	ACAATTGACGG	524.0	442.5	1183.0	173.5	416.5	458.5	1229.0	133.5	403.5	463.0	1840.0	2007.0	180.0	192.5	9.0	3.0	31.5	33.0	494.5	397.0	1169.5	110.5	367.5	350.5	1132.5	145.5	291.5	357.0	2152.0	2197.5	210.0	160.0	9.5	1.0	15.0	23.5
PBANKA_133820	PbGEM-058380|PbGEM-645627|PBANKA_133820|PbGEM-645721|PbGEM-252132|PbGEM-058372	GAGATGTTAGG	494.5	419.5	10.0	932.5	343.0	279.0	30.0	899.0	281.0	292.0	7.5	0.5	1043.5	943.5	459.0	449.0	392.5	427.5	469.0	361.0	7.0	693.0	268.0	218.5	30.5	729.5	273.5	271.5	1.0	2.5	971.0	867.5	439.0	309.5	323.0	398.0
PBANKA_134600	PBANKA_134600|PbGEM-264468|PbGEM-059479|PbGEM-107605|PbGEM-254858	ACGTAAGACAA	1281.0	1161.0	6706.5	578.5	1018.0	1222.5	7055.0	549.5	823.0	1278.0	1754.0	1620.5	105.5	203.0	1704.0	1691.5	2332.0	2657.0	1302.0	1146.5	7017.0	456.5	923.5	1068.5	6447.0	501.5	834.0	1064.0	1719.5	1506.0	96.5	160.5	1783.5	988.0	1954.0	2505.0
PBANKA_134810	PbGEM-107737|PbGEM-646929|PbGEM-107745|PbGEM-214275|PBANKA_134810|PbGEM-249387	ATCCTCTCTAA	648.5	492.0	0.0	0.0	413.5	634.0	0.0	0.0	469.0	742.0	0.0	0.5	1.0	0.0	66.5	97.0	237.5	220.0	632.5	435.0	0.0	0.0	333.0	508.5	0.0	0.0	391.0	507.5	0.5	0.0	0.0	6.0	87.0	74.5	186.5	194.0
PBANKA_134980	PBANKA_134980|PbGEM-060031|PbGEM-338811|PbGEM-250116|PbGEM-107890|PbGEM-107898	GGACGCCCTGG	250.5	228.0	0.0	736.5	123.0	247.5	0.0	757.0	117.0	296.5	1.0	1.0	1266.0	1095.0	107.0	142.5	348.0	398.0	277.0	202.5	0.0	615.0	98.0	202.5	0.5	558.5	103.5	221.0	0.0	0.0	1127.5	1001.5	118.5	73.0	292.0	355.0
PBANKA_135210	PBANKA_135210|PbGEM-060385|PbGEM-251118|PbGEM-108084|PbGEM-108076	CTGCGCAAAAC	371.0	362.0	850.0	621.0	467.5	289.0	939.0	600.0	470.5	352.0	1540.5	1716.0	802.5	678.5	308.0	375.5	374.0	364.5	409.0	356.5	911.0	459.5	351.0	231.5	905.0	560.5	346.0	264.0	1626.0	1712.0	678.0	606.5	281.5	255.0	271.5	285.5
PBANKA_135260	PbGEM-670933|PBANKA_135260|PbGEM-645787|PbGEM-108129|PbGEM-338883|PbGEM-111802|PbGEM-646402|PbGEM-528376|PbGEM-646568|PbGEM-251324|PbGEM-528094|PbGEM-060451|PbGEM-528235	CTTTACTGGGT	751.5	490.5	0.0	0.0	299.0	621.5	0.0	0.0	396.0	748.5	0.0	1.0	0.0	0.5	251.0	325.0	746.5	835.5	651.0	474.5	0.5	0.0	301.0	534.0	0.0	0.0	376.0	506.5	0.0	0.0	1.0	6.5	254.0	262.5	586.0	836.5
PBANKA_135460	PbGEM-338923|PbGEM-317027|PBANKA_135460|PbGEM-317019	AAGCACTCTCG	516.5	438.5	1.5	496.5	955.5	113.5	0.0	470.0	1072.5	146.5	0.0	0.0	692.5	593.0	1095.0	1012.0	98.5	102.5	495.5	388.0	0.0	383.5	801.5	113.5	0.5	400.0	736.5	113.5	0.0	1.5	471.5	476.5	1181.0	626.5	77.5	81.5
PBANKA_135790	PbGEM-061170|PbGEM-253266|PBANKA_135790|PbGEM-108485|PbGEM-061178	GTAGGATGAGG	577.5	546.0	0.0	664.5	924.5	265.5	0.0	631.5	794.0	244.0	1.0	0.0	457.0	305.5	1334.0	1140.0	373.0	231.0	603.0	487.0	0.5	516.5	783.5	228.5	2.5	510.0	661.0	195.0	1.5	0.0	412.5	250.0	1229.5	735.0	324.0	249.0
PBANKA_135960	PbGEM-061450|PbGEM-061442|PBANKA_135960|PbGEM-253840|PbGEM-646722	CCCTCAAATAC	904.5	105.5	1049.0	2094.0	156.5	46.0	1095.0	2256.5	109.5	46.0	2189.0	2413.0	3397.0	3383.5	15.0	3.0	0.0	20.0	877.0	88.5	988.0	1686.5	151.0	25.0	1093.0	1820.5	138.0	27.5	2263.0	2454.5	3019.0	2831.5	19.0	57.5	0.0	8.5
PBANKA_135970	PbGEM-253875|PbGEM-061466|PbGEM-343204|PbGEM-646730|PBANKA_135970|PbGEM-339139|PbGEM-061458	GTTTAAGCTTT	735.0	88.0	481.0	2219.0	29.0	2.0	510.5	2232.0	27.0	5.0	0.0	9.5	18.0	47.0	29.0	40.5	16.5	45.0	735.0	82.5	445.5	1777.0	17.0	1.0	457.0	1886.5	167.5	1.0	0.5	16.5	17.0	35.0	73.0	313.0	0.0	4.0
PBANKA_136040	PbGEM-254107|PBANKA_136040|PbGEM-215227|PbGEM-061549|PbGEM-061557	CCCAGGAAATC	737.0	560.0	169.5	878.0	162.5	129.0	185.0	971.0	387.5	202.0	298.0	227.5	1447.0	1784.0	273.0	362.5	223.5	281.0	728.5	513.5	153.0	706.5	141.5	128.0	168.0	914.0	344.0	123.0	315.0	237.5	1395.5	1739.5	288.5	215.0	190.0	282.5
PBANKA_140040	PbGEM-318419|PBANKA_140040|PbGEM-318427	GAACATTCGGG	637.5	543.5	2338.0	1994.5	1401.5	692.0	2338.0	1852.0	998.5	684.0	1547.5	2238.0	1466.5	1513.5	1437.0	1370.5	629.0	718.0	558.0	457.0	2194.5	1569.5	1250.5	496.5	2117.5	1627.5	963.5	538.0	1923.5	2360.0	1317.0	1321.0	1385.5	874.5	506.5	738.5
PBANKA_140400	PbGEM-062840|PbGEM-251855|PBANKA_140400|PbGEM-264076	GGTTCCGCCTA	580.0	561.5	112.0	3882.0	1562.0	1837.0	89.0	3872.0	1407.0	1969.0	70.5	124.0	6340.0	6497.5	2094.5	2086.5	1631.0	1991.0	522.0	482.0	118.5	3049.5	1356.0	1576.5	113.5	3179.0	1134.0	1605.0	74.5	130.5	5599.0	5563.0	2066.5	1323.5	1260.0	1821.5
PBANKA_140440	PBANKA_140440|PbGEM-318963|PbGEM-339451|PbGEM-318971	AAGGTTGTCGC	535.0	500.5	0.5	1053.0	142.5	443.0	0.0	1128.0	161.0	491.0	0.0	1.0	204.0	240.5	41.0	35.5	125.0	274.5	521.0	487.5	0.0	848.0	146.0	316.5	0.0	934.5	148.0	340.0	0.0	0.0	205.0	222.0	43.0	34.5	97.5	266.0
PBANKA_140660	PbGEM-319339|PbGEM-668805|PBANKA_140660|PbGEM-319331|PbGEM-339507	TTGTGTCCTGC	466.5	400.5	1.0	384.5	579.5	1570.0	0.0	386.0	556.5	1635.5	0.0	0.5	653.0	609.0	457.5	483.5	1149.0	1385.0	471.0	392.5	0.0	330.5	513.0	1277.0	0.0	321.0	440.0	1189.0	0.5	0.0	639.5	505.0	453.5	348.5	939.5	1325.0
PBANKA_140960	PbGEM-319795|PbGEM-665653|PBANKA_140960|PbGEM-319803|PbGEM-467275|PbGEM-539283	CCGGTAAAGCT	638.5	597.5	2633.5	354.0	1381.5	1282.0	2860.0	382.5	1187.0	1437.5	4114.5	4170.5	391.5	415.0	1235.0	1597.5	1031.5	1374.5	623.0	555.0	2593.0	295.5	1128.0	1120.0	2836.0	336.5	1151.0	1048.0	4088.0	4220.0	373.5	397.0	1270.0	1139.0	838.0	1225.5
PBANKA_141020	PBANKA_141020|PbGEM-254050|PbGEM-343244|PbGEM-063755	GTGCACCGTCA	614.5	497.0	1139.5	6525.0	1640.0	1650.0	1233.5	6826.5	1354.0	1797.5	1260.0	1204.0	7827.5	6904.5	1562.5	1881.0	2278.0	2541.5	535.5	443.5	1172.5	5087.0	1466.0	1396.5	1212.5	5731.0	1307.5	1334.5	1206.0	1217.5	6836.5	5646.5	1630.0	1220.5	1898.0	2382.5
PBANKA_141050	PbGEM-063803|PbGEM-647003|PbGEM-645843|PbGEM-672269|PBANKA_141050|PbGEM-528148|PbGEM-528289|PbGEM-646458|PbGEM-528430|PbGEM-254170|PbGEM-645692|PbGEM-646624|PbGEM-645626|PbGEM-063795	CACCTCTCATC	629.0	562.0	274.0	2.5	314.0	200.0	354.5	0.0	486.5	289.5	244.0	300.0	0.0	0.0	353.0	455.0	270.0	337.5	645.0	522.5	273.5	0.0	238.5	193.0	319.5	0.0	421.5	243.0	210.5	310.5	0.0	11.0	344.5	250.0	215.5	325.0
PBANKA_141300	PBANKA_141300|PbGEM-646776|PbGEM-064070|PbGEM-254861	CTGGGTACGAT	559.0	555.5	1314.5	543.0	1065.5	852.0	1421.0	578.5	800.5	885.0	744.5	770.0	499.0	763.0	872.5	852.5	483.0	590.5	512.0	492.0	1360.5	417.5	900.5	692.5	1402.0	505.0	788.5	741.5	764.0	763.5	453.5	677.0	919.5	526.0	407.5	529.5
PBANKA_141850	PbGEM-320827|PbGEM-320819|PBANKA_141850|PbGEM-320835	TAGTCCGATCA	563.0	457.5	1083.0	1679.0	1020.0	534.0	1079.5	1692.0	799.5	510.0	1839.0	1566.0	2754.5	3077.0	1524.5	1534.0	581.5	637.0	528.0	506.5	1019.0	1434.5	810.5	464.0	970.0	1378.5	696.5	423.0	2135.5	1560.5	2353.5	2507.5	1500.0	986.0	479.0	615.0
PBANKA_141860	PbGEM-339827|PbGEM-320843|PBANKA_141860|PbGEM-320859|PbGEM-320851	AACACCGCTAA	395.5	348.5	0.0	27.5	153.0	22.0	0.0	21.0	142.5	29.0	0.0	0.0	122.0	62.0	74.5	120.5	140.0	23.0	413.0	314.5	0.0	21.5	152.5	24.0	0.0	22.0	131.5	25.0	0.0	1.0	93.5	72.0	90.5	88.5	101.5	19.5
PBANKA_142210	PbGEM-321259|PBANKA_142210|PbGEM-321267|PbGEM-321251	TACCAAGCGAT	888.5	96.5	2.0	2711.5	21.0	75.0	2.0	2694.0	22.0	75.0	0.0	0.0	2513.0	2812.5	7.0	22.5	34.0	49.5	902.5	88.5	0.5	2148.0	20.0	67.0	5.0	2227.5	11.0	74.0	1.0	0.0	2379.0	2310.5	8.0	19.0	25.0	52.0
PBANKA_142220	PbGEM-257226|PbGEM-467289|PbGEM-339931|PBANKA_142220|PbGEM-065367|PbGEM-646383|PbGEM-646549|PbGEM-528075|PbGEM-645768|PbGEM-539323|PbGEM-528357|PbGEM-528216|PbGEM-065359|PbGEM-110609	CTGGGAAAAGA	619.0	552.5	786.0	103.5	745.5	644.0	865.5	138.5	676.0	756.0	202.5	414.5	65.0	113.0	397.0	290.5	186.5	121.0	614.0	561.5	819.5	84.0	735.0	571.5	837.0	99.0	671.0	595.5	192.0	481.5	60.5	80.5	394.5	196.0	163.0	127.0
PBANKA_142710	PbGEM-321755|PbGEM-321747|PBANKA_142710	AATAGCCTCTT	588.5	550.5	1432.5	377.0	534.5	652.5	1492.0	372.0	476.5	716.0	1677.5	1840.5	697.5	648.5	839.0	1010.5	651.0	686.5	535.0	509.5	1428.5	322.0	447.5	519.0	1423.0	288.5	383.0	506.0	1841.5	1820.5	584.5	473.0	852.0	650.5	510.5	614.0
PBANKA_142810	PbGEM-321843|PbGEM-321827|PbGEM-675477|PbGEM-321835|PBANKA_142810	TGCCATCCTTG	602.0	466.0	1.0	0.5	412.5	667.0	0.0	0.0	376.5	733.5	0.0	0.0	0.0	0.0	147.0	212.0	789.5	716.0	567.5	461.0	0.0	0.0	245.5	584.0	0.0	0.0	271.0	539.5	1.5	0.0	0.0	5.0	154.0	146.5	606.0	678.0
PBANKA_142880	PbGEM-111006|PBANKA_142880|PbGEM-255003|PbGEM-646794|PbGEM-111014|PbGEM-672741	AACAGATAGTC	589.5	552.5	3.5	1214.0	867.0	1091.5	0.0	1173.0	716.0	1156.0	0.0	0.0	1.0	0.0	1101.0	1432.5	862.0	931.5	588.5	547.0	1.0	906.0	756.5	980.0	2.0	973.0	659.0	891.0	0.0	0.0	0.0	10.0	1124.5	911.0	843.5	841.0
PBANKA_142930	PbGEM-340051|PbGEM-322011|PBANKA_142930|PbGEM-322003|PbGEM-322019	TACTCTATCCC	492.0	409.5	0.0	0.0	253.0	246.5	0.0	0.0	236.0	276.0	0.0	0.0	0.0	0.0	422.0	505.5	274.0	292.0	399.0	355.0	1.0	0.0	273.0	253.0	0.0	0.0	213.0	216.5	0.0	0.0	0.0	2.5	353.0	310.0	229.5	300.5
PBANKA_143030	PbGEM-111156|PbGEM-066481|PBANKA_143030|PbGEM-255535|PbGEM-111148	CCGACAATTTG	655.5	491.5	0.5	737.0	441.0	123.5	1.0	770.0	555.0	155.0	2.0	0.5	995.5	871.5	1021.0	892.5	180.0	138.5	672.5	418.0	1.0	626.0	315.5	137.0	3.0	722.5	437.5	141.5	0.0	0.0	839.0	804.0	1053.0	691.5	138.5	134.0
PBANKA_143060	PbGEM-066521|PbGEM-066529|PBANKA_143060|PbGEM-255615|PbGEM-340083	GTCACGCTCTC	541.0	483.5	67.0	340.0	505.5	532.5	73.5	372.5	499.0	643.0	66.0	44.5	114.5	86.5	296.0	432.5	893.0	872.5	514.0	393.0	53.5	269.5	410.5	498.5	58.5	321.0	511.0	519.5	65.5	43.0	76.5	69.5	240.0	276.5	676.5	797.0
PBANKA_143080	PbGEM-667853|PbGEM-255672|PbGEM-111172|PbGEM-340091|PbGEM-066561|PbGEM-646739|PBANKA_143080	CCCACCATGCT	673.5	487.5	0.0	74.5	814.0	1120.0	0.0	72.5	884.5	1358.5	1.0	1.0	129.5	59.5	1002.5	1094.5	1223.0	1246.5	601.5	465.0	2.0	54.5	526.0	987.5	0.0	65.5	784.5	1032.0	0.0	1.0	123.5	61.0	926.0	753.5	918.0	1151.0
PBANKA_143090	PbGEM-322195|PbGEM-322187|PBANKA_143090|PbGEM-322203|PbGEM-648091	GGAATCGAGTC	622.5	479.5	0.0	37.0	245.5	90.5	0.0	48.0	390.0	110.5	0.0	0.0	38.0	37.0	0.0	0.0	0.0	0.0	623.5	448.0	0.0	24.0	212.0	94.5	0.0	26.5	377.0	82.0	0.0	0.0	26.0	31.0	0.0	0.0	0.0	0.0
PBANKA_143140	PbGEM-218667|PBANKA_143140|PbGEM-066666|PbGEM-255828|PbGEM-066658	CCTCCACATTA	616.5	641.0	0.0	0.0	722.0	490.5	0.5	0.0	624.0	507.5	0.0	0.5	0.0	0.0	782.5	782.5	593.0	603.0	641.5	577.0	0.0	0.0	590.5	429.5	1.0	0.0	530.0	453.0	0.0	0.0	0.5	14.0	810.0	491.0	531.5	527.5
PBANKA_143320	PbGEM-322539|PbGEM-322523|PBANKA_143320|PbGEM-340155|PbGEM-322531|PbGEM-672173	CCCAAGCCTCT	501.0	467.5	0.0	274.0	325.0	379.5	0.0	265.5	350.5	367.5	1.0	0.0	325.5	224.5	0.0	1.0	0.0	0.0	498.5	442.5	0.0	206.5	259.5	306.5	2.0	253.0	266.0	318.5	0.0	0.0	271.5	363.5	0.0	0.0	0.0	1.0
PBANKA_143400	PbGEM-067026|PbGEM-256341|PBANKA_143400	TCGATGGTTCA	708.5	537.5	4.0	2303.5	651.5	788.5	0.0	2376.5	738.0	844.0	0.0	1.0	1214.0	1188.0	439.5	407.5	1022.5	1314.5	730.0	557.5	0.0	1867.5	564.5	688.5	2.0	1893.0	679.0	579.5	0.5	0.0	1082.0	1022.0	488.5	260.5	841.5	1134.0
PBANKA_143430	PBANKA_143430|PbGEM-322715|PbGEM-340195|PbGEM-648099|PbGEM-322723	CGCCTGACACC	328.5	300.0	2.0	4137.5	919.0	262.0	4.0	4209.5	818.0	277.0	1.5	2.0	4598.5	5576.5	425.5	559.5	189.0	268.5	311.0	339.5	0.5	3227.5	700.5	247.5	8.5	3626.5	774.5	242.5	0.0	0.5	4398.0	4404.5	464.0	306.0	169.5	251.5
PBANKA_143440	PbGEM-067090|PbGEM-467257|PBANKA_143440|PbGEM-256422|PbGEM-111457|PbGEM-111449	TTTCTTCAAAG	662.0	620.0	4.0	548.5	335.0	827.0	14.5	464.5	312.5	802.5	4.5	9.0	513.5	617.5	393.5	383.0	1085.0	1152.5	592.5	543.5	1.0	452.5	310.5	684.0	21.0	477.5	300.5	645.5	2.0	8.5	466.5	505.0	421.5	247.0	811.0	1135.5
PBANKA_143590	PbGEM-673045|PbGEM-322939|PbGEM-648107|PbGEM-322931|PBANKA_143590	AATCGAACAAC	794.0	654.0	556.5	1161.0	635.5	468.0	615.0	1134.5	562.5	476.0	993.0	728.5	1363.5	1552.5	948.0	946.5	703.0	766.0	726.5	608.0	492.5	922.5	591.0	416.5	553.0	1004.5	527.5	371.0	831.5	731.5	1051.5	1157.0	923.5	662.5	618.0	813.5
PBANKA_143870	PbGEM-067743|PbGEM-667893|PBANKA_143870|PbGEM-257534|PbGEM-079482	TCGAAACATGA	581.5	567.5	3599.0	0.0	761.0	693.5	3647.0	0.0	586.0	686.5	1575.0	1736.5	1.0	0.0	321.5	332.5	126.0	73.5	583.5	536.0	3556.5	0.0	649.5	593.5	3570.5	0.5	535.5	566.5	1523.0	1693.0	6.0	13.5	387.5	232.0	109.0	87.0
PBANKA_144590	PbGEM-324267|PbGEM-537555|PbGEM-648155|PbGEM-340587|PBANKA_144590|PbGEM-324259	AGCGACCATCC	611.0	432.5	99.5	658.5	240.0	37.0	329.0	1584.0	778.5	97.0	55.0	65.0	1088.0	1357.0	111.5	100.0	40.0	31.5	580.0	462.5	108.5	525.0	220.5	36.5	314.5	1361.5	732.5	78.0	67.0	75.0	991.0	1077.0	133.5	46.5	23.0	40.0
PBANKA_145120	PBANKA_145120|PbGEM-324947|PbGEM-324931|PbGEM-324939|PbGEM-648187	CCAGGCGCGCT	411.0	372.5	0.5	1355.5	785.0	1009.0	0.0	1399.0	669.0	1143.0	0.0	1.0	1895.0	1895.0	832.5	1102.5	669.0	704.0	388.0	356.0	0.0	1132.5	690.5	900.0	2.5	1181.0	572.5	873.0	1.0	1.5	1771.0	1543.0	814.0	663.5	579.0	662.5
PBANKA_146100	PBANKA_146100|PbGEM-341107|PbGEM-326107|PbGEM-326115	TTTCTTTCTTG	533.0	414.5	0.5	0.0	714.0	305.5	0.0	0.0	614.5	347.0	1.0	0.0	1.5	0.0	703.0	743.0	450.0	400.0	500.0	370.5	0.5	1.0	632.5	283.5	0.0	0.0	538.0	247.5	1.5	0.0	1.0	6.0	688.5	511.0	351.0	434.5
