pbanka_id	Gene	Barcodes	PbFertility4_1_GCKO2_t_r1	PbFertility4_2_145480_t_r1	PbFertility4_3_GCKO2_d0_bp_mf1_r1	PbFertility4_4_GCKO2_d0_bp_mf2_r1	PbFertility4_5_145480_d0_bp_mf1_r1	PbFertility4_6_145480_d0_bp_mf2_r1	PbFertility4_7_GCKO2_d0_bq_mf1_r1	PbFertility4_8_GCKO2_d0_bq_mf2_r1	PbFertility4_9_145480_d0_bq_mf1_r1	PbFertility4_10_145480_d0_bq_mf2_r1	PbFertility4_11_GCKO2_d14_mf1.1_r1	PbFertility4_12_GCKO2_d14_mf1.2_r1	PbFertility4_13_GCKO2_d14_mf2.1_r1	PbFertility4_14_GCKO2_d14_mf2.2_r1	PbFertility4_15_145480_d14_mf1.1_r1	PbFertility4_16_145480_d14_mf1.2_r1	PbFertility4_17_145480_d14_mf2.1_r1	PbFertility4_18_145480_d14_mf2.2_r1	PbFertility4_19_GCKO2_t_r2	PbFertility4_20_145480_t_r2	PbFertility4_21_GCKO2_d0_bp_mf1_r2	PbFertility4_22_GCKO2_d0_bp_mf2_r2	PbFertility4_23_145480_d0_bp_mf1_r2	PbFertility4_24_145480_d0_bp_mf2_r2	PbFertility4_25_GCKO2_d0_bq_mf1_r2	PbFertility4_26_GCKO2_d0_bq_mf2_r2	PbFertility4_27_145480_d0_bq_mf1_r2	PbFertility4_28_145480_d0_bq_mf2_r2	PbFertility4_29_GCKO2_d14_mf1.1_r2	PbFertility4_30_GCKO2_d14_mf1.2_r2	PbFertility4_31_GCKO2_d14_mf2.1_r2	PbFertility4_32_GCKO2_d14_mf2.2_r2	PbFertility4_33_145480_d14_mf1.1_r2	PbFertility4_34_145480_d14_mf1.2_r2	PbFertility4_35_145480_d14_mf2.1_r2	PbFertility4_36_145480_d14_mf2.2_r2
PBANKA_010110	PbGEM-266100|PbGEM-266092|PbGEM-668501|PBANKA_010110	CAGCGTGATGT	887.5	860.5	1249.5	0.5	1043.0	772.5	1124.0	4.0	716.5	514.5	1220.0	1413.0	0.5	1.0	1367.5	1706.5	820.5	888.0	878.0	761.5	1459.0	2.0	902.0	798.0	1130.5	12.0	749.5	544.0	1474.0	1639.5	5.0	12.0	1496.5	1658.0	682.5	885.0
PBANKA_010430	PbGEM-266515|PbGEM-266499|PBANKA_010430|PbGEM-266507	TGGCCAGTCTA	369.0	349.5	66.0	0.0	43.0	137.5	40.0	0.0	40.5	66.5	81.5	67.0	0.0	1.0	99.0	61.5	183.0	196.0	394.5	305.0	63.5	0.0	29.0	132.0	63.5	0.0	21.5	86.5	87.0	56.0	0.0	0.0	115.0	45.0	146.0	232.5
PBANKA_010940	PbGEM-267107|PbGEM-267115|PBANKA_010940	GTTCTGAAAGA	498.0	457.5	0.0	0.5	265.0	356.5	0.0	0.0	178.0	392.5	1.0	0.0	0.0	0.5	459.0	485.0	323.5	507.5	485.0	370.5	0.0	0.0	233.0	354.0	0.0	0.0	176.5	417.0	0.0	0.0	0.0	2.0	561.5	436.0	400.5	511.5
PBANKA_020010	PbGEM-267467|PbGEM-327875|PbGEM-668733|PBANKA_020010|PbGEM-267459	TCTCAAGGGTC	138.0	129.5	877.5	1221.0	1351.5	1275.5	756.5	1258.5	931.0	892.0	752.0	843.5	1559.5	1891.0	1258.5	1806.0	1268.0	1354.0	123.5	91.0	1042.0	1356.5	1382.5	1080.0	741.5	891.0	903.5	803.5	762.5	1005.5	1834.5	1904.0	1517.0	1572.0	908.5	1531.0
PBANKA_020350	PbGEM-267787|PbGEM-267803|PbGEM-267795|PBANKA_020350|PbGEM-267779	CCGTGCTGACC	94.0	87.0	0.0	0.0	0.0	49.0	0.0	0.0	0.0	46.0	0.0	0.0	0.0	0.0	0.0	0.0	83.0	83.5	97.0	69.0	0.0	0.0	1.0	47.5	0.0	0.0	1.0	36.5	0.0	0.0	0.0	0.0	0.0	0.0	84.5	82.5
PBANKA_021010	PBANKA_021010|PbGEM-268731|PbGEM-268723	CGTACTACCGG	464.5	354.5	42.0	2.0	176.5	545.0	44.0	8.0	114.0	339.5	44.0	94.0	0.0	0.0	130.0	137.0	873.5	702.5	491.0	357.5	54.0	4.0	153.5	479.0	28.0	10.0	95.0	354.0	74.0	117.0	1.0	2.5	100.5	118.5	629.5	772.5
PBANKA_021030	PbGEM-268739|PbGEM-268747|PbGEM-533331|PbGEM-268755|PBANKA_021030|PbGEM-328131|PbGEM-646799	ATTAATCTAGT	629.0	449.5	0.0	0.0	0.0	14.0	0.0	0.0	0.0	20.0	0.0	0.0	0.0	0.0	0.0	1.0	0.0	33.5	589.5	414.5	0.0	0.0	0.0	14.5	0.0	0.0	0.0	37.0	0.0	0.0	0.0	0.0	2.0	0.0	0.0	25.0
PBANKA_021230	PbGEM-528428|PBANKA_021230|PbGEM-528287|PbGEM-227009|PbGEM-674813|PbGEM-645841|PbGEM-528146|PbGEM-646622|PbGEM-646456|PbGEM-008334	CCGCCAGGGTG	306.5	277.0	366.5	0.0	325.0	31.0	344.0	0.5	254.0	23.5	0.0	26.0	0.0	0.5	580.5	438.5	45.0	37.0	366.5	276.5	421.5	0.0	292.5	20.0	386.0	1.0	258.0	15.0	6.0	17.5	1.0	2.0	618.0	425.0	41.0	33.0
PBANKA_021330	PbGEM-328251|PBANKA_021330|PbGEM-269035|PbGEM-269027|PbGEM-269043|PbGEM-341748	GTAGATGTCGT	540.0	425.0	455.5	0.0	183.5	270.0	392.0	0.0	110.0	165.5	955.5	960.5	1.5	0.0	228.5	255.0	339.0	253.0	558.5	379.5	548.5	0.0	165.0	245.5	416.0	0.0	162.0	180.0	1186.0	1120.0	3.0	2.0	254.0	203.5	284.5	282.0
PBANKA_021450	PBANKA_021450|PbGEM-269155|PbGEM-269163	CCGAAATACAG	533.5	431.0	318.5	1.0	868.5	1321.5	289.5	1.0	644.0	907.5	319.5	209.0	0.0	0.0	982.5	1164.0	1576.0	1584.5	505.0	340.0	362.0	0.0	739.0	1245.0	285.0	0.0	662.5	954.0	383.5	196.5	1.0	5.5	1092.0	1055.0	1313.0	1591.5
PBANKA_030100	PbGEM-227556|PBANKA_030100|PbGEM-008853	CAGAAGTGTTA	0.0	0.0	0.0	0.0	0.0	0.0	0.0	0.0	0.0	0.0	0.0	0.0	0.0	0.0	0.0	0.0	0.0	0.0	0.0	0.0	0.0	0.0	0.0	0.0	0.0	0.0	0.0	0.0	0.0	0.0	0.0	0.0	0.0	1.0	0.0	0.0
PBANKA_030100	PBANKA_030100|PbGEM-269347|PbGEM-269339|PbGEM-328355	GCCCAACCGGG	431.5	375.0	55.0	0.0	67.5	152.5	30.0	0.0	63.5	111.5	5.0	33.0	0.0	0.0	113.0	105.0	160.5	128.5	429.0	298.5	48.0	0.0	83.0	152.0	40.5	0.0	39.0	83.5	3.0	44.5	0.0	1.0	105.5	102.5	180.5	128.0
PBANKA_030140	PbGEM-269419|PBANKA_030140|PbGEM-269411|PbGEM-675245|PbGEM-328363	CGACTCAGTAG	854.0	859.5	309.5	817.5	196.5	326.5	231.5	764.5	128.0	183.0	364.5	430.0	1098.0	1358.0	0.0	0.0	0.0	2.0	924.5	732.5	313.5	754.0	144.0	345.0	229.5	593.5	109.0	218.0	493.0	474.0	988.0	1276.0	0.5	0.0	0.0	0.0
PBANKA_030180	PbGEM-269443|PbGEM-269451|PBANKA_030180	CAGCATACGAC	578.5	425.5	0.0	0.0	1.0	147.5	0.0	0.0	2.0	98.0	0.0	0.0	0.0	0.0	0.0	0.0	0.0	1.0	549.0	379.0	0.0	0.0	2.0	131.5	0.0	0.0	2.0	89.5	0.0	0.0	0.0	0.0	0.0	0.0	0.0	2.0
PBANKA_031000	PBANKA_031000|PbGEM-665341|PbGEM-010090|PbGEM-229258	CGGAATGCCAG	376.5	350.5	112.0	0.0	115.5	108.5	79.5	0.0	42.0	69.5	85.5	25.5	0.0	0.0	0.0	7.0	0.0	10.0	350.5	314.5	142.5	0.0	90.0	113.0	98.0	0.0	59.5	48.5	101.5	23.5	1.0	1.0	7.0	9.0	0.0	10.0
PBANKA_031180	PbGEM-646740|PbGEM-229629|PbGEM-010336|PbGEM-083706|PBANKA_031180|PbGEM-083698	CCTAGGGAAAT	338.5	286.0	0.0	0.0	16.0	69.5	0.0	0.0	10.0	46.0	0.0	0.0	0.0	0.0	25.0	7.0	100.0	137.0	364.0	253.0	0.0	0.0	11.0	65.5	0.0	0.0	5.0	44.5	0.0	0.0	0.0	0.0	39.0	9.0	78.5	138.5
PBANKA_031480	PbGEM-010745|PbGEM-672149|PbGEM-010753|PBANKA_031480|PbGEM-230204	AACATAAAAGT	586.0	428.5	1183.5	71.5	670.0	699.0	952.5	89.0	481.0	424.0	1252.0	1518.5	83.0	48.5	941.5	990.5	1617.0	1648.5	579.5	396.0	1355.0	69.5	593.5	613.5	985.0	68.5	450.5	491.5	1459.5	1714.5	111.0	53.0	1163.0	795.5	1384.0	1663.0
PBANKA_031500	PbGEM-010785|PbGEM-230221|PBANKA_031500|PbGEM-010777	CAATCGATACG	308.0	379.5	880.0	2.0	287.5	50.5	726.0	14.0	224.0	43.5	590.5	851.5	0.0	0.5	241.5	117.5	125.0	79.0	455.0	328.0	1012.5	4.0	259.0	49.5	719.0	9.0	178.0	42.0	624.0	919.0	1.0	4.0	208.5	87.0	92.5	69.0
PBANKA_031580	PbGEM-010861|PbGEM-230330|PBANKA_031580|PbGEM-010869	CCTTTCCCTTA	511.5	449.0	1305.5	980.5	2303.0	1502.0	1149.0	913.0	1564.5	1158.0	1952.5	2049.0	1284.0	921.5	2848.0	3311.0	2317.5	2308.5	447.5	400.5	1383.0	1023.0	1862.0	1626.0	1199.5	995.5	1446.5	1226.0	2292.0	2102.5	1225.0	928.0	2824.5	2765.0	2151.0	2274.5
PBANKA_040460	PbGEM-011461|PbGEM-228894|PBANKA_040460	GGGATGCCCTT	292.5	220.5	309.0	224.5	156.0	143.0	285.5	260.5	129.0	104.0	211.5	240.0	292.5	305.5	259.5	299.0	125.5	192.0	283.0	219.5	412.5	257.5	150.0	135.5	288.0	219.5	127.0	87.5	259.0	271.5	236.5	278.5	270.0	230.0	114.5	187.5
PBANKA_040560	PBANKA_040560|PbGEM-011621|PbGEM-229156	TAATAACCGAG	602.0	440.0	2762.0	3654.5	453.5	412.5	2440.0	3863.5	327.5	275.5	3104.5	2775.5	5357.5	5480.0	1.0	1.0	0.5	4.0	603.5	363.0	3176.0	3617.5	393.5	380.0	2461.5	3346.0	343.5	250.5	3816.5	3024.0	5067.5	5241.0	0.5	2.0	3.0	0.0
PBANKA_041160	PbGEM-272450|PbGEM-673165|PbGEM-272442|PBANKA_041160|PbGEM-272458|PbGEM-646988	TGTGGTGCCAC	481.5	395.0	1.0	0.0	56.0	163.0	0.0	0.0	36.5	94.0	0.0	0.0	0.0	0.0	42.5	51.0	104.0	110.5	468.0	332.5	0.0	0.0	28.5	146.5	0.0	0.0	31.0	79.5	0.0	0.0	0.0	1.0	53.0	39.0	86.0	112.5
PBANKA_041380	PBANKA_041380|PbGEM-272762|PbGEM-647123|PbGEM-272770	GTGGATAGTAT	490.5	478.5	3034.0	581.5	51.5	184.5	2490.0	497.0	22.5	138.5	3299.0	3715.0	657.0	626.5	26.5	78.5	351.5	492.0	525.0	411.0	3457.0	586.5	36.0	196.0	2673.0	505.5	33.0	142.5	3640.5	3783.5	566.0	627.5	27.0	55.5	326.5	459.5
PBANKA_041850	PbGEM-646805|PbGEM-664197|PbGEM-273378|PbGEM-273370|PBANKA_041850|PbGEM-329211	ACGTGAACTTA	411.5	365.5	6710.0	3596.5	3558.0	4104.5	6128.0	3470.0	2420.0	2622.0	7258.5	7393.5	5148.5	5573.5	3452.5	4182.0	5248.0	5092.5	447.0	294.5	7705.5	3553.5	2901.0	3823.0	6280.0	3110.5	2382.0	2602.0	8249.5	8055.0	4691.5	5189.5	3752.5	3747.5	4507.5	5115.0
PBANKA_050060	PbGEM-273458|PbGEM-273466|PbGEM-329219|PBANKA_050060|PbGEM-273474	GGGGCCGGGCA	617.5	477.5	593.5	3214.5	971.5	919.0	529.0	2664.0	657.5	528.0	1844.0	1993.0	4070.0	4291.5	1304.5	1351.0	1103.5	1066.5	666.0	438.5	702.5	3047.5	852.5	806.0	595.5	2215.5	567.0	529.5	2003.5	2216.5	3757.5	4190.5	1298.5	1191.5	981.5	1189.5
PBANKA_050100	PBANKA_050100|PbGEM-329227|PbGEM-273530	TTTCAAAATGC	486.5	376.5	0.0	0.0	189.0	47.0	0.0	0.0	132.5	30.5	0.0	0.0	0.0	0.0	98.5	163.0	26.0	47.0	458.0	312.5	1.0	0.0	141.0	40.0	0.0	0.0	113.0	27.0	0.0	0.0	1.0	5.0	120.5	132.0	33.5	61.5
PBANKA_050120	PbGEM-273538|PBANKA_050120|PbGEM-273546|PbGEM-329235	CTCGGGAGGGG	840.5	795.0	2440.5	4486.0	917.0	1373.0	2094.0	4566.0	694.0	949.0	2394.5	2280.5	3521.0	3654.5	1318.0	1753.5	3147.5	2507.5	797.5	649.5	2812.0	4342.0	767.0	1288.0	2223.0	4010.0	630.5	924.0	3123.5	2532.5	3265.5	3466.5	1521.0	1702.0	2799.0	2469.0
PBANKA_050780	PBANKA_050780|PbGEM-274370|PbGEM-274378|PbGEM-274386	AGCGCCGCACA	103.0	85.5	0.0	11.5	9.0	33.0	0.0	18.0	4.0	26.0	0.0	0.0	21.0	32.0	0.0	0.0	7.0	13.5	103.0	75.5	0.0	16.0	10.0	31.5	0.0	16.0	9.5	33.0	0.0	0.0	22.0	18.0	0.5	0.0	8.0	15.0
PBANKA_050830	PbGEM-014629|PBANKA_050830|PbGEM-231167|PbGEM-341355|PbGEM-014637|PbGEM-329467	TCATTGATCCC	483.5	402.0	34.5	0.0	69.0	246.5	14.0	0.0	57.0	185.0	47.5	73.0	0.0	0.0	98.5	103.0	530.0	561.0	455.0	342.5	35.0	0.0	53.0	231.5	12.0	0.0	34.5	192.0	59.0	95.5	0.0	1.0	95.0	96.0	423.0	517.5
PBANKA_051060	PbGEM-329547|PbGEM-646729|PbGEM-274850|PBANKA_051060	CGTGTGATGCC	659.5	676.0	163.5	224.0	479.0	372.0	146.0	218.0	379.0	244.5	144.5	139.5	408.0	339.5	0.0	1.0	0.0	0.0	701.5	562.0	215.0	217.0	408.0	389.0	150.5	233.5	354.5	269.0	156.0	166.0	408.0	321.0	0.0	0.0	0.0	1.0
PBANKA_051100	PbGEM-645631|PbGEM-015012|PBANKA_051100|PbGEM-231494|PbGEM-085907|PbGEM-645693|PbGEM-646998|PbGEM-015020	AATCAGCGCTA	595.0	445.0	805.5	650.5	765.0	392.5	612.0	622.5	521.5	240.5	709.0	606.5	491.0	456.0	1061.0	1161.0	583.0	623.0	588.0	414.0	881.5	648.0	648.0	311.5	695.5	547.0	549.0	241.0	772.0	647.5	424.0	425.5	1168.5	1363.0	505.5	587.0
PBANKA_051300	PbGEM-086045|PbGEM-231792|PbGEM-086037|PBANKA_051300|PbGEM-646754	TCGCAGGGAGC	413.0	370.0	0.0	0.0	132.0	253.0	0.0	0.0	71.5	167.5	0.0	0.5	0.0	0.0	163.5	216.0	251.0	258.0	435.5	364.5	0.0	0.0	107.0	213.0	0.0	0.0	67.0	179.5	0.0	0.5	0.0	0.0	214.5	200.5	230.0	256.0
PBANKA_051440	PbGEM-275338|PbGEM-275346|PBANKA_051440	GTCAACCGTTT	632.0	477.0	1395.0	419.0	696.5	960.5	1178.0	440.0	437.0	659.0	1464.0	1764.0	902.0	1020.5	771.5	645.0	1396.0	1373.0	600.0	470.5	1524.0	383.5	565.5	905.5	1055.0	358.0	464.5	657.0	1633.0	1941.0	898.0	926.5	887.5	545.5	1221.0	1410.5
PBANKA_051500	PbGEM-538107|PbGEM-527706|PBANKA_051500|PbGEM-015569|PbGEM-015561|PbGEM-232023	AGGGTTCCTAT	624.0	475.5	184.5	652.0	641.0	212.0	173.0	665.0	411.5	154.0	270.5	317.5	2333.0	2960.0	640.5	773.0	239.0	404.5	652.5	461.5	240.5	634.0	548.5	172.0	216.0	550.5	393.5	164.5	324.5	535.0	2111.5	2883.5	641.0	631.5	236.5	379.5
PBANKA_051530	PbGEM-275450|PbGEM-275458|PbGEM-275466|PBANKA_051530	CGATTAAGAAT	465.0	389.0	0.0	583.5	600.5	241.0	0.0	640.5	494.5	133.0	0.0	0.0	7.0	12.0	723.0	1237.5	384.5	478.5	513.5	366.0	1.5	565.0	495.5	199.0	1.0	581.5	418.5	147.0	1.0	0.0	5.0	23.0	891.5	1063.5	367.0	472.0
PBANKA_051560	PbGEM-275506|PBANKA_051560|PbGEM-275514	TGCCAAAAACC	546.0	435.5	835.0	216.0	586.0	396.5	661.0	225.0	341.0	237.5	967.5	842.5	183.0	116.0	1341.0	1342.5	654.5	763.5	616.5	414.5	900.0	200.0	437.5	371.0	712.0	171.5	345.5	252.0	1037.5	916.0	191.0	141.5	1128.5	1138.0	682.5	777.0
PBANKA_051700	PbGEM-275690|PbGEM-275706|PbGEM-275698|PBANKA_051700	AGTCCAGATAT	610.0	481.5	139.0	79.5	313.5	253.5	137.0	106.0	223.0	154.5	182.0	224.5	63.5	76.0	392.0	298.5	239.0	227.0	631.5	371.0	186.5	90.0	233.0	211.0	107.5	59.5	182.5	146.5	242.5	213.0	74.5	54.0	430.0	259.0	189.5	167.0
PBANKA_051770	PbGEM-015996|PBANKA_051770|PbGEM-086344|PbGEM-232524|PbGEM-646983|PbGEM-264508	TTTGACAGGGG	1087.0	911.0	24.5	1085.5	1095.0	752.5	18.0	1145.0	731.0	550.0	1.0	0.0	218.0	119.5	28.0	2.0	30.0	43.5	1151.0	735.0	31.0	1078.5	918.5	682.5	20.0	1057.5	690.5	538.5	0.0	0.0	207.5	140.5	40.5	3.0	37.0	36.0
PBANKA_051830	PbGEM-275874|PbGEM-275866|PBANKA_051830|PbGEM-275882	TACCCCATAAT	487.5	400.0	120.5	0.0	203.0	104.5	114.0	0.0	136.0	49.5	27.0	72.0	0.0	0.0	310.5	253.0	175.0	192.5	558.0	330.5	136.0	0.0	165.0	82.5	105.0	0.0	151.5	70.5	45.0	74.5	0.0	2.0	337.5	207.5	163.5	167.0
PBANKA_052180	PBANKA_052180|PbGEM-016624|PbGEM-233197	GCGCCGCGCGC	125.0	103.0	534.0	28.0	39.5	70.5	544.0	31.0	25.5	54.0	449.5	504.5	30.5	11.0	46.0	70.0	115.5	173.0	134.0	81.0	653.5	40.0	66.0	73.0	500.5	32.0	53.0	57.5	540.5	624.5	26.0	10.0	51.5	55.5	121.5	128.5
PBANKA_052210	PbGEM-276458|PBANKA_052210|PbGEM-276466|PbGEM-329851|PbGEM-672629	CGGTCTCCTCC	462.5	347.5	1.0	0.0	103.0	16.5	0.0	0.0	60.5	12.0	0.0	0.0	0.0	0.0	139.5	100.5	9.0	45.0	522.0	322.5	0.0	0.0	82.0	16.5	0.0	0.0	72.0	8.0	0.0	0.0	0.0	2.0	162.5	52.0	9.0	29.5
PBANKA_052230	PbGEM-016683|PbGEM-647179|PBANKA_052230|PbGEM-016675|PbGEM-233292	GACGTCACCTC	530.0	375.5	246.0	0.0	570.0	481.5	216.5	0.0	430.0	287.5	164.0	117.0	0.0	1.0	504.5	514.0	539.5	512.5	528.5	386.5	304.5	0.0	466.5	447.5	244.5	0.0	478.0	316.5	210.5	147.5	1.0	3.0	586.0	440.5	452.5	501.0
PBANKA_060440	PbGEM-017603|PbGEM-017611|PBANKA_060440|PbGEM-232446	CAAGGGCAGGG	545.0	407.0	0.0	0.5	321.0	549.0	1.0	1.0	237.0	382.5	0.0	0.0	0.0	0.0	313.5	403.0	761.0	718.5	528.0	376.5	0.0	0.0	274.5	507.5	0.0	1.0	247.0	451.5	0.0	0.0	0.0	4.5	347.5	335.0	700.5	748.5
PBANKA_060470	PBANKA_060470|PbGEM-087064|PbGEM-087072|PbGEM-232478|PbGEM-017659	AGTGCTTCAGT	352.0	287.0	70.0	138.0	298.5	245.5	37.5	181.5	219.0	131.0	12.0	8.0	144.0	162.0	50.0	22.0	62.0	27.0	407.5	252.0	56.5	142.5	267.0	200.0	49.0	137.5	203.5	140.0	20.0	4.0	154.0	128.0	46.5	26.0	45.0	18.0
PBANKA_060620	PbGEM-017899|PbGEM-087185|PBANKA_060620|PbGEM-672901|PbGEM-087193|PbGEM-232734	CAAGCCGGGCG	468.0	396.5	0.0	0.0	300.5	254.5	0.0	0.5	286.0	153.0	0.0	0.0	0.0	0.5	545.5	397.0	245.5	391.0	496.5	356.0	0.0	0.0	247.0	216.5	1.0	0.0	222.0	173.5	0.0	0.0	1.0	4.0	569.5	371.0	170.0	419.5
PBANKA_060860	PBANKA_060860|PbGEM-233165|PbGEM-018241|PbGEM-018233	TCTTAGCAAGA	469.5	453.5	20.0	114.0	104.5	82.5	19.5	135.0	69.0	58.0	0.0	0.0	0.0	0.0	130.0	102.5	112.5	72.5	494.5	353.5	34.5	117.5	104.0	75.0	18.0	79.5	82.0	50.0	0.0	0.0	0.0	0.0	111.0	93.5	207.0	70.5
PBANKA_060920	PbGEM-277882|PbGEM-534067|PbGEM-277874|PBANKA_060920	ACCAACGCCCG	323.0	237.0	1.0	119.5	432.5	737.0	0.0	146.5	333.0	514.0	0.0	0.0	90.0	178.5	629.0	830.0	1122.0	1131.0	347.0	261.5	0.0	140.5	319.0	748.5	1.0	109.0	325.0	575.5	1.0	0.0	89.0	132.5	645.0	673.5	958.0	1097.0
PBANKA_061540	PbGEM-019156|PbGEM-234484|PBANKA_061540|PbGEM-087828|PbGEM-087836	TCGACACCAAC	471.0	386.5	0.0	0.0	0.0	1.0	0.0	0.0	0.0	2.0	0.0	0.0	0.0	0.0	0.0	0.0	0.0	0.0	487.0	360.0	0.0	0.0	0.0	1.0	0.0	0.0	0.0	1.0	0.0	0.0	0.0	0.0	0.0	0.0	0.0	0.0
PBANKA_061600	PbGEM-278762|PbGEM-278770|PbGEM-278778|PBANKA_061600	ACCATTTAATC	428.0	313.5	577.5	406.0	4083.5	2535.0	521.0	727.0	5085.5	3255.5	257.0	425.0	422.0	489.5	3827.5	3902.0	2683.5	3310.0	364.0	274.0	593.0	385.5	3308.5	2679.0	502.0	712.0	4778.5	3405.0	275.5	419.0	334.0	504.0	4206.0	3339.0	2312.0	3188.5
PBANKA_061670	PbGEM-646732|PbGEM-072498|PBANKA_061670	TCTCGGTTAT	739.0	806.5	0.0	393.0	323.5	423.0	16.5	401.5	215.0	280.0	0.0	0.0	0.0	0.0	291.5	360.0	481.0	407.5	820.5	619.5	0.5	349.0	218.5	389.5	12.0	310.0	200.5	263.5	0.5	0.0	3.0	2.0	287.5	296.0	432.0	437.0
PBANKA_070160	PBANKA_070160|PbGEM-280058|PbGEM-280066	GGTTTCTCGTG	1201.0	974.5	460.0	976.0	192.0	553.0	325.0	1041.5	142.5	326.0	723.0	737.0	1846.5	2205.5	116.0	143.5	307.5	244.5	1220.0	924.0	556.0	973.5	144.5	477.5	337.0	849.0	148.5	326.5	928.5	763.5	1505.5	2022.5	104.5	178.0	279.0	298.0
PBANKA_070270	PBANKA_070270|PbGEM-342020|PbGEM-088684|PbGEM-088692|PbGEM-233406|PbGEM-020612	CCTTCTAGGAC	629.0	431.5	542.5	2147.5	1075.5	1229.0	420.0	2384.0	815.0	893.0	389.5	397.5	6303.0	7818.0	1250.5	1870.0	1645.0	1724.5	596.5	433.0	551.0	2147.5	891.5	1246.0	460.5	1899.5	770.0	863.0	459.5	446.5	5581.5	7171.5	1535.0	1700.0	1344.5	1675.0
PBANKA_070440	PbGEM-265276|PbGEM-020884|PbGEM-233764|PBANKA_070440|PbGEM-647267	GGGTTAGAAAT	587.0	438.0	0.0	8.0	876.0	473.5	0.0	15.0	623.5	295.0	0.0	1.5	0.0	0.5	1166.5	991.0	550.5	657.0	638.5	436.5	0.5	5.0	745.5	521.0	0.5	3.0	535.0	302.5	0.0	0.0	0.0	12.0	1160.5	827.5	436.5	650.0
PBANKA_070470	PbGEM-330627|PbGEM-233856|PBANKA_070470|PbGEM-020924|PbGEM-020932|PbGEM-672405	TAGAAGTGTGA	438.5	380.5	126.5	0.0	246.0	23.5	125.5	1.0	120.5	18.5	353.5	495.0	1.0	0.0	351.0	324.0	37.5	106.5	446.0	347.5	173.0	0.0	194.5	33.0	122.0	0.0	142.0	27.0	350.0	514.5	0.0	3.0	373.0	322.5	23.5	114.0
PBANKA_070550	PBANKA_070550|PbGEM-280562|PbGEM-280570	GCGGAGACCGC	756.0	552.0	407.0	231.5	860.0	784.5	399.5	235.0	612.5	479.5	429.5	401.0	380.5	511.0	620.5	761.0	397.5	343.0	741.0	503.0	522.5	206.0	762.5	659.0	441.5	201.0	606.5	553.0	492.0	489.5	347.0	486.5	644.0	758.0	323.5	332.0
PBANKA_070690	PbGEM-280810|PbGEM-280818|PbGEM-670389|PBANKA_070690|PbGEM-280802	GTCCCTTGGGG	576.5	457.5	1856.5	246.0	559.0	561.0	1691.0	244.0	324.0	404.5	1121.5	1184.5	118.0	112.5	544.0	779.5	543.0	626.5	583.0	465.5	2108.5	200.5	488.5	544.5	1730.5	246.5	400.5	364.0	1294.5	1266.0	113.0	114.5	616.0	880.5	499.0	785.5
PBANKA_070810	PbGEM-089045|PbGEM-647283|PbGEM-021455|PbGEM-461673|PBANKA_070810|PbGEM-461639|PbGEM-234509	CTTTCTTCGCA	425.5	318.5	117.5	325.0	712.0	488.5	109.0	314.5	480.0	343.0	97.0	146.5	695.0	960.5	16.0	2.0	0.0	0.5	463.0	330.0	111.0	314.0	589.0	472.0	86.5	271.0	528.0	352.5	123.5	140.5	629.0	902.0	15.0	0.0	0.0	0.0
PBANKA_071250	PBANKA_071250|PbGEM-281594|PbGEM-281586|PbGEM-281602	GTATGCCCTCA	534.5	421.0	2.5	1478.5	341.5	299.0	0.0	1605.5	208.5	217.0	10.0	4.0	1727.5	1506.0	327.0	431.5	544.5	584.5	515.0	372.0	4.5	1480.0	271.5	270.5	3.0	1329.0	240.0	218.5	14.0	6.0	1555.0	1387.0	338.0	409.0	534.0	688.5
PBANKA_071330	PBANKA_071330|PbGEM-673893|PbGEM-281722|PbGEM-281730	TTCAAATTAAC	512.0	440.5	408.0	756.5	647.5	454.0	369.5	845.0	437.5	303.0	734.0	811.5	980.0	1118.0	668.0	752.0	629.5	507.5	513.5	379.0	463.5	820.0	538.0	442.5	337.5	653.0	425.0	255.0	830.0	834.5	903.5	979.5	706.5	630.0	559.5	467.5
PBANKA_071400	PbGEM-022265|PBANKA_071400|PbGEM-235588|PbGEM-664157|PbGEM-022273	CCTCAAACAGT	554.5	380.5	307.5	331.5	597.5	823.0	295.0	356.0	422.5	624.5	29.0	51.5	38.0	71.0	1132.0	1386.0	1177.0	916.0	569.0	349.5	370.0	324.0	505.0	744.0	299.5	375.0	419.0	634.0	47.0	52.5	29.0	68.5	1066.5	1116.5	976.5	853.5
PBANKA_071720	PbGEM-330987|PbGEM-534387|PBANKA_071720|PbGEM-667021|PbGEM-282122	GCAGCGTCGGT	602.0	496.0	0.0	1.0	0.0	0.0	0.0	0.0	0.0	0.0	1.0	0.0	0.0	0.0	0.0	0.0	0.0	3.0	571.0	411.5	0.0	1.5	0.0	0.0	0.0	0.0	0.0	0.0	0.0	0.0	0.0	0.0	0.0	0.0	0.0	0.0
PBANKA_072070	PbGEM-282546|PBANKA_072070|PbGEM-331075|PbGEM-282538	TGGTCCGTAGA	469.0	412.0	725.0	0.5	28.0	131.5	689.0	0.0	18.5	72.5	391.5	530.5	0.0	0.0	21.0	18.0	236.0	222.0	452.0	379.0	820.0	0.5	23.0	149.0	643.5	1.0	23.5	83.5	537.0	509.5	3.0	2.0	13.0	30.0	237.0	219.0
PBANKA_072090	PbGEM-089969|PbGEM-089977|PbGEM-237100|PBANKA_072090|PbGEM-193538	TCATAGGTGTT	595.5	467.5	7.5	1163.5	662.0	548.5	1.0	1153.0	440.5	357.0	1.5	3.0	1952.0	2560.5	466.5	566.0	676.5	950.5	611.5	463.5	7.5	1171.0	551.5	548.0	3.0	1048.5	471.5	353.5	1.0	5.5	1714.0	2342.0	724.5	546.0	633.0	920.5
PBANKA_072100	PbGEM-331083|PbGEM-282570|PBANKA_072100|PbGEM-282578	TAGGGTCTGAT	498.5	472.5	0.0	0.0	224.0	145.5	0.5	0.0	140.0	120.5	0.0	0.5	0.0	0.0	804.5	943.0	237.5	109.5	559.0	404.5	0.5	0.0	215.0	149.5	0.0	0.0	154.0	130.5	0.0	0.0	0.0	4.5	846.5	760.0	187.0	157.0
PBANKA_080030	PbGEM-331131|PbGEM-282738|PBANKA_080030|PbGEM-534451|PbGEM-669821|PbGEM-282754|PbGEM-282746	ATGATTAGTCT	486.5	444.5	0.0	0.0	21.0	126.0	0.0	0.0	27.0	62.0	0.0	0.0	0.0	0.0	114.0	64.5	70.0	285.5	445.5	386.0	0.0	0.0	20.0	87.0	0.0	0.0	20.0	54.5	0.0	0.0	0.0	0.0	121.0	65.0	73.5	154.5
PBANKA_080060	PbGEM-282818|PbGEM-461642|PbGEM-461676|PbGEM-331155|PbGEM-664301|PbGEM-282810|PBANKA_080060	CTGTTTCGTGT	669.0	490.5	903.0	1.0	221.0	847.5	729.0	0.5	125.5	472.5	1117.5	1037.0	0.0	0.0	206.0	296.5	1062.5	1121.5	669.5	478.0	1051.0	0.0	172.5	743.0	684.5	0.0	118.0	507.5	1271.5	1059.0	1.0	2.0	216.0	258.5	877.5	1131.0
PBANKA_080250	PBANKA_080250|PbGEM-670917|PbGEM-283042|PbGEM-283034	GTCCGGTTGAA	569.5	527.0	0.0	480.5	15.0	68.5	0.0	457.0	19.0	49.0	0.0	0.0	515.5	288.5	0.0	7.0	88.0	42.5	539.5	510.5	0.0	414.5	9.5	66.0	0.0	404.0	10.5	50.0	0.0	0.0	418.5	292.0	1.0	14.0	83.0	36.5
PBANKA_080600	PbGEM-024235|PBANKA_080600|PbGEM-090465|PbGEM-331379|PbGEM-236306|PbGEM-646785	ACTCAGTACAG	516.0	445.5	0.0	3.0	49.0	143.0	0.0	7.0	42.0	141.0	1.0	0.0	0.0	1.0	2.5	0.0	8.0	24.5	510.5	398.5	0.0	1.0	37.5	137.5	0.0	4.0	40.0	129.0	0.0	0.0	0.0	1.0	2.0	0.0	7.0	22.5
PBANKA_082010	PBANKA_082010|PbGEM-285010|PbGEM-285018	AGCCGGTCTCT	1097.5	888.5	0.0	1277.5	670.0	538.0	2.0	1280.0	493.5	355.0	0.0	0.0	1264.0	1632.0	836.0	718.0	903.0	784.0	1168.5	728.5	0.5	1226.5	612.0	482.5	1.0	1169.0	462.5	379.5	0.0	0.0	1128.0	1547.0	867.5	663.5	840.0	795.5
PBANKA_082040	PbGEM-645638|PbGEM-239651|PBANKA_082040|PbGEM-091264|PbGEM-026174|PbGEM-645686|PbGEM-467263	ATCTGATGTAG	398.5	382.5	0.0	0.0	129.0	20.0	0.0	0.0	91.5	19.0	1.0	0.5	0.0	0.0	50.5	27.0	17.0	17.0	425.5	329.0	0.0	0.0	110.5	34.0	0.0	0.0	100.0	16.0	0.0	0.0	0.0	1.0	74.0	20.0	24.0	18.0
PBANKA_082350	PbGEM-259404|PbGEM-026453|PbGEM-026461|PBANKA_082350	TAAACAATTTC	1108.0	1057.5	325.5	0.0	33.0	124.5	269.0	0.0	18.5	146.0	621.5	664.0	0.0	0.0	30.0	38.0	168.5	146.5	1104.0	950.0	403.0	0.0	22.0	119.5	326.0	0.0	22.5	158.5	728.5	804.5	2.0	7.0	31.5	24.0	127.0	173.0
PBANKA_082420	PbGEM-538379|PbGEM-467261|PbGEM-646763|PbGEM-645739|PbGEM-285378|PbGEM-285386|PbGEM-645667|PbGEM-285362|PbGEM-539611|PBANKA_082420|PbGEM-285370	TTTTCTACTTC	1013.5	846.0	761.5	78.5	92.0	229.5	676.0	87.5	58.0	182.5	1365.5	1459.0	67.5	53.0	146.0	119.5	491.0	431.5	1008.5	717.0	865.5	84.0	74.5	232.5	638.0	81.5	65.0	182.0	1600.5	1543.0	80.0	59.0	147.0	107.0	362.0	361.5
PBANKA_082520	PbGEM-259540|PbGEM-026656|PBANKA_082520|PbGEM-026648	AACTCGATGCA	556.0	451.5	113.0	459.5	218.5	405.5	133.0	515.0	186.0	240.0	52.5	61.5	504.5	495.0	354.5	179.0	684.5	637.0	568.0	402.5	128.5	474.0	201.0	407.0	47.0	370.5	160.0	267.5	56.5	74.0	374.0	340.0	592.0	304.0	720.0	714.0
PBANKA_082930	PbGEM-285938|PbGEM-647379|PbGEM-285946|PBANKA_082930	TGTCCCCACGG	441.0	347.5	0.0	0.0	28.0	80.5	0.0	0.0	12.0	53.0	0.0	0.0	0.0	0.0	0.0	3.0	146.0	193.0	413.5	271.5	0.0	0.0	16.5	86.5	0.0	1.0	12.5	62.0	0.0	0.5	0.0	0.0	0.0	1.0	135.0	209.5
PBANKA_083110	PbGEM-286154|PbGEM-286146|PbGEM-664813|PBANKA_083110	CGAGAGATACA	479.0	394.0	0.0	0.0	39.5	238.0	0.0	0.0	30.5	179.0	0.0	0.0	0.0	0.0	14.0	32.0	306.0	167.0	450.5	362.5	0.0	0.0	33.0	255.0	0.0	0.0	32.0	212.0	0.0	0.0	0.5	0.0	8.5	35.5	298.0	154.0
PBANKA_083170	PbGEM-332003|PbGEM-027573|PBANKA_083170|PbGEM-092087|PbGEM-260028|PbGEM-664509	CTCGACATCTA	514.0	447.5	7163.0	3614.0	7820.0	11158.5	17531.0	11416.5	20533.0	26002.0	3529.0	3834.0	1674.0	1712.5	4956.0	5092.0	7232.5	5901.5	530.0	393.5	8159.5	3506.0	6695.5	10940.0	17291.0	10295.5	19780.5	26841.0	4000.0	4182.0	1499.5	1947.0	5303.5	4465.5	6207.0	6078.0
PBANKA_083210	PbGEM-332011|PBANKA_083210|PbGEM-286282|PbGEM-286274	CACGCACCTTT	248.0	189.0	0.0	0.0	125.5	68.0	0.0	0.0	65.5	49.5	0.0	0.0	0.0	0.0	152.5	189.5	104.5	95.5	250.0	192.0	0.0	0.0	88.5	55.5	0.0	0.0	71.5	47.5	0.0	0.0	0.0	1.0	148.0	151.0	79.0	91.5
PBANKA_083250	PBANKA_083250|PbGEM-286362|PbGEM-286346|PbGEM-286354	GCTGTCGCGTA	381.5	422.5	0.0	179.5	542.0	21.0	0.0	214.0	346.0	18.0	0.0	0.0	264.0	232.5	0.0	0.0	0.0	0.0	421.5	335.5	0.0	190.5	483.0	19.5	1.0	160.5	374.5	10.0	0.0	0.0	255.0	200.5	0.0	0.0	0.0	0.0
PBANKA_083330	PbGEM-112088|PbGEM-645771|PbGEM-646386|PbGEM-528219|PbGEM-092202|PbGEM-226213|PbGEM-027815|PbGEM-671045|PbGEM-332051|PBANKA_083330|PbGEM-646552|PbGEM-260156|PbGEM-196082|PbGEM-027807|PbGEM-528360|PbGEM-528078|PbGEM-260164	ACAGGGATTCA	442.5	360.5	704.0	0.0	30.0	186.0	631.5	0.0	10.0	129.0	665.5	522.0	0.0	0.0	74.0	73.0	221.5	497.0	430.5	346.0	849.5	0.0	18.0	186.5	602.5	0.0	35.0	137.5	640.0	558.5	2.0	2.0	52.0	57.0	193.0	512.5
PBANKA_083570	PbGEM-286754|PBANKA_083570|PbGEM-286746	AGCGGCGGGTG	304.5	218.5	86.5	1668.5	194.0	93.0	152.5	1916.5	145.5	66.5	45.0	52.0	1832.5	1824.5	222.0	316.5	204.0	282.5	292.0	202.0	89.0	1660.5	168.0	92.5	140.5	1507.5	128.5	65.5	73.0	63.0	1620.5	1893.5	238.5	218.0	169.5	258.5
PBANKA_083660	PBANKA_083660|PbGEM-286858|PbGEM-286850	ATTTTATCATC	544.0	394.5	2.5	120.0	537.0	604.5	4.0	73.0	391.5	388.5	0.0	0.0	59.5	88.5	981.0	1274.5	834.5	852.5	554.0	339.0	1.0	120.5	482.0	503.0	3.5	95.0	317.0	414.5	0.0	0.0	53.5	93.0	993.5	1385.0	705.0	936.5
PBANKA_090150	PbGEM-287050|PbGEM-287066|PbGEM-287058|PBANKA_090150	CTGACTTTCGG	433.5	316.0	2.0	1976.5	1001.5	562.0	1.0	2102.0	857.5	404.0	1.0	0.0	3283.0	3570.5	1116.5	1162.5	799.5	654.0	399.0	265.0	1.0	1908.0	813.5	529.0	1.0	1881.5	780.5	366.0	1.0	1.0	3125.5	3480.5	1163.0	990.0	611.5	684.0
PBANKA_090180	PbGEM-287098|PbGEM-287090|PbGEM-332211|PBANKA_090180|PbGEM-287106	GCAAATTTTTT	488.0	440.5	2358.5	0.0	139.0	47.5	2207.0	0.0	96.0	30.0	282.0	259.0	0.0	0.5	37.5	185.5	41.0	107.0	463.5	393.0	2598.0	0.0	129.0	51.0	2240.0	0.0	99.5	30.5	347.0	224.5	1.0	2.5	70.0	165.5	30.0	95.0
PBANKA_090270	PbGEM-287282|PbGEM-287274|PBANKA_090270|PbGEM-287290	CCGAGGGCACC	868.5	651.0	1941.0	695.0	999.5	1160.0	1660.0	719.5	701.5	791.5	3717.5	3495.5	767.5	844.0	25.0	11.0	26.5	34.5	921.0	639.5	2153.5	669.5	868.5	1154.0	1792.0	642.0	726.0	944.0	4364.0	3652.5	676.0	780.5	33.5	14.0	32.0	42.5
PBANKA_090400	PbGEM-287418|PbGEM-667357|PbGEM-287410|PBANKA_090400	CTAACCATGGC	532.0	410.0	0.0	351.5	301.0	385.0	0.0	340.5	201.0	245.0	0.0	1.0	585.0	638.0	321.5	389.0	370.5	325.0	531.5	343.0	0.0	355.5	199.0	402.5	0.0	296.5	154.0	307.5	0.0	0.0	498.5	640.5	332.5	345.0	321.0	368.5
PBANKA_090710	PbGEM-260884|PbGEM-029208|PbGEM-029200|PBANKA_090710	GCTTACGTCAA	371.5	322.5	178.0	199.0	136.5	363.0	166.5	177.0	95.0	256.5	2.0	0.0	13.0	23.0	221.5	278.0	163.0	90.5	384.0	296.0	199.0	187.0	125.0	333.0	125.5	172.0	82.5	280.5	2.5	0.0	14.0	23.0	246.5	253.5	131.0	97.0
PBANKA_090950	PbGEM-342188|PbGEM-332427|PbGEM-093000|PbGEM-237587|PbGEM-647419|PbGEM-670373|PBANKA_090950|PbGEM-029564|PbGEM-029556	GCTTCGTTATT	486.5	412.0	445.5	0.0	497.5	98.5	328.5	0.0	514.5	50.5	161.0	268.5	1.5	0.0	866.0	911.0	170.5	149.0	483.0	347.0	504.5	0.0	407.5	73.0	390.0	1.5	486.5	60.0	169.5	277.0	0.5	5.0	1003.0	911.0	140.0	141.5
PBANKA_091240	PBANKA_091240|PbGEM-288522|PbGEM-332523|PbGEM-288514	GCTCTGTCATC	389.0	345.5	0.0	1.0	160.0	279.5	0.0	1.0	123.5	189.5	0.0	1.0	0.0	0.0	196.0	312.0	279.5	317.5	348.5	317.5	0.0	0.0	109.5	278.5	0.0	1.0	89.0	211.5	2.0	0.0	0.0	3.5	197.0	239.0	239.5	243.5
PBANKA_091250	PbGEM-288538|PBANKA_091250|PbGEM-288530	AGGTCCTTGTT	557.0	461.5	839.0	0.0	681.0	588.5	583.5	1.0	376.0	333.5	838.0	924.0	0.0	0.0	739.5	965.5	766.5	634.0	621.5	422.5	887.5	0.0	544.5	551.0	691.5	0.0	411.5	375.0	961.0	878.5	2.5	4.5	843.5	833.5	658.0	616.5
PBANKA_091300	PbGEM-288594|PBANKA_091300|PbGEM-288586	TTCACTGCATG	471.5	418.5	0.0	0.0	218.0	98.5	0.0	0.0	172.5	85.5	0.0	0.0	0.0	0.0	0.0	0.0	0.0	0.0	534.0	297.5	0.0	1.0	174.0	113.0	0.0	0.0	142.0	53.5	1.0	0.0	0.0	0.5	0.0	0.0	0.0	0.0
PBANKA_091650	PbGEM-332659|PbGEM-289121|PbGEM-289129|PBANKA_091650	GTGACCTGGCT	511.5	470.5	0.0	8.5	23.0	48.0	1.0	4.0	18.0	30.0	0.0	0.0	0.0	0.0	46.5	53.5	59.5	12.0	550.0	408.0	0.0	4.0	18.5	46.5	0.0	8.0	4.0	37.0	0.0	0.0	0.0	0.0	45.0	41.5	41.0	15.5
PBANKA_092660	PbGEM-645755|PBANKA_092660|PbGEM-528063|PbGEM-241477|PbGEM-031772|PbGEM-121370|PbGEM-646370|PbGEM-528345|PbGEM-646536|PbGEM-528204|PbGEM-121290	TGTCCGGTGCC	490.0	377.0	286.5	140.0	848.0	565.0	264.0	121.5	525.5	384.5	91.0	54.0	116.0	237.5	650.0	864.5	524.5	780.0	516.5	322.0	305.0	132.5	641.5	503.5	256.5	97.0	515.5	362.0	142.5	55.0	109.5	238.0	704.0	813.0	472.0	823.0
PBANKA_092900	PbGEM-647459|PbGEM-242008|PbGEM-032128|PBANKA_092900|PbGEM-672293	CACTCTCTGCG	292.5	309.0	437.5	1187.0	212.5	100.5	721.0	1286.0	166.0	93.5	324.0	327.5	1655.0	2042.5	345.0	409.0	91.5	70.5	326.0	252.5	484.5	1178.0	201.5	96.5	680.0	1075.5	201.5	83.5	480.0	531.5	1109.0	1884.0	478.0	334.5	59.5	76.0
PBANKA_093040	PbGEM-290792|PBANKA_093040|PbGEM-647475|PbGEM-290800|PbGEM-664685	CCCAAGTAAGA	571.0	424.0	0.0	136.0	479.5	318.5	0.0	145.5	379.5	204.5	0.0	0.0	1.0	3.5	546.5	519.5	275.0	474.0	563.0	407.5	0.0	129.5	411.0	298.5	0.0	149.5	361.0	208.5	0.0	1.0	1.0	8.0	588.0	714.5	297.5	478.5
PBANKA_093150	PbGEM-646966|PbGEM-290888|PbGEM-342324|PbGEM-290896|PBANKA_093150|PbGEM-290880|PbGEM-333003	CACCCGTCCTG	345.5	253.0	235.0	1712.0	124.5	359.5	188.0	1689.5	99.5	279.5	195.0	234.0	2323.5	2951.0	91.5	70.0	442.5	494.0	353.0	226.0	267.5	2025.5	106.0	344.0	203.5	1533.5	105.0	315.5	197.0	242.0	1496.5	2894.5	95.5	105.0	403.0	503.0
PBANKA_093260	PBANKA_093260|PbGEM-647483|PbGEM-239492|PbGEM-032666	GAACCTGGACA	1442.0	1062.0	527.5	2383.0	1287.0	1252.0	466.0	2361.5	950.0	842.0	85.5	74.0	311.5	364.5	1471.0	1787.0	1355.5	1387.5	1459.0	1011.0	600.0	2239.5	1068.0	1139.5	475.0	2122.0	856.5	903.0	104.5	100.0	286.5	336.5	1583.0	1705.5	1216.5	1393.0
PBANKA_093290	PbGEM-239595|PbGEM-032706|PbGEM-645629|PBANKA_093290|PbGEM-032714|PbGEM-645697	TTCGGGATACG	627.5	488.0	37.0	118.5	776.5	199.0	25.5	118.0	509.5	106.5	58.0	48.5	54.0	63.0	865.5	896.5	553.0	416.0	589.0	393.0	31.0	107.5	667.5	173.0	22.5	86.0	493.0	114.0	56.0	32.0	62.5	71.5	924.5	822.5	500.5	394.0
PBANKA_093980	PbGEM-033693|PbGEM-333203|PbGEM-241174|PBANKA_093980|PbGEM-672645	CACTTGATGTT	497.0	488.0	736.5	0.0	20.5	8.0	698.0	0.0	15.5	13.5	125.0	97.0	0.0	0.0	42.0	5.0	32.0	0.0	487.5	387.0	867.5	0.0	20.0	17.5	710.5	0.0	13.0	13.5	123.0	116.5	0.0	1.0	41.5	15.5	35.0	1.0
PBANKA_094020	PBANKA_094020|PbGEM-033757|PbGEM-241251	CGAATCATTGT	466.0	442.0	0.0	0.0	5.0	7.0	0.0	0.0	9.0	5.5	0.0	0.0	0.0	0.0	0.0	0.0	1.0	0.0	477.0	376.5	0.0	0.0	1.0	12.0	0.0	0.0	8.0	5.0	0.0	0.0	0.0	0.0	0.0	0.0	0.0	0.0
PBANKA_100120	PBANKA_100120|PbGEM-292600|PbGEM-667733|PbGEM-292616|PbGEM-292608	CCGCAATTTTT	427.0	308.5	0.0	522.5	682.0	242.0	0.0	495.0	516.5	157.0	0.0	0.0	1113.0	1385.5	1027.5	1214.5	355.5	493.5	442.5	306.0	0.0	551.5	504.5	236.5	0.0	478.5	509.5	151.5	0.0	0.5	964.5	1204.0	1153.5	966.5	372.0	445.5
PBANKA_100760	PbGEM-262540|PbGEM-095838|PBANKA_100760	CTGAATGCTTA	0.0	0.0	0.0	0.0	0.0	0.0	0.0	0.0	0.0	0.0	0.0	0.0	0.0	0.0	0.0	0.0	0.0	0.0	0.0	0.0	0.0	0.0	0.0	0.0	0.0	0.0	0.0	0.0	0.0	0.0	0.0	0.0	0.0	0.0	0.5	0.0
PBANKA_100760	PBANKA_100760|PbGEM-333587|PbGEM-293600|PbGEM-293608	CTGCTGATTGC	544.5	453.0	0.0	2.0	69.0	79.0	0.0	0.0	46.5	58.0	0.0	0.0	0.0	0.0	43.0	63.0	140.0	62.5	540.0	397.0	0.0	0.0	63.5	58.0	0.0	0.0	56.5	48.0	0.0	0.0	0.0	0.0	56.0	48.5	123.0	64.0
PBANKA_100860	PBANKA_100860|PbGEM-293744	CCCGAAGTTGG	442.0	373.0	0.0	131.5	104.5	192.0	0.0	180.0	95.5	133.5	0.0	0.0	236.0	152.0	182.5	194.0	307.5	222.0	437.0	318.0	0.0	131.0	101.5	184.5	0.0	130.5	87.0	138.0	0.0	0.5	213.5	171.0	210.5	169.5	258.0	204.5
PBANKA_101210	PbGEM-294168|PbGEM-333755|PbGEM-294176|PbGEM-294160|PBANKA_101210	AAAAGGAAGGA	410.5	371.5	0.0	0.0	166.0	19.5	0.0	0.0	107.0	13.0	0.0	0.0	0.0	0.0	210.0	193.5	26.0	21.5	393.5	322.0	0.0	1.0	108.5	30.0	0.0	0.0	90.0	13.0	0.0	0.0	0.0	3.0	211.0	159.0	23.5	26.0
PBANKA_101330	PbGEM-262964|PBANKA_101330|PbGEM-112397|PbGEM-096287|PbGEM-036210|PbGEM-647531|PbGEM-036218	AGACTACAGAC	425.0	352.0	200.5	0.0	474.0	621.0	162.5	0.0	328.5	407.0	619.5	744.5	0.5	0.0	386.0	683.5	501.0	675.0	436.0	297.5	259.0	1.0	428.5	562.0	215.0	0.0	323.5	396.0	651.5	817.5	3.5	4.5	431.5	547.0	429.0	620.0
PBANKA_101910	PbGEM-037088|PbGEM-096621|PBANKA_101910|PbGEM-647563|PbGEM-263388|PbGEM-333987	GCAGTCCCAAC	456.0	399.0	1.0	0.0	66.5	0.0	1.0	0.0	35.5	0.0	0.0	0.0	0.0	0.0	112.0	84.5	0.0	1.0	443.0	345.5	0.0	0.0	42.5	0.0	0.0	1.0	42.0	1.0	0.0	0.0	0.0	2.0	134.0	67.0	0.0	0.0
PBANKA_102260	PbGEM-263644|PbGEM-646717|PbGEM-647579|PbGEM-037587|PBANKA_102260|PbGEM-096860|PbGEM-342468|PbGEM-096868	TCGTGCACACG	437.0	326.5	0.0	0.0	182.5	92.5	0.0	0.0	143.0	57.0	0.0	0.0	0.0	0.0	51.5	61.0	123.0	178.0	397.5	287.0	0.0	0.0	141.5	82.0	0.0	0.0	129.0	61.0	0.0	0.0	0.5	2.0	72.0	45.5	126.5	157.5
PBANKA_102390	PbGEM-334091|PbGEM-295614|PbGEM-295606|PBANKA_102390	CATAACGTAGC	552.0	467.5	503.0	209.5	120.0	266.5	505.5	195.0	99.0	189.0	182.5	168.5	71.0	61.0	112.5	63.5	295.5	342.5	549.5	364.5	578.5	209.5	95.5	233.0	411.0	205.5	76.0	184.5	211.0	183.5	32.5	51.5	109.0	54.5	182.0	300.5
PBANKA_102460	PbGEM-295718|PbGEM-295702|PbGEM-295710|PBANKA_102460|PbGEM-334115	CGAGTATGCTT	689.0	651.5	25.0	1.0	158.5	49.5	14.0	0.0	141.0	51.5	30.0	16.0	0.0	0.0	105.0	124.5	56.0	73.5	668.5	595.0	32.0	0.0	142.5	38.5	22.5	0.0	140.5	36.0	28.0	24.0	0.0	2.0	110.5	125.0	36.5	78.0
PBANKA_102720	PBANKA_102720|PbGEM-334219|PbGEM-296086|PbGEM-296078	CAGGTTGGTAG	954.0	720.0	2.0	1537.0	289.0	271.5	0.0	1703.0	198.0	163.5	1.0	1.0	1029.5	1457.0	844.0	639.0	429.5	412.5	963.5	696.5	0.0	1604.0	238.0	239.0	1.0	1498.5	201.5	269.0	0.0	1.0	927.0	1398.5	897.5	578.5	531.0	449.0
PBANKA_102910	PbGEM-296326|PBANKA_102910|PbGEM-296318	TGGTGAATAAA	550.5	415.5	0.0	1.0	215.0	507.0	0.0	0.0	125.0	302.5	0.0	0.5	0.0	1.0	339.5	312.5	519.5	549.0	547.5	360.5	0.0	0.0	176.5	495.0	0.0	0.0	136.5	294.5	0.0	0.0	0.0	2.0	322.0	233.5	532.0	523.0
PBANKA_103240	PbGEM-334371|PBANKA_103240|PbGEM-097484|PbGEM-038941|PbGEM-242284	TTTGAGATCTC	1166.0	1009.0	552.0	0.0	272.0	186.0	476.5	0.5	172.0	110.5	462.5	462.0	0.0	0.0	122.0	255.0	272.0	238.5	1167.0	967.5	655.5	0.0	212.0	188.0	507.5	1.0	163.0	157.5	588.0	567.0	2.0	2.0	119.0	230.5	237.0	242.5
PBANKA_103270	PbGEM-296750|PbGEM-334379|PbGEM-674093|PbGEM-296734|PBANKA_103270|PbGEM-296742	ATTACTCTTAA	620.5	458.0	3285.5	25.0	67.0	106.5	3001.5	29.0	61.0	82.0	968.5	1170.0	14.0	1.0	32.0	35.5	37.5	16.0	661.5	454.5	3804.5	31.0	67.5	111.5	2807.0	26.5	73.5	76.0	1284.0	1323.5	15.0	2.5	51.0	31.5	37.5	21.0
PBANKA_103980	PbGEM-334603|PbGEM-297590|PBANKA_103980|PbGEM-297598	CTGACTGTATA	513.5	403.5	1.0	26.5	668.0	410.5	3.0	21.0	499.5	260.0	0.0	15.0	18.0	60.5	671.5	549.0	512.0	347.0	524.5	312.5	1.0	21.0	515.5	399.5	2.5	20.0	366.5	300.5	0.0	18.0	32.0	49.0	757.5	448.0	458.5	379.5
PBANKA_110090	PbGEM-297797|PbGEM-668917|PBANKA_110090|PbGEM-297805	GCAAATATAAA	552.5	488.0	0.0	16.0	200.0	114.0	0.0	9.0	157.0	61.5	0.0	0.0	26.5	0.0	504.0	486.5	74.0	133.0	530.5	416.5	0.0	14.5	184.5	114.0	0.0	12.0	158.5	60.5	0.0	0.0	25.0	2.0	585.5	424.0	60.0	129.5
PBANKA_110490	PbGEM-342556|PbGEM-646745|PBANKA_110490|PbGEM-245326|PbGEM-040697	CCCTCGGGTGC	521.5	424.5	0.0	0.0	467.0	87.5	1.0	0.0	332.5	65.0	0.0	0.0	0.0	0.0	410.0	746.0	159.0	144.5	541.0	361.5	1.0	0.0	398.0	103.0	3.0	0.0	348.5	99.0	0.0	0.0	0.0	3.0	439.5	643.5	117.0	148.5
PBANKA_110700	PbGEM-647643|PbGEM-298613|PbGEM-298629|PBANKA_110700|PbGEM-298621	AGCTTGGGCCG	456.5	430.5	0.0	1.0	107.0	32.0	0.0	0.0	77.5	29.0	0.0	0.0	0.0	1.0	248.5	235.5	59.5	69.0	462.0	376.0	0.0	0.0	98.0	32.0	0.0	0.0	69.5	19.0	0.0	0.0	0.0	1.5	233.0	238.5	75.5	42.0
PBANKA_111690	PbGEM-299739|PbGEM-647731|PbGEM-646978|PBANKA_111690|PbGEM-299747|PbGEM-335155	CACTTTGACCA	455.0	415.5	479.5	28.0	443.0	343.5	398.0	22.0	272.5	279.0	314.0	408.5	91.0	171.0	471.0	534.5	526.5	581.0	541.5	369.0	545.0	23.5	351.0	367.0	413.5	25.0	300.5	290.5	381.0	466.0	79.5	160.0	529.5	453.5	490.0	578.0
PBANKA_111920	PBANKA_111920|PbGEM-335227|PbGEM-245682|PbGEM-042760|PbGEM-042768	TTATCCAAGGG	449.5	416.5	321.0	1269.5	38.5	41.5	266.0	1234.5	20.5	31.5	104.5	113.0	265.5	250.5	11.0	3.0	22.5	13.0	483.0	334.5	341.5	1263.0	29.0	37.5	291.0	1112.0	13.5	22.0	136.0	106.0	263.5	231.0	16.0	8.0	20.5	24.0
PBANKA_112120	PbGEM-665477|PbGEM-646824|PBANKA_112120|PbGEM-300355|PbGEM-300363|PbGEM-300347	GCGCGGCATGA	272.5	266.5	45.0	466.5	31.0	129.5	42.0	505.0	25.0	68.5	10.0	17.0	363.0	367.0	39.0	216.5	122.5	148.0	267.5	212.5	59.0	513.5	28.0	127.0	50.5	498.0	18.0	76.5	10.0	28.0	344.0	363.0	59.5	57.5	146.5	155.5
PBANKA_112140	PbGEM-300395|PbGEM-300403|PbGEM-300411|PbGEM-300387|PBANKA_112140	CACAGAGATCT	481.5	411.0	0.5	0.0	493.0	293.0	0.0	0.0	435.5	172.0	1.0	0.0	0.0	0.5	181.0	337.5	361.5	155.0	444.5	376.5	0.0	0.0	356.0	259.5	0.0	0.0	390.0	218.5	0.0	1.0	0.0	8.0	198.0	276.5	302.5	189.5
PBANKA_112390	PbGEM-043415|PBANKA_112390|PbGEM-645723|PbGEM-645652|PbGEM-247136	CTCATATAGCG	1314.0	999.0	5346.0	301.5	1904.5	2124.0	5251.5	338.0	1425.0	1394.5	6156.5	6667.5	478.0	531.0	1723.0	2573.5	3012.5	3152.0	1324.0	925.5	6278.0	327.5	1640.5	1847.0	5147.5	260.0	1364.5	1449.0	7392.5	7312.0	535.0	486.5	2163.5	2240.5	2764.5	3330.5
PBANKA_112470	PbGEM-099655|PbGEM-335379|PbGEM-099647|PBANKA_112470|PbGEM-043543|PbGEM-647755|PbGEM-247343	TCGGGGACCCT	473.5	377.5	0.0	0.0	114.5	21.0	0.0	0.0	105.0	12.5	0.0	0.0	0.0	0.0	58.0	78.5	14.0	35.0	406.0	347.5	0.0	0.0	94.0	38.0	0.0	0.0	83.0	17.0	0.0	0.0	0.0	1.5	66.0	71.5	18.0	29.0
PBANKA_113230	PbGEM-100268|PbGEM-335683|PBANKA_113230|PbGEM-245172|PbGEM-100276|PbGEM-647771	AACATCCGGCG	460.0	393.0	0.0	0.0	128.5	5.0	0.0	0.0	83.5	15.0	0.0	0.0	0.0	0.0	72.0	200.0	20.0	0.0	436.5	376.0	0.5	1.0	110.5	7.0	0.0	0.0	104.0	4.0	0.0	0.0	1.0	0.0	116.0	140.5	25.0	0.0
PBANKA_113420	PbGEM-667941|PbGEM-245854|PBANKA_113420|PbGEM-342684|PbGEM-044835|PbGEM-044827	AAATGCCGCGA	143.5	111.5	288.5	72.5	64.0	75.0	254.0	64.5	49.5	49.0	317.0	210.0	51.0	63.5	145.5	81.0	62.5	62.0	154.0	107.0	353.0	91.0	53.0	64.0	235.5	55.0	54.0	48.0	350.5	231.0	58.5	104.5	163.5	60.5	61.5	52.5
PBANKA_113870	PbGEM-302554|PbGEM-335859|PbGEM-645684|PbGEM-645741|PbGEM-302562|PBANKA_113870	TTGGGTCACCC	491.0	382.0	4.0	193.5	30.0	15.5	2.0	215.5	17.5	14.0	0.0	0.0	285.0	178.0	1.0	14.0	22.5	8.0	537.5	331.5	9.0	217.5	18.0	12.0	3.0	183.5	14.0	13.5	0.0	0.0	238.5	142.0	5.5	13.0	25.0	10.5
PBANKA_113980	PbGEM-045681|PbGEM-045689|PBANKA_113980|PbGEM-247428	CATGGATGGGC	574.5	478.5	0.0	559.5	4.0	280.0	1.0	645.0	7.5	189.0	0.0	0.0	13.0	0.0	10.0	0.0	0.0	0.0	619.5	434.0	0.0	547.5	4.0	222.0	0.0	512.0	2.0	189.5	0.0	0.0	14.0	0.0	13.0	0.0	0.0	0.0
PBANKA_114310	PbGEM-303090|PBANKA_114310|PbGEM-647803|PbGEM-303098|PbGEM-303082	GCCGCGTGCCA	206.0	134.0	270.0	878.0	194.0	435.0	218.5	892.5	164.0	289.5	201.0	156.5	1351.0	1272.5	78.5	76.0	113.0	94.5	194.0	115.5	299.5	923.5	175.0	410.0	260.5	807.0	189.0	295.5	243.0	174.5	1094.5	1190.0	88.0	77.0	78.5	86.5
PBANKA_120060	PbGEM-303554|PBANKA_120060|PbGEM-303546|PbGEM-303538	TCCTACTCTCC	582.5	447.0	1003.5	1217.5	390.5	614.0	817.0	1115.0	281.5	384.0	1641.0	1795.0	2586.5	2738.5	533.5	604.5	928.5	1022.0	628.0	367.0	1121.5	1227.5	343.5	562.0	886.0	1162.5	244.0	361.0	1970.5	1863.0	2564.5	2653.0	835.5	505.0	833.0	982.5
PBANKA_120230	PbGEM-303794|PBANKA_120230|PbGEM-303786|PbGEM-647835	TCAACACCGCG	127.0	118.0	22.0	0.0	308.5	157.5	23.0	0.0	247.5	85.5	81.5	87.5	0.5	0.0	0.0	0.0	0.0	0.0	141.0	104.0	23.0	0.0	260.5	107.0	38.0	0.5	202.5	111.0	144.0	108.5	0.5	0.0	0.0	0.0	0.0	0.0
PBANKA_120360	PBANKA_120360|PbGEM-303978|PbGEM-303986	GGTTCTTGAAA	568.5	450.0	222.5	2.0	1404.0	299.5	153.5	0.5	1033.0	175.5	513.5	428.5	0.0	0.0	1928.0	2023.0	319.5	478.0	611.0	411.0	246.5	0.0	1074.5	289.5	186.5	2.0	912.5	181.5	595.5	475.0	3.0	22.0	2169.0	1749.5	284.5	439.0
PBANKA_120520	PbGEM-536091|PbGEM-671965|PbGEM-336187|PBANKA_120520|PbGEM-304274|PbGEM-304282	CATGACGGTGG	707.5	509.5	2284.5	1397.5	580.0	669.0	2126.5	1502.0	483.0	503.0	3854.0	4682.0	1207.0	1180.0	462.5	317.5	594.5	510.5	696.5	461.5	2628.0	1352.5	508.0	618.5	2032.5	1333.5	416.0	413.5	4857.5	5019.0	1369.5	1130.5	507.5	294.5	459.5	556.5
PBANKA_120530	PbGEM-047180|PBANKA_120530|PbGEM-647867|PbGEM-251303|PbGEM-047172|PbGEM-671973	TCGGGCAGAGC	154.5	123.5	6.0	250.5	152.5	69.0	3.0	246.0	145.0	60.0	6.0	20.0	466.0	608.5	0.0	5.0	5.0	10.0	178.5	124.0	8.0	244.0	159.0	69.0	2.0	258.5	131.5	64.0	8.0	30.0	418.5	563.0	0.0	0.0	12.0	3.0
PBANKA_120540	PbGEM-304306|PbGEM-304290|PbGEM-304298|PBANKA_120540	TTAGGTCTCAA	495.0	394.5	0.0	0.0	87.5	429.0	0.0	0.0	38.0	261.0	1.0	0.0	0.0	0.5	107.5	48.0	437.0	509.0	478.5	356.5	0.0	0.0	62.5	405.5	0.0	0.0	44.0	300.0	0.0	0.0	1.0	2.0	86.5	27.0	355.0	459.0
PBANKA_120770	PBANKA_120770|PbGEM-671717|PbGEM-304586|PbGEM-304578	CACGGTCATAG	505.5	408.5	3.5	2119.5	253.5	327.0	8.0	2157.0	170.5	250.0	1.0	1.0	1108.0	1032.0	85.0	91.0	242.5	146.0	509.0	383.0	4.0	2195.5	193.0	328.5	5.0	1930.5	160.5	250.0	1.0	1.0	1080.0	1126.5	88.5	202.0	203.5	173.0
PBANKA_120780	PBANKA_120780|PbGEM-304594|PbGEM-304602	ATTTGGTGCCG	1509.5	1144.0	725.5	2966.5	1444.5	1093.5	656.5	2948.5	1095.0	749.5	772.5	972.0	4178.5	4390.5	2253.5	2793.5	2038.0	1764.0	1449.5	954.0	819.0	2909.0	1161.0	996.5	638.5	2563.0	901.0	767.5	1085.0	1073.0	3830.0	3993.5	2270.5	2480.5	1670.5	1667.5
PBANKA_121590	PbGEM-305690|PBANKA_121590|PbGEM-336523	ACGAGCGAACG	461.5	379.0	0.0	0.0	134.0	155.5	0.0	1.0	74.5	116.0	2.0	0.0	0.0	0.0	0.0	0.0	0.0	0.0	468.0	356.0	1.0	1.0	116.0	150.0	0.0	0.0	87.5	103.5	0.0	1.0	0.0	1.0	0.0	0.0	0.0	0.0
PBANKA_121960	PbGEM-306178|PbGEM-336643|PbGEM-306170|PBANKA_121960	AGATTGCCCAC	331.5	281.0	0.0	73.0	122.5	136.5	0.0	60.5	122.0	74.5	0.0	0.0	107.0	87.0	190.0	125.0	55.5	68.0	317.0	249.5	0.5	62.5	125.0	119.5	0.0	66.5	96.5	74.0	0.0	0.0	77.5	91.5	186.0	130.0	53.0	70.0
PBANKA_122090	PbGEM-336675|PBANKA_122090|PbGEM-306346|PbGEM-306354|PbGEM-306362	TAGTCCTTTAT	449.0	370.5	0.0	0.0	96.5	371.0	0.0	0.0	55.0	278.5	0.0	0.0	0.0	0.0	112.0	76.0	500.0	329.5	460.5	283.5	0.0	0.0	73.0	371.0	0.0	0.0	64.0	234.0	0.0	0.0	0.0	1.0	109.5	65.0	408.0	357.0
PBANKA_122520	PbGEM-050039|PBANKA_122520|PbGEM-342900|PbGEM-251569|PbGEM-050031|PbGEM-536315|PbGEM-667165	GTTAGTAACAC	541.0	494.5	197.5	3460.0	6525.5	6109.5	400.5	10535.0	15066.5	13042.5	265.0	376.0	1904.5	2090.5	5438.0	6139.0	5347.5	5328.0	542.0	355.0	212.0	3286.5	5540.0	5643.0	464.5	9236.0	14554.5	12666.0	332.0	451.0	1778.0	2138.5	5641.5	5221.5	4945.0	5347.0
PBANKA_122550	PbGEM-251696|PbGEM-050079|PbGEM-050087|PBANKA_122550	GGCGCTCAGGG	300.0	249.0	0.5	0.0	238.5	67.0	1.0	0.0	180.0	69.0	0.0	1.0	0.0	0.0	124.0	192.0	112.5	96.0	299.5	256.5	0.0	0.0	199.5	98.5	0.0	0.0	158.0	56.5	0.0	0.0	0.0	4.0	144.0	165.5	105.0	83.5
PBANKA_123200	PBANKA_123200|PbGEM-307858|PbGEM-337019|PbGEM-307850|PbGEM-307842	CCCATTAATGG	598.0	425.5	600.0	0.0	567.0	479.0	520.5	0.0	449.0	363.5	1969.0	2024.0	0.0	0.0	692.5	718.0	677.5	646.5	612.5	480.5	696.0	0.0	448.0	430.5	534.0	0.0	363.5	335.0	2296.0	2147.0	6.0	11.5	667.5	591.5	505.0	677.0
PBANKA_123280	PbGEM-337027|PbGEM-308010|PBANKA_123280|PbGEM-308002|PbGEM-671053	CCCGTTGCGCA	317.5	252.5	0.0	789.0	53.5	0.0	0.0	770.5	44.0	0.0	0.0	0.0	1928.5	2017.5	71.0	35.0	0.5	0.0	361.5	199.0	0.5	781.5	43.0	0.0	2.5	703.5	49.5	0.0	0.0	0.0	1859.5	1939.5	74.5	42.0	0.0	0.0
PBANKA_123340	PBANKA_123340|PbGEM-308114|PbGEM-308106|PbGEM-670789	AATAGCACACT	427.5	392.5	895.0	1172.5	394.0	683.5	866.0	1225.0	276.5	430.5	81.5	36.0	96.0	110.0	4.0	0.0	34.5	54.5	430.0	290.5	1089.0	1198.0	330.0	606.5	893.0	1140.0	261.5	445.0	96.5	47.5	91.5	120.0	8.0	0.0	25.0	52.0
PBANKA_123880	PbGEM-051926|PBANKA_123880|PbGEM-664669|PbGEM-261596	TCCAGGCAGAA	572.5	479.0	0.0	0.0	6.0	0.0	0.0	0.0	18.0	0.0	0.0	0.0	0.0	0.0	2.0	4.0	0.0	0.0	598.0	399.5	0.0	0.0	4.0	0.0	0.0	0.0	9.5	0.0	0.0	0.0	0.0	0.5	2.0	2.0	0.0	0.0
PBANKA_124240	PBANKA_124240|PbGEM-309089|PbGEM-309105|PbGEM-309097	TACTAGGTATG	367.5	256.5	1.5	0.0	140.5	400.5	0.0	0.0	85.0	234.5	0.0	0.0	0.0	0.0	156.0	111.0	373.5	320.0	435.5	185.5	0.0	2.0	102.5	356.5	0.0	1.0	101.5	208.0	0.0	0.5	0.0	2.0	181.0	136.0	336.5	389.5
PBANKA_124570	PBANKA_124570|PbGEM-670077|PbGEM-309673|PbGEM-309681	CGAAATGTACG	575.0	406.5	0.0	0.0	181.0	225.5	0.0	0.0	131.0	150.0	0.0	0.0	0.0	0.0	240.5	143.0	238.0	122.0	515.5	344.0	0.0	0.0	134.5	230.0	0.0	0.0	125.0	162.0	0.0	0.0	0.0	2.0	207.5	151.0	181.0	100.0
PBANKA_124670	PbGEM-052974|PbGEM-665133|PbGEM-052982|PBANKA_124670|PbGEM-262148	AGTGCACACTC	569.0	465.0	605.5	939.0	1113.5	896.5	528.5	912.5	728.5	560.5	1134.5	966.5	2264.0	2229.0	2647.5	2829.0	2013.5	2493.0	567.5	406.5	726.5	924.0	891.0	804.0	562.5	775.5	685.0	550.0	1264.0	1040.5	2107.0	1983.0	2889.0	2805.5	1898.0	2475.0
PBANKA_130230	PBANKA_130230|PbGEM-337419|PbGEM-310239|PbGEM-310231	CTTAGAATTAT	490.0	385.5	0.0	0.0	102.0	416.0	0.0	1.0	97.5	247.0	0.0	0.0	0.0	0.0	97.0	71.5	262.0	179.0	468.0	326.0	1.0	0.5	89.0	372.5	1.0	1.5	86.5	258.5	0.0	0.0	0.0	1.0	128.0	51.5	214.5	174.5
PBANKA_130280	PBANKA_130280|PbGEM-646743|PbGEM-053427|PbGEM-262364|PbGEM-337443|PbGEM-342972|PbGEM-053419	GAGATGGCATC	567.0	471.0	1032.5	0.5	1400.0	460.5	908.0	2.0	1037.0	302.5	923.5	917.5	0.0	1.0	1565.0	1423.5	521.5	539.0	622.5	447.5	1181.5	0.5	1167.0	430.5	948.0	2.0	1020.0	322.0	1018.0	1056.5	4.0	16.0	1776.5	1220.5	492.5	542.5
PBANKA_130310	PbGEM-310327|PBANKA_130310|PbGEM-310335|PbGEM-664253|PbGEM-310319	TTATCTTCCGC	808.5	678.5	466.5	706.5	798.5	446.5	361.0	741.0	560.0	310.5	158.0	276.0	833.5	979.0	0.0	0.0	6.0	35.0	908.5	637.5	536.0	638.0	644.0	468.0	512.0	654.5	498.0	357.5	219.5	334.0	738.0	1014.5	0.0	0.0	14.0	31.0
PBANKA_130440	PbGEM-053676|PbGEM-247745|PBANKA_130440|PbGEM-104644	CATGAGATCTC	0.0	0.0	0.0	0.0	0.0	0.0	0.0	0.0	0.0	0.0	0.0	0.0	0.0	0.0	0.0	0.0	0.0	0.0	0.0	0.0	0.0	0.0	0.0	0.0	0.0	0.0	0.0	0.0	0.0	0.0	0.0	0.0	0.0	0.0	0.0	0.5
PBANKA_130440	PBANKA_130440|PbGEM-310519|PbGEM-310535|PbGEM-310527	AAATAAATTAG	427.0	313.5	233.0	0.0	183.0	205.0	176.5	0.0	149.0	133.5	378.0	387.0	0.0	0.0	0.0	3.0	0.0	0.0	450.5	296.0	230.0	0.0	146.5	184.0	223.0	0.0	114.5	159.5	422.0	415.5	0.0	1.0	0.0	0.5	0.0	5.0
PBANKA_130520	PbGEM-528374|PbGEM-645785|PbGEM-528092|PbGEM-646566|PBANKA_130520|PbGEM-646400|PbGEM-053796|PbGEM-248075|PbGEM-053804|PbGEM-528233|PbGEM-104709	GCCCGGCGGGT	185.0	151.5	0.5	0.0	183.0	146.0	0.0	0.0	116.5	120.0	0.0	0.0	0.0	0.0	150.5	192.0	139.5	160.0	181.0	109.5	0.0	0.0	153.0	151.0	0.0	0.0	130.5	106.0	0.0	0.0	0.0	2.0	160.5	104.5	106.5	169.5
PBANKA_130670	PbGEM-337539|PbGEM-310879|PbGEM-310871|PBANKA_130670	TCCCTCAAGAT	439.5	355.5	0.0	1638.5	174.5	318.0	0.0	1760.5	105.5	195.0	1.0	0.0	393.5	446.5	163.5	229.0	277.0	366.0	403.5	306.0	2.5	1589.0	139.0	288.0	1.0	1585.5	108.0	245.0	0.0	1.0	390.5	401.5	176.5	160.5	227.0	374.5
PBANKA_131150	PBANKA_131150|PbGEM-646831|PbGEM-311431|PbGEM-311439	CGTTTGCTGGG	531.5	344.0	137.5	2540.0	540.5	244.5	143.5	2731.0	436.0	189.5	157.5	125.5	3223.5	3295.5	428.0	606.0	257.0	227.5	496.5	345.0	164.5	2540.5	430.5	236.0	152.0	2364.0	392.0	227.0	224.5	160.0	3129.5	3306.5	435.5	613.0	185.0	222.0
PBANKA_131490	PbGEM-671141|PbGEM-467272|PbGEM-527347|PBANKA_131490|PbGEM-311869|PbGEM-527331|PbGEM-311861|PbGEM-311877|PbGEM-527339	TTTACTCGGGA	555.0	420.5	1382.0	1230.0	650.5	614.5	1199.0	1323.5	544.0	461.0	1650.0	2051.5	1340.0	1628.0	685.0	981.5	951.0	1128.0	531.0	360.5	1577.0	1092.5	607.0	621.0	1031.5	1164.5	483.5	448.0	2240.5	2048.0	1325.0	1304.0	797.0	656.5	817.5	1112.5
PBANKA_131530	PbGEM-055262|PBANKA_131530|PbGEM-055270|PbGEM-252104|PbGEM-105309	CCTCCATATGT	539.0	384.5	406.5	835.0	553.5	1132.0	333.5	891.0	438.5	805.0	2320.0	2472.0	1403.0	1829.5	565.0	613.5	1622.5	1560.0	547.5	357.5	463.0	768.5	485.0	1071.5	382.0	854.5	371.5	820.0	2834.0	2559.0	1141.5	1658.5	612.0	537.5	1360.5	1510.5
PBANKA_131800	PbGEM-673285|PbGEM-337851|PbGEM-105530|PBANKA_131800|PbGEM-253013|PbGEM-105538	CGCCCTGTTTG	95.5	82.5	3.0	0.0	41.0	0.0	2.0	0.0	27.0	0.0	9.0	32.5	0.0	0.0	67.0	34.0	0.0	0.0	132.0	72.0	3.0	0.0	30.0	2.0	1.0	0.0	21.0	0.0	6.5	17.0	0.0	2.0	91.0	51.5	0.0	0.0
PBANKA_131910	PbGEM-461628|PbGEM-312437|PBANKA_131910|PbGEM-312445|PbGEM-312453|PbGEM-337899|PbGEM-461662|PbGEM-668373	ACAGATCTGCG	526.5	420.0	24.0	3056.5	125.5	756.0	23.0	3142.0	70.5	504.0	27.0	1.0	76.5	124.0	142.0	174.0	736.0	663.5	555.0	375.0	48.0	2961.5	96.0	653.0	35.5	2725.5	93.0	464.5	28.0	2.0	85.5	137.0	116.5	152.0	540.0	613.0
PBANKA_131970	PbGEM-312525|PbGEM-312509|PbGEM-312517|PbGEM-337923|PBANKA_131970|PbGEM-647939	AGGTCGTCCTC	384.0	362.5	99.0	0.5	183.0	368.0	83.0	0.0	147.0	210.5	105.0	99.0	0.0	0.0	155.5	304.0	657.0	453.0	383.0	321.0	123.5	1.0	156.5	318.5	98.0	0.5	109.5	205.0	126.5	122.0	0.0	1.0	159.5	315.5	582.0	489.5
PBANKA_133720	PbGEM-058237|PbGEM-251670|PBANKA_133720	GCTACCTCCGA	394.0	335.0	0.0	341.0	209.5	10.0	0.0	369.5	145.5	4.0	1.0	1.0	323.5	361.5	225.5	277.0	12.5	51.5	364.0	307.0	0.0	309.0	141.0	9.0	0.0	296.0	130.5	6.0	0.0	1.5	297.5	309.5	255.5	219.5	17.0	46.0
PBANKA_134230	PbGEM-058924|PbGEM-058916|PBANKA_134230|PbGEM-671237|PbGEM-253428	ATCGATACATA	474.5	431.0	32.0	0.5	58.0	153.0	31.5	0.0	50.0	89.0	103.5	62.5	0.0	0.0	64.5	30.5	77.5	139.5	436.0	393.0	52.5	2.0	71.5	165.5	33.0	0.0	44.5	108.0	95.0	75.0	0.0	2.0	54.0	38.5	74.0	138.0
PBANKA_134420	PBANKA_134420|PbGEM-315755|PbGEM-315747	TAGAATAAAGC	476.5	436.5	0.0	85.0	175.0	75.5	0.0	79.0	131.5	44.5	0.0	0.0	121.5	135.0	94.0	46.0	47.0	66.0	470.0	394.5	0.0	71.5	144.0	60.5	0.0	95.5	114.0	50.5	1.0	0.0	100.0	138.5	119.0	51.0	50.0	52.0
PBANKA_134630	PbGEM-059527|PbGEM-059519|PbGEM-254969|PbGEM-107625|PBANKA_134630	TTGTAGCCTCT	563.0	422.5	147.5	610.5	1678.5	2034.0	122.5	608.5	1127.5	1281.5	175.5	106.5	771.5	685.0	1924.0	2381.5	2423.5	2705.0	504.5	375.0	183.0	624.5	1483.0	1870.0	163.0	528.5	1156.0	1325.0	225.5	96.0	678.0	630.0	2237.5	2074.5	2115.5	2500.0
PBANKA_135250	PbGEM-338875|PbGEM-060427|PbGEM-060435|PBANKA_135250|PbGEM-251268	ACTCGTGAACT	523.5	459.0	0.0	0.0	95.5	158.5	0.0	0.0	83.5	127.5	0.0	0.0	0.0	0.0	128.0	157.0	111.5	161.0	490.0	395.0	0.0	0.0	78.5	139.5	0.0	0.0	66.5	109.5	0.0	0.0	0.0	0.0	103.5	123.0	107.5	172.5
PBANKA_135890	PbGEM-061338|PBANKA_135890|PbGEM-108596|PbGEM-467288|PbGEM-253597	CCTAATTTGCT	576.5	465.0	2819.0	4079.0	2639.5	1791.0	2549.0	4382.5	1964.5	1182.5	131.5	226.0	299.5	244.0	2820.0	3325.5	2090.0	2116.0	601.0	404.5	3427.0	4123.5	2337.0	1668.5	2747.0	3908.5	1787.0	1211.0	162.5	254.5	265.0	272.5	3152.5	2856.0	1861.0	2232.0
PBANKA_135960	PbGEM-061450|PbGEM-061442|PBANKA_135960|PbGEM-253840|PbGEM-646722	CCCTCAAATAC	774.5	770.0	492.0	1.0	384.0	834.0	456.5	3.0	354.5	675.5	694.0	803.0	0.0	0.0	0.0	49.5	82.5	99.0	792.0	672.0	584.0	3.0	376.5	753.5	422.5	7.0	320.5	650.0	793.5	830.5	1.5	5.0	1.0	28.0	184.5	124.0
PBANKA_135970	PbGEM-253875|PbGEM-061466|PbGEM-343204|PbGEM-646730|PBANKA_135970|PbGEM-339139|PbGEM-061458	GTTTAAGCTTT	1222.5	1020.0	2850.0	2636.0	2519.5	1398.0	2556.5	2678.5	1842.5	919.5	144.0	100.5	70.5	36.0	2938.5	3739.0	1734.5	2059.5	1164.5	931.5	3303.5	2556.5	2191.0	1333.5	2533.0	2293.5	1797.5	884.5	189.0	82.0	71.5	56.0	3312.5	3308.5	1433.0	1969.5
PBANKA_136190	PbGEM-061754|PBANKA_136190|PbGEM-061762|PbGEM-254598	TAAGCCCTCCT	504.5	401.5	1380.0	838.0	372.5	573.5	1214.0	961.0	221.5	357.5	1121.5	1137.5	1047.0	1380.0	770.0	725.0	1033.5	863.5	536.0	343.0	1666.0	817.0	354.5	497.0	1080.0	752.0	239.0	376.5	1371.5	1257.5	946.0	1292.5	748.0	708.5	877.0	1103.5
PBANKA_140070	PbGEM-062347|PBANKA_140070|PbGEM-062339|PbGEM-646760|PbGEM-670517|PbGEM-256133|PbGEM-339299	TTTCCAGAATA	463.5	382.5	250.0	0.0	195.0	104.5	312.5	0.0	246.5	126.5	146.5	186.5	0.0	0.0	85.0	109.0	131.5	100.0	426.0	385.5	268.0	0.0	141.0	118.5	312.0	0.5	233.5	136.0	183.0	184.0	1.0	10.5	105.0	120.0	117.0	122.0
PBANKA_140480	PbGEM-252230|PBANKA_140480|PbGEM-109406|PbGEM-664469|PbGEM-062954|PbGEM-339467	GTTTAAGTGCT	527.0	461.0	39.0	0.5	161.0	514.0	27.0	1.0	169.0	574.0	4.0	2.0	0.0	0.0	138.0	142.0	427.0	673.0	532.5	407.5	34.0	0.0	181.5	479.5	32.0	0.0	164.5	572.5	1.0	1.0	0.5	4.0	143.0	112.5	455.5	665.5
PBANKA_140500	PbGEM-339475|PbGEM-062978|PbGEM-062986|PBANKA_140500|PbGEM-669061|PbGEM-252310	TACTGGCAGTA	467.5	386.5	0.0	0.0	161.0	55.0	0.0	0.0	116.0	27.5	0.0	1.0	0.0	1.0	54.0	69.5	3.0	7.0	427.0	369.0	0.0	0.0	124.5	47.5	0.0	0.0	114.0	40.0	0.0	0.0	0.0	2.0	69.5	50.0	0.0	15.0
PBANKA_140520	PbGEM-063018|PBANKA_140520|PbGEM-252391|PbGEM-109429	GATTACGTAAA	0.0	0.0	0.0	0.0	0.0	0.0	0.0	0.0	0.0	0.0	0.0	0.0	0.0	0.0	0.0	0.0	0.0	0.0	0.0	0.0	0.0	0.0	0.0	1.0	0.0	0.0	0.0	0.0	0.0	0.0	0.0	0.0	0.0	0.0	0.0	0.0
PBANKA_140520	PbGEM-319075|PBANKA_140520|PbGEM-319083|PbGEM-319091	AGAACGGCCTA	487.5	388.5	112.0	1538.5	358.5	334.0	99.0	1510.0	240.0	262.5	90.5	91.5	1121.5	1068.0	148.5	168.5	110.5	161.5	516.5	332.5	123.0	1457.5	276.0	336.0	104.0	1271.5	230.5	220.5	145.5	121.5	918.0	950.5	187.5	174.5	98.5	141.5
PBANKA_140790	PBANKA_140790|PbGEM-109581|PbGEM-109573|PbGEM-673749|PbGEM-063415|PbGEM-253285	TCACCTACAAT	527.0	478.5	13.0	0.0	40.5	187.0	16.5	0.0	35.5	113.5	7.0	15.0	0.0	0.0	30.0	23.5	337.0	383.5	528.5	421.0	27.5	0.0	32.5	165.5	15.0	0.0	21.0	119.5	12.0	26.0	0.0	0.0	35.5	43.5	265.5	225.0
PBANKA_140860	PbGEM-319587|PbGEM-675037|PBANKA_140860|PbGEM-319595	GATATTCAGGA	520.5	429.5	1188.0	691.0	495.5	548.0	964.5	666.0	330.0	367.0	1327.5	1505.0	2330.0	2357.5	706.0	871.0	888.0	910.5	485.5	369.0	1336.5	677.5	430.5	477.5	1032.5	511.5	369.5	354.0	1530.5	1582.0	2151.5	2304.5	796.0	803.5	773.5	910.0
PBANKA_140900	PbGEM-319675|PBANKA_140900|PbGEM-319683|PbGEM-664981|PbGEM-319691	CGTGTTCACCG	343.0	285.5	0.0	27.0	199.0	268.5	0.0	41.5	205.0	179.5	0.0	0.0	59.0	19.5	442.0	306.0	394.5	435.0	381.5	240.0	1.5	44.0	168.5	289.0	0.0	23.0	124.5	206.5	0.0	0.0	71.5	28.0	494.0	246.5	299.5	420.5
PBANKA_140920	PbGEM-319715|PbGEM-319699|PbGEM-319707|PbGEM-667725|PBANKA_140920	TAGCAAAGCTC	454.0	339.5	789.5	1414.0	2083.0	658.5	773.0	1505.0	1380.0	371.0	758.5	886.0	835.0	786.5	675.0	675.0	316.5	467.5	409.5	297.5	1001.5	1506.5	1644.5	560.0	706.0	1358.0	1483.0	398.0	829.5	946.0	731.5	866.5	753.0	593.5	293.0	469.5
PBANKA_141230	PBANKA_141230|PbGEM-320083|PbGEM-320075	CCCTGAGAACC	483.5	484.5	323.5	0.0	204.0	76.0	288.5	0.0	154.0	57.0	702.0	515.0	0.0	0.0	460.5	266.0	193.0	165.5	473.0	368.0	378.5	0.0	166.0	74.5	293.0	0.0	126.0	59.5	738.5	508.5	3.0	5.0	456.0	242.5	219.5	136.0
PBANKA_141330	PbGEM-254967|PBANKA_141330|PbGEM-064111|PbGEM-264796|PbGEM-110060|PbGEM-648027	CGACTTTTCAT	458.5	387.5	2521.5	1131.0	288.0	379.0	2127.0	1045.5	205.5	234.5	3069.5	3202.5	2314.5	2460.5	107.5	236.0	182.0	217.0	453.5	324.5	2823.5	1107.5	258.0	367.0	2278.0	1028.0	191.5	237.0	3442.0	3594.0	2188.5	2262.5	100.0	201.0	174.0	211.0
PBANKA_141590	PBANKA_141590|PbGEM-320427|PbGEM-675061|PbGEM-320435	GCTGGAGATGC	414.0	291.5	3.0	1.0	25.0	34.0	5.0	0.0	35.0	19.5	9.0	20.0	0.0	0.0	83.0	46.0	113.0	195.5	381.0	275.0	7.0	0.0	33.0	30.0	6.0	0.0	16.0	33.0	15.0	25.5	0.0	0.0	60.5	32.0	91.0	190.5
PBANKA_142160	PbGEM-065299|PBANKA_142160|PbGEM-664621|PbGEM-257079|PbGEM-065291|PbGEM-110533	GACGTCATGTG	452.5	375.0	0.0	0.0	38.5	145.0	0.0	0.0	32.0	104.0	0.0	0.0	0.0	0.0	64.5	17.0	141.0	315.5	442.0	340.5	0.0	0.0	33.5	170.5	0.0	0.0	32.0	104.5	0.0	0.0	0.0	0.0	106.5	21.0	111.5	310.5
PBANKA_142210	PbGEM-321259|PBANKA_142210|PbGEM-321267|PbGEM-321251	TACCAAGCGAT	843.5	864.5	27.0	1.0	58.5	148.0	28.0	2.0	42.5	136.0	27.0	10.0	0.0	0.0	64.0	93.5	203.5	313.5	846.5	684.5	48.0	0.0	38.0	163.0	32.0	0.0	29.5	121.5	24.0	11.0	0.0	0.5	64.5	79.5	180.0	319.0
PBANKA_142520	PbGEM-321579|PbGEM-321587|PBANKA_142520|PbGEM-321571	TTCTCGCATGA	359.5	312.0	207.5	613.0	262.0	380.0	167.5	930.0	145.0	168.0	225.5	286.5	921.5	1218.0	333.0	278.5	233.5	379.5	492.5	356.0	172.0	655.5	157.0	317.5	154.0	552.0	194.5	234.0	303.0	337.5	757.5	840.5	449.5	324.5	223.0	245.5
PBANKA_142610	PbGEM-321667|PbGEM-321675|PBANKA_142610	CCACATAGCCT	970.5	857.5	236.5	1.0	236.5	41.0	150.5	0.0	193.5	24.0	495.0	490.0	0.5	0.0	216.0	241.5	50.5	5.0	1054.0	729.5	243.0	0.0	178.5	35.0	220.0	2.0	182.5	21.0	622.0	548.0	4.0	3.0	246.5	187.5	51.0	0.0
PBANKA_142720	PbGEM-254427|PbGEM-664325|PBANKA_142720|PbGEM-066047|PbGEM-066055	CGTAAGCTGAC	36.0	37.5	0.0	0.0	8.0	6.5	0.0	0.0	3.5	6.0	0.0	0.0	0.0	0.0	0.0	0.0	0.0	0.0	39.0	43.5	0.0	1.0	5.0	4.5	0.0	3.0	2.0	5.5	0.5	0.0	0.0	0.0	0.0	0.0	0.0	0.0
PBANKA_143120	PbGEM-322243|PBANKA_143120|PbGEM-322251	GCGTCAGAGTC	438.0	373.0	230.5	600.5	473.0	345.0	205.5	648.5	323.5	272.0	167.0	390.5	885.0	960.0	0.0	0.0	21.5	15.5	466.5	338.5	262.0	603.0	428.5	346.5	213.0	573.5	314.5	285.0	242.0	430.0	787.0	1008.5	1.0	0.0	21.5	15.0
PBANKA_143750	PbGEM-067586|PbGEM-528326|PbGEM-528185|PbGEM-528467|PbGEM-646665|PbGEM-646705|PbGEM-645884|PbGEM-646499|PbGEM-646696|PbGEM-646727|PbGEM-669773|PBANKA_143750|PbGEM-340307|PbGEM-226429	GGGAATTAAGA	465.5	427.5	0.0	0.0	218.0	269.5	0.0	0.0	151.0	165.0	0.0	0.0	0.0	0.0	0.5	0.0	0.0	0.0	478.0	386.0	0.0	0.0	225.0	215.5	0.0	0.0	188.0	180.0	0.0	0.0	0.0	2.0	0.0	0.0	0.0	0.0
PBANKA_143910	PBANKA_143910|PbGEM-323339|PbGEM-323347|PbGEM-648123|PbGEM-323355	GGTTAGGCGAG	497.5	409.5	0.0	0.0	16.0	152.0	0.0	0.0	11.5	72.5	1.0	0.0	0.0	0.0	11.0	29.0	86.0	157.5	440.5	379.0	0.0	0.0	11.0	130.5	1.0	1.0	11.0	96.5	0.0	0.0	0.0	0.0	22.0	19.5	93.5	156.0
PBANKA_144170	PbGEM-323691|PbGEM-323683|PBANKA_144170|PbGEM-340435	TAGAGAGGTCC	419.0	360.5	0.0	0.0	50.0	165.5	0.0	0.0	36.0	102.0	0.0	0.0	0.0	0.0	141.5	123.5	231.5	292.0	444.5	342.5	0.0	0.0	46.0	149.5	0.0	1.0	38.0	128.5	0.0	0.0	0.0	0.0	135.0	87.5	180.0	291.5
PBANKA_144280	PBANKA_144280|PbGEM-323851|PbGEM-323843|PbGEM-323859	ACCGAGGCGGG	56.5	43.0	0.0	24.5	0.0	72.0	0.0	13.0	0.0	54.5	0.0	0.0	33.5	21.0	0.0	0.0	0.0	0.0	36.5	30.0	0.0	21.0	0.0	64.5	0.0	19.5	0.0	44.5	0.0	0.0	32.0	15.0	0.0	0.0	0.0	0.0
PBANKA_144480	PbGEM-079841|PbGEM-258523|PbGEM-079849|PBANKA_144480|PbGEM-068653	ACTGTCCTCCA	426.5	403.0	2.0	86.0	72.0	407.0	3.0	71.5	62.0	376.5	0.0	1.0	95.5	21.5	207.5	282.0	315.0	308.0	479.0	355.5	1.0	100.0	80.5	368.5	0.0	89.5	51.0	411.0	0.0	7.0	93.0	35.0	201.0	197.5	301.0	307.0
PBANKA_145540	PBANKA_145540|PbGEM-325539|PbGEM-325531|PbGEM-325523	TGGGATTCACC	480.0	366.0	299.0	0.0	428.5	646.0	211.5	0.0	314.0	382.0	186.5	113.0	0.0	0.0	241.5	303.5	313.0	323.5	484.5	358.0	319.0	0.0	344.0	632.5	257.0	0.0	286.0	427.5	226.5	175.0	1.0	3.0	241.0	264.0	253.5	312.0
PBANKA_146060	PbGEM-258988|PbGEM-071005|PbGEM-646975|PbGEM-071013|PBANKA_146060	AGGGGATGGTC	555.5	448.5	2500.0	1306.5	578.0	725.5	2222.5	1266.5	350.0	511.0	7407.0	7452.0	1328.0	1526.0	455.5	574.0	839.5	862.5	559.0	391.5	2952.0	1252.5	447.0	665.0	2177.0	1168.5	382.0	480.5	8652.0	8000.5	1300.0	1583.5	455.0	537.5	793.0	808.5
PBANKA_146070	PbGEM-648195|PbGEM-220883|PbGEM-341091|PbGEM-258996|PBANKA_146070|PbGEM-527547|PbGEM-527539|PbGEM-071021|PbGEM-071029	ATCTATTCAAG	1008.5	875.0	618.0	16.5	513.5	242.0	530.0	28.0	366.0	179.5	587.5	829.0	5.0	13.5	407.0	629.5	243.0	217.0	1077.5	763.5	815.0	25.0	407.5	223.0	577.5	23.0	371.5	171.0	668.0	898.0	8.0	11.5	405.5	535.0	219.5	194.5
PBANKA_146130	PbGEM-648211|PbGEM-080906|PbGEM-646779|PbGEM-071125|PbGEM-259036|PBANKA_146130	GTGAGAGTATC	578.0	461.5	42.0	290.0	148.5	628.0	40.5	285.0	106.0	385.5	35.0	63.0	334.0	306.5	212.0	258.0	1021.5	1111.0	604.5	432.0	51.5	308.0	127.5	600.0	31.0	271.5	113.5	429.0	38.0	77.5	342.5	275.5	213.0	220.0	950.0	1068.0
PBANKA_146220	PbGEM-343468|PbGEM-264492|PbGEM-080941|PbGEM-259084|PbGEM-071243|PBANKA_146220|PbGEM-341131	TCCTCATATGT	432.0	379.0	0.0	0.0	243.5	141.5	0.0	0.0	187.0	184.5	0.0	0.0	1.0	0.0	437.0	244.5	140.0	147.5	450.5	349.5	0.0	0.0	186.5	131.5	0.0	0.0	164.0	149.5	0.0	0.0	0.0	0.0	646.0	211.0	109.0	168.5
PBANKA_146460	PBANKA_146460|PbGEM-326539|PbGEM-665621|PbGEM-326555|PbGEM-326547|PbGEM-646976	GCTGGGCAGTT	508.5	443.0	1307.5	1993.5	1808.0	1422.5	1035.0	2101.0	1337.0	948.5	0.0	14.5	18.5	2.5	157.5	171.0	93.5	114.0	526.0	370.5	1452.5	1973.5	1553.5	1228.0	1172.0	1898.5	1264.0	874.5	0.5	11.0	23.5	21.0	154.0	150.0	81.0	126.5
