gene	Gene	Barcodes	PbSTM168_3_GCKO#2GOMOSTM_t1_r1	PbSTM168_4_GCKO#2GOMOSTM_t2_r1	PbSTM168_5_145480GOMOSTM_t1_r1	PbSTM168_6_145480GOMOSTM_t2_r1	PbSTM168_9_GCKO#2GOMOSTM_mf1_r1	PbSTM168_10_GCKO#2GOMOSTM_mf2_r1	PbSTM168_11_145480GOMOSTM_mf1_r1	PbSTM168_12_145480GOMOSTM_mf2_r1	PbSTM168_29_GCKO#2GOMOSTM_d14_mf1.1_r1	PbSTM168_30_GCKO#2GOMOSTM_d14_mf1.2_r1	PbSTM168_31_GCKO#2GOMOSTM_d14_mf2.1_r1	PbSTM168_32_GCKO#2GOMOSTM_d14_mf2.2_r1	PbSTM168_33_145480GOMOSTM_d14_mf1.1_r1	PbSTM168_34_145480GOMOSTM_d14_mf1.2_r1	PbSTM168_35_145480GOMOSTM_d14_mf2.1_r1	PbSTM168_36_145480GOMOSTM_d14_mf2.2_r1	PbSTM168_3_GCKO#2GOMOSTM_t1_r2	PbSTM168_4_GCKO#2GOMOSTM_t2_r2	PbSTM168_5_145480GOMOSTM_t1_r2	PbSTM168_6_145480GOMOSTM_t2_r2	PbSTM168_9_GCKO#2GOMOSTM_mf1_r2	PbSTM168_10_GCKO#2GOMOSTM_mf2_r2	PbSTM168_11_145480GOMOSTM_mf1_r2	PbSTM168_12_145480GOMOSTM_mf2_r2	PbSTM168_29_GCKO#2GOMOSTM_d14_mf1.1_r2	PbSTM168_30_GCKO#2GOMOSTM_d14_mf1.2_r2	PbSTM168_31_GCKO#2GOMOSTM_d14_mf2.1_r2	PbSTM168_32_GCKO#2GOMOSTM_d14_mf2.2_r2	PbSTM168_33_145480GOMOSTM_d14_mf1.1_r2	PbSTM168_34_145480GOMOSTM_d14_mf1.2_r2	PbSTM168_35_145480GOMOSTM_d14_mf2.1_r2	PbSTM168_36_145480GOMOSTM_d14_mf2.2_r2
PBANKA_020830			817.0	802.5	636.0	786.0	130.5	25.0	106.5	127.5	17.5	8.0	3.0	0.0	8.0	0.0	0.0	1.0	507.5	629.0	443.5	564.0	107.5	17.0	89.5	96.5	16.0	15.0	3.0	0.0	10.0	0.0	0.0	1.0
PBANKA_080810			664.0	467.0	516.5	463.5	17.5	291.0	291.5	410.0	35.0	2.0	765.5	770.5	599.5	553.0	408.0	397.5	368.5	322.5	348.0	355.0	9.0	162.0	211.0	303.5	32.0	3.5	580.0	555.5	449.0	337.0	271.0	310.5
PBANKA_100210			643.5	385.0	467.5	488.5	66.0	155.5	794.0	782.0	113.0	149.0	297.5	338.0	956.0	1001.0	615.5	808.0	357.0	325.0	322.0	348.0	58.0	84.0	679.5	614.0	77.0	98.5	215.5	278.0	683.0	607.0	463.0	754.5
PBANKA_010240			779.0	752.5	635.5	716.0	320.5	0.0	102.5	135.0	974.5	1051.5	3.0	3.0	0.0	0.0	0.0	1.0	398.5	473.0	429.0	494.0	267.0	0.0	63.0	94.5	636.0	760.0	2.0	2.0	0.0	0.0	1.0	0.0
PBANKA_011250			854.5	621.5	693.5	696.0	6.0	1097.0	422.0	300.5	19.0	21.0	909.5	1025.0	246.5	319.5	176.0	167.0	501.0	509.0	452.0	513.5	5.5	754.0	375.5	252.0	13.5	17.0	711.0	795.0	176.0	215.5	134.0	177.5
PBANKA_060390			954.5	998.0	838.5	886.5	0.5	134.5	41.5	11.5	0.0	0.0	157.0	255.5	43.5	44.5	8.0	5.5	530.0	794.0	634.0	630.0	0.0	108.0	23.0	8.0	0.0	0.0	158.0	195.0	38.0	38.5	6.0	3.0
PBANKA_031270			759.0	565.0	580.5	666.5	2307.0	1849.5	1035.5	743.5	1191.5	1058.5	1329.5	1006.5	0.0	0.0	0.0	1.0	458.5	373.0	448.5	405.5	2086.0	1318.0	803.5	535.5	837.5	834.0	932.0	727.5	0.0	0.0	0.0	0.0
PBANKA_144200			1030.5	1199.5	875.5	967.0	215.0	0.0	8.0	284.5	0.0	0.0	0.0	0.0	17.5	12.0	1446.5	1612.5	635.0	878.0	593.5	664.5	220.5	0.0	13.0	221.5	0.0	0.5	0.0	0.5	17.0	11.0	1100.0	1491.5
PBANKA_100220			510.5	369.5	367.0	432.0	364.5	904.0	1504.0	1044.0	770.0	774.5	3100.5	3041.0	2498.5	2454.0	963.5	870.5	280.5	248.5	254.0	296.0	336.5	515.0	1108.0	595.5	510.5	551.0	2102.0	2051.5	1753.5	1509.5	669.5	784.5
PBANKA_140160			1316.5	1149.5	1078.5	1053.0	34.0	9.5	99.0	112.0	7.5	9.0	1.0	0.0	0.0	0.0	0.0	0.0	781.5	846.0	758.0	675.5	41.0	5.0	81.5	75.0	3.0	4.5	1.0	0.0	0.0	0.0	0.0	0.0
PBANKA_101700			865.5	662.0	591.5	695.0	2134.5	169.0	834.0	777.0	3018.5	3248.0	486.5	519.5	786.0	876.5	459.0	749.0	495.0	443.5	517.0	484.0	2235.0	120.5	674.0	670.0	2187.5	2620.5	370.0	381.0	546.5	610.5	331.5	684.5
PBANKA_113980			1007.0	924.0	820.5	907.0	1461.0	502.5	451.0	613.5	9.0	4.5	20.0	7.0	0.0	1.0	1.0	2.0	575.5	736.0	623.0	643.0	1418.0	349.5	352.5	532.0	15.0	8.0	7.0	7.0	0.0	0.0	0.0	0.0
PBANKA_051280			950.5	1024.0	838.0	951.5	45.5	399.5	0.0	43.5	0.0	0.0	1.0	0.0	0.0	0.0	0.0	0.0	546.0	788.5	565.0	687.0	48.0	309.5	1.0	32.0	0.0	0.0	0.0	0.5	0.0	0.5	0.0	0.0
PBANKA_111920			868.0	642.5	672.0	682.0	31.0	149.5	431.5	526.5	1.0	4.0	110.0	79.5	89.5	86.0	88.5	80.5	506.0	475.0	478.0	504.0	32.0	117.0	354.0	468.0	2.0	1.0	76.5	58.0	62.5	64.5	70.0	103.5
PBANKA_110150			854.0	814.0	744.5	793.5	0.0	36.5	1287.0	1002.5	0.0	0.5	53.0	104.0	0.0	0.0	0.0	0.0	541.0	586.0	488.0	563.0	0.0	14.5	1161.5	753.0	0.0	0.0	47.5	61.0	0.0	0.0	0.0	0.0
PBANKA_010620			880.0	768.5	725.5	791.0	2482.0	390.5	1114.5	928.5	3782.0	3788.5	1182.0	1070.5	0.0	0.0	0.0	0.5	486.5	617.5	509.0	540.5	2356.5	294.5	979.5	715.0	2668.5	3029.5	868.0	769.5	0.0	0.0	1.0	0.0
PBANKA_146300			665.5	612.5	531.0	638.5	616.5	564.5	498.5	1012.0	601.5	605.0	487.5	502.5	425.0	576.0	1013.0	1111.5	382.0	411.5	410.0	442.0	627.5	406.0	397.5	807.5	384.0	488.0	341.0	401.0	326.0	393.5	776.5	973.0
PBANKA_103440			1133.0	886.5	986.0	1060.5	95.0	124.5	381.0	244.0	58.0	29.0	32.5	71.5	67.5	74.0	11.0	68.5	653.5	677.0	658.5	697.5	83.0	79.0	313.5	177.5	29.0	10.5	30.0	57.0	40.5	43.5	6.0	35.0
PBANKA_131270			854.5	713.5	757.0	792.0	548.5	1206.5	1338.0	1989.5	16.0	29.5	33.0	87.0	0.0	0.0	34.5	4.0	496.5	499.5	456.0	492.5	549.5	788.0	1113.0	1403.5	9.5	17.5	22.0	58.0	0.5	0.0	22.5	8.0
PBANKA_134980			583.5	543.5	441.0	504.5	307.0	163.5	294.0	620.0	721.0	672.0	412.5	451.0	804.5	710.0	581.5	740.5	311.5	375.5	264.0	295.0	244.5	116.5	222.5	353.5	468.5	528.5	294.0	335.0	599.0	501.5	407.5	526.5
PBANKA_122540			899.0	566.5	567.5	701.5	1726.5	287.0	205.5	551.0	1685.0	1743.0	617.5	737.0	209.5	181.5	429.5	392.0	531.5	488.0	399.5	495.5	1673.0	196.0	169.5	459.5	1230.0	1284.5	474.0	534.0	127.5	107.5	302.5	298.0
PBANKA_136370			725.0	521.5	558.0	568.5	213.5	1321.5	478.5	1514.0	388.5	385.5	2564.0	2830.5	636.5	839.0	1084.5	1449.0	415.5	435.0	397.0	372.0	235.5	837.5	410.0	1173.0	260.0	307.5	1899.0	2191.0	427.0	519.0	812.5	1210.0
PBANKA_141810			852.0	959.0	776.5	846.5	350.0	0.0	109.0	114.5	0.0	0.0	0.0	3.5	101.5	125.0	66.0	84.0	492.0	664.0	476.0	550.5	295.5	0.0	81.5	86.5	0.0	0.0	0.0	0.0	67.0	87.0	29.0	77.5
PBANKA_090240			934.0	771.5	758.5	792.5	630.0	179.0	736.0	669.0	0.5	0.0	0.0	3.0	894.0	968.5	646.5	689.5	521.5	594.0	557.0	551.5	560.0	140.0	653.5	514.5	0.0	0.0	2.0	1.5	673.5	637.5	493.5	632.5
PBANKA_143400			757.5	678.0	646.5	721.0	606.0	1260.5	836.5	1132.5	484.5	437.0	1372.0	1318.5	988.5	888.5	821.0	885.5	500.0	521.0	463.5	512.5	546.5	807.5	721.5	833.0	364.0	382.0	980.0	979.0	656.5	606.5	579.0	771.0
PBANKA_102460			888.5	792.0	685.0	756.5	130.5	937.5	109.5	207.0	208.5	201.0	1477.0	1360.5	167.0	202.5	262.5	212.0	541.5	548.0	489.0	468.0	107.5	638.0	74.5	155.0	136.0	174.5	1096.0	1057.5	139.0	101.0	173.5	189.5
PBANKA_123160			399.5	411.5	401.0	380.5	359.0	0.5	8.0	1.0	1.0	0.0	0.0	1.5	0.0	2.5	0.0	0.0	260.5	301.0	269.0	280.5	346.5	0.0	5.0	0.0	3.0	0.5	0.0	1.0	4.5	4.0	0.0	0.0
PBANKA_131530			771.5	526.5	611.0	626.0	746.5	215.5	2238.0	2485.0	2154.5	1971.5	432.5	429.5	2593.0	2996.5	2708.0	3358.0	477.0	404.5	402.5	419.0	771.0	154.0	1914.5	1914.0	1572.5	1464.0	288.5	316.0	1844.0	2003.0	2017.5	3078.0
PBANKA_051500			1054.0	750.5	833.0	721.0	729.0	1054.0	2075.0	2693.0	1209.0	1160.5	2145.0	1966.5	2479.5	2572.5	2939.0	3272.5	619.5	514.5	617.5	493.5	678.0	779.0	1863.5	2156.5	875.5	952.0	1612.0	1466.0	1771.5	1859.0	2193.0	3049.0
PBANKA_121260			794.5	744.0	735.0	783.0	1013.0	1951.5	367.5	507.0	1830.5	1849.0	3563.0	3567.5	1.5	1.0	0.0	0.0	430.0	564.5	545.5	462.5	969.5	1347.0	359.5	405.5	1233.0	1398.5	2776.0	2878.0	0.0	0.5	0.0	1.0
PBANKA_051060			926.0	729.0	701.0	758.5	1003.5	143.0	724.5	1121.0	2088.5	2056.5	240.0	183.5	0.0	1.0	0.0	1.0	525.0	480.0	495.5	517.0	883.5	75.0	563.5	873.0	1379.0	1506.5	190.0	139.0	0.5	0.0	0.0	0.0
PBANKA_083110			519.5	338.0	406.5	405.5	326.5	9.0	274.0	215.5	320.0	239.5	5.5	4.0	282.0	274.0	61.0	110.5	269.0	258.0	289.5	230.5	265.0	12.5	263.5	170.0	232.0	199.0	3.0	5.0	200.5	173.0	39.5	101.0
PBANKA_121770			626.5	524.0	561.5	593.0	465.5	475.5	285.5	273.0	0.0	0.0	0.0	0.0	12.0	7.0	8.0	2.0	328.0	353.0	344.0	360.5	361.0	294.5	202.0	192.5	0.0	0.0	0.0	0.0	3.0	5.0	5.0	4.5
PBANKA_143240			1143.0	1330.5	1067.0	1163.0	0.0	0.5	0.0	0.0	0.0	0.0	0.0	0.0	0.0	0.0	0.0	0.0	658.5	980.0	719.0	778.0	0.0	0.0	0.0	0.0	0.0	0.0	0.0	0.5	0.5	0.0	0.0	0.0
PBANKA_060240			861.0	713.5	692.0	764.5	86.0	30.5	13.0	251.0	119.0	67.5	29.5	39.0	0.0	40.5	219.5	281.5	502.5	542.5	479.5	502.5	107.5	13.0	18.5	200.0	83.0	59.5	34.0	25.0	3.0	23.5	181.5	246.5
PBANKA_142220			875.0	882.0	743.5	814.0	1149.5	2.0	1314.0	1061.5	174.5	214.0	1.0	7.5	342.0	356.0	283.0	363.0	570.0	654.0	558.5	538.5	1082.5	0.0	1249.0	879.5	119.5	137.0	1.0	1.0	249.0	206.0	236.5	355.0
PBANKA_041340			625.5	407.0	526.5	495.5	0.0	96.5	666.0	340.5	0.0	0.0	240.0	284.0	0.0	0.5	0.0	10.0	368.5	289.5	342.0	345.0	0.0	71.5	508.5	257.5	0.0	0.0	183.5	250.5	0.0	0.0	0.0	7.0
PBANKA_130280			901.0	654.5	630.0	723.5	1472.0	1933.5	2429.5	1741.5	3047.0	3380.0	3053.0	2900.0	3975.0	3579.0	1242.0	1682.0	556.0	503.5	472.5	481.0	1504.5	1449.5	2096.0	1436.0	2280.5	2691.0	2390.0	2182.0	2977.5	2476.0	984.5	1546.5
PBANKA_144900			807.0	608.5	594.5	614.5	1180.5	285.5	281.0	451.5	2061.5	2026.5	285.5	317.0	168.5	98.0	252.5	260.0	451.0	436.5	382.5	408.5	1039.5	193.0	208.0	304.5	1395.0	1488.5	159.5	199.0	91.5	65.0	154.5	204.0
PBANKA_082420			1878.5	1788.5	1685.5	1782.5	576.0	349.0	1048.0	1760.5	800.5	967.5	1296.5	1128.0	1798.0	1959.0	1486.5	1668.0	1157.5	1347.5	1228.0	1215.5	592.5	259.0	988.5	1451.0	610.5	753.5	991.5	839.5	1237.0	1314.0	1061.5	1602.0
PBANKA_130130			946.5	1102.0	878.0	966.0	0.0	1519.0	4.0	40.5	0.0	0.0	0.5	0.5	0.0	0.0	11.5	26.0	578.0	878.5	641.5	695.0	0.0	1092.0	4.5	33.5	0.0	0.0	0.0	0.0	0.0	0.0	9.0	30.0
PBANKA_135960			894.5	662.0	838.0	853.5	952.0	1590.0	531.5	1692.0	2207.0	1977.0	2265.0	2357.0	0.0	0.0	0.0	0.0	540.5	516.0	598.0	603.5	946.5	1014.0	471.0	1391.5	1589.0	1661.0	1547.5	1761.0	0.0	0.0	3.0	0.0
PBANKA_030610			610.0	513.5	444.5	504.0	398.5	44.0	272.5	287.0	950.5	839.5	139.5	176.5	4.0	0.0	0.0	3.0	299.0	355.0	292.0	330.5	284.0	32.5	186.5	199.5	640.5	576.0	95.5	111.5	3.0	0.0	0.0	3.0
PBANKA_110420			1125.5	882.5	892.5	921.0	61.5	88.0	21.0	31.0	0.0	0.0	0.0	0.0	12.0	5.0	0.0	8.0	641.5	588.5	659.0	636.5	72.0	84.5	26.5	26.5	0.0	0.0	0.0	0.0	11.0	3.0	1.0	6.0
PBANKA_135970			1337.0	1039.0	1133.0	1141.0	1533.5	3146.5	4242.0	5279.5	41.0	44.0	64.0	35.5	5402.5	5407.0	5337.5	6513.5	851.0	806.5	847.5	779.0	1424.5	2249.5	3759.0	4176.5	30.0	46.0	42.0	39.5	3870.5	3608.0	4004.5	5713.0
PBANKA_143750			823.0	698.5	656.5	728.5	2023.0	12403.5	477.5	352.0	0.0	0.0	1.5	1.0	0.0	2.0	0.0	0.0	470.0	536.5	435.5	537.5	1971.5	8790.5	458.5	287.0	0.0	0.0	0.0	0.0	0.0	0.0	0.0	0.0
PBANKA_051490			1349.5	907.5	1036.5	965.5	1140.0	45.5	786.0	1375.0	1229.5	1355.5	78.0	103.0	1392.0	2319.5	2387.5	2459.5	731.0	639.0	701.5	682.5	1080.5	37.0	648.0	972.5	826.0	947.0	59.5	82.5	1017.0	1458.0	1654.0	2052.5
PBANKA_050120			947.0	679.0	710.5	777.0	1628.0	1408.0	1498.0	1425.0	1954.0	1668.5	3137.0	3346.0	2877.5	2182.0	1836.0	2388.5	567.5	572.0	529.0	542.0	1566.5	943.5	1430.0	1152.5	1452.0	1361.5	2309.5	2528.0	2064.0	1387.5	1315.0	2030.5
PBANKA_060330			2272.0	2597.5	1982.0	2384.5	1852.0	804.5	160.0	417.0	143.5	144.0	95.5	150.5	315.5	360.0	382.5	500.0	1320.5	1962.5	1483.5	1589.0	1700.0	544.0	160.0	344.0	110.5	123.5	75.0	95.0	188.0	235.0	302.5	411.0
PBANKA_010110			2105.0	1686.5	1702.5	1731.5	3542.5	1657.0	2969.5	2354.0	5526.5	6723.5	3538.5	3078.5	4332.0	3595.5	1942.5	2415.5	1277.5	1209.5	1212.5	1165.5	3287.0	1178.5	2628.0	1866.0	3964.5	5331.5	2718.0	2248.5	3017.5	2449.0	1489.5	2033.5
PBANKA_130070			721.5	751.0	569.5	696.5	0.5	15.0	98.5	50.0	0.0	0.0	93.0	71.0	31.5	88.0	25.0	50.5	344.0	528.0	406.0	425.0	1.0	7.0	78.0	25.0	0.0	0.0	57.0	46.5	28.5	50.0	18.0	28.0
PBANKA_103820			1133.0	1200.5	901.5	1061.5	12.0	5.0	300.5	49.0	6.0	11.0	10.0	19.0	0.5	0.0	0.0	0.0	669.0	895.0	631.0	696.5	4.0	7.0	257.5	43.5	4.0	10.5	13.0	14.0	0.0	0.0	0.0	0.0
PBANKA_123360			1976.5	1627.5	1659.5	1782.5	1442.5	304.0	840.5	1803.0	696.0	774.5	280.5	359.5	946.0	909.5	1555.5	2058.5	1255.0	1213.0	1156.5	1284.0	1400.0	214.5	723.5	1411.0	514.5	600.0	234.0	244.0	632.5	601.0	1128.0	1843.0
PBANKA_061670			890.5	663.5	629.5	766.0	143.5	1300.5	437.5	1168.5	0.0	1.0	1.0	12.5	812.0	678.5	1078.5	1150.0	553.0	509.0	447.5	519.5	133.0	914.0	328.5	890.0	0.5	1.0	1.5	6.5	584.0	452.5	765.0	974.0
p230p-tag			511.0	417.5	395.0	396.5	78.0	459.5	184.5	602.0	107.5	153.5	929.0	1034.0	117.5	177.0	518.0	588.5	286.0	292.0	282.5	306.0	74.0	263.0	164.5	442.5	84.0	117.5	645.0	793.5	106.0	142.5	329.5	487.0
PBANKA_142210			917.5	897.5	834.5	893.0	306.5	558.0	482.0	310.0	467.5	371.5	1280.0	1328.5	770.5	667.0	270.5	268.0	581.0	688.0	606.5	606.0	273.5	351.5	438.0	252.0	371.0	260.5	982.5	1056.0	554.5	431.0	217.0	285.0
PBANKA_103780			1310.0	978.0	1133.0	1157.0	1724.0	2096.0	1925.0	3275.0	2701.5	2879.5	3626.0	3633.5	2713.5	2750.0	3864.0	4544.0	794.5	826.5	761.5	835.5	1616.5	1503.5	1685.5	2588.0	1887.0	2267.5	2642.5	2729.0	1956.0	1772.0	2860.5	4115.5
PBANKA_103010			524.5	429.5	447.5	500.0	265.0	1471.5	684.5	706.5	419.5	395.0	2955.0	2692.0	0.0	0.0	1.0	0.5	291.5	310.5	254.5	313.0	194.5	881.0	535.0	476.0	245.0	287.5	2019.0	2012.5	0.5	0.0	0.0	1.0
PBANKA_131950			1079.5	1205.0	964.0	1089.5	0.0	1095.0	44.5	28.0	0.0	0.5	890.0	910.5	20.0	95.5	17.5	11.0	622.5	868.0	699.0	757.0	0.0	737.5	36.0	8.0	0.0	0.0	703.5	690.0	24.0	50.5	26.0	7.0
PBANKA_051820			889.0	669.5	706.5	691.5	554.5	972.5	282.5	350.5	0.0	0.0	0.0	2.0	333.5	341.5	409.0	349.0	546.0	492.0	464.0	518.5	488.0	632.5	246.0	272.5	0.0	0.0	0.0	3.0	270.0	306.5	249.0	328.5
PBANKA_082800			906.0	676.0	698.0	739.0	4.0	88.5	77.5	37.0	0.5	0.5	0.0	0.0	0.0	0.0	0.0	0.0	560.0	515.5	514.5	497.0	3.5	62.5	69.0	25.0	0.0	0.0	0.0	0.0	0.0	0.0	0.0	0.0
PBANKA_101640			773.0	607.0	598.0	682.5	15.5	41.0	22.5	27.0	17.0	12.5	36.0	60.5	60.5	75.0	13.0	7.0	463.0	488.5	435.0	445.0	8.0	28.5	22.0	15.0	11.0	18.0	19.0	39.0	58.5	60.0	8.0	10.0
PBANKA_103520			966.5	779.0	802.5	747.0	76.0	1002.5	34.0	39.5	88.0	60.5	871.0	1040.0	36.0	26.5	44.5	62.0	565.0	556.5	550.0	549.5	77.0	683.5	28.5	38.5	79.0	31.5	718.0	721.5	22.0	20.0	42.0	42.0
