pbanka_id	Gene	Barcodes	PbFertility5_1_GCKO2_t_r1	PbFertility5_2_145480_t_r1	PbFertility1_2_r_3_GCKO2_t_r1	PbFertility5_4_GCKO2_d0_b_mf1_r1	PbFertility5_5_GCKO2_d0_b_mf2_r1	PbFertility5_6_145480_d0_b_mf1_r1	PbFertility5_7_145480_d0_b_mf2_r1	PbFertility1_2_r_8_GCKO2_d0_b_mf1_r1	PbFertility1_2_r_9_GCKO2_d0_b_mf2_r1	PbFertility5_10_GCKO2_d14_mf1.1_r1	PbFertility5_11_GCKO2_d14_mf1.2_r1	PbFertility5_12_GCKO2_d14_mf2.1_r1	PbFertility5_13_GCKO2_d14_mf2.2_r1	PbFertility5_14_145480_d14_mf1.1_r1	PbFertility5_15_145480_d14_mf1.2_r1	PbFertility5_16_145480_d14_mf2.1_r1	PbFertility5_17_145480_d14_mf2.2_r1	PbFertility1_2_r_18_GCKO2_d13_mf1.1_r1	PbFertility1_2_r_19_GCKO2_d13_mf1.2_r1	PbFertility1_2_r_20_GCKO2_d13_mf2.1_r1	PbFertility1_2_r_21_GCKO2_d13_mf2.2_r1	PbFertility5_22_GCKO2_t_r2	PbFertility5_23_145480_t_r2	PbFertility1_2_r_24_GCKO2_t_r2	PbFertility5_25_GCKO2_d0_b_mf1_r2	PbFertility5_26_GCKO2_d0_b_mf2_r2	PbFertility5_27_145480_d0_b_mf1_r2	PbFertility5_28_145480_d0_b_mf2_r2	PbFertility1_2_r_29_GCKO2_d0_b_mf1_r2	PbFertility1_2_r_30_GCKO2_d0_b_mf2_r2	PbFertility5_31_GCKO2_d14_mf1.1_r2	PbFertility5_32_GCKO2_d14_mf1.2_r2	PbFertility5_33_GCKO2_d14_mf2.1_r2	PbFertility5_34_GCKO2_d14_mf2.2_r2	PbFertility5_35_145480_d14_mf1.1_r2	PbFertility5_36_145480_d14_mf1.2_r2	PbFertility5_37_145480_d14_mf2.1_r2	PbFertility5_38_145480_d14_mf2.2_r2	PbFertility1_2_r_39_GCKO2_d13_mf1.1_r2	PbFertility1_2_r_40_GCKO2_d13_mf1.2_r2	PbFertility1_2_r_41_GCKO2_d13_mf2.1_r2	PbFertility1_2_r_42_GCKO2_d13_mf2.2_r2
PBANKA_000330	PBANKA_000330|PbGEM-327467|PbGEM-341315	AAACTGAGTGA	1148.0	693.5	1.5	227.0	205.0	1350.5	1213.5	0.0	3.5	972.5	486.0	784.0	1027.5	5196.0	5103.5	5293.5	4871.5	1.0	5.0	1.0	5.0	925.5	754.0	0.0	238.5	205.0	1242.0	1036.0	1.0	2.5	1079.0	711.5	839.5	828.0	4349.5	4774.0	4885.0	3811.5	0.0	1.0	1.5	1.0
PBANKA_010110	PbGEM-266100|PbGEM-266092|PbGEM-668501|PBANKA_010110	CAGCGTGATGT	986.0	164.0	851.5	21159.5	21166.0	1701.0	1612.5	2243.0	1774.5	27669.5	22568.5	28907.0	29121.5	1649.5	2295.0	2361.5	2481.0	5151.5	5430.0	4693.5	5331.0	780.5	199.0	787.0	20651.0	20100.0	1690.0	1284.5	2164.5	2032.0	30515.5	27200.0	29622.5	25954.0	1548.0	2168.0	2114.0	1924.0	4494.0	4815.0	4234.5	4931.5
PBANKA_010490	PbGEM-266587|PbGEM-266595|PbGEM-327659|PBANKA_010490	TGTCAGTTTTT	231.5	246.5	0.0	9.0	16.5	7.0	4.0	0.0	0.0	0.0	0.0	0.0	0.0	0.0	0.0	0.0	0.0	0.0	0.0	0.0	0.0	203.0	264.0	0.0	27.0	13.5	6.0	9.0	0.0	0.0	0.0	0.0	0.0	0.0	0.0	0.5	0.0	0.0	0.0	0.0	0.0	0.0
PBANKA_010550	PbGEM-266675|PbGEM-266667|PbGEM-327683|PBANKA_010550	TTCTAGTTCAT	734.5	463.5	1.0	3.0	1.0	2.0	1.0	0.0	0.0	0.0	0.0	0.0	0.0	0.5	0.0	0.0	0.0	0.0	0.0	1.0	1.0	606.5	499.0	0.0	0.0	2.0	1.0	0.0	0.0	0.0	0.0	0.0	0.0	0.0	0.0	0.0	1.0	0.0	0.0	0.0	0.0	0.0
PBANKA_010730	PbGEM-266923|PBANKA_010730|PbGEM-266915|PbGEM-266931	AGCCGTATGAC	917.5	642.5	0.0	3.0	4.5	0.0	0.0	0.0	0.0	0.0	0.0	0.0	0.0	0.0	0.0	0.0	0.0	0.0	0.0	1.0	1.0	782.0	641.5	0.0	0.0	0.0	2.0	0.0	0.0	0.0	1.0	0.0	0.0	0.0	0.0	0.0	0.0	0.0	0.0	0.0	0.0	0.0
PBANKA_010770	PbGEM-646547|PbGEM-528356|PbGEM-528215|PbGEM-006162|PbGEM-227381|PbGEM-528074|PbGEM-006154|PbGEM-646381|PbGEM-645766|PBANKA_010770	CGCTGCAAACG	471.5	322.0	1.0	50.0	19.0	4.0	5.5	0.0	0.0	0.0	0.5	0.0	0.0	0.0	0.0	1.0	0.0	0.0	0.0	0.0	0.0	376.5	299.5	0.0	37.5	28.0	2.0	1.0	0.0	0.0	0.0	0.0	0.0	0.0	0.0	0.0	0.0	0.0	0.0	0.0	0.0	0.0
PBANKA_010870	PbGEM-327795|PBANKA_010870|PbGEM-267043	AAAGTCTCCCC	428.0	494.5	0.0	15.0	15.0	5.0	0.5	1.5	0.0	33.0	6.0	16.5	8.0	13.5	0.0	0.0	0.0	1.0	0.0	1.0	0.0	353.0	528.0	0.0	14.0	12.5	1.0	0.0	0.0	0.0	34.0	9.5	10.0	6.0	7.0	0.0	0.0	0.0	0.0	0.0	0.0	0.0
PBANKA_020260	PBANKA_020260|PbGEM-327907|PbGEM-267667|PbGEM-267659|PbGEM-267675	TATTCATTAAC	485.0	591.5	0.0	40.0	43.0	68.0	78.0	1.0	0.0	37.5	26.0	33.0	53.5	94.5	60.0	53.5	13.5	0.0	0.0	0.0	0.0	388.5	594.5	0.0	41.0	40.0	61.5	54.5	0.0	0.0	43.5	42.5	31.0	17.5	88.0	60.0	63.0	7.5	0.0	0.0	0.0	0.0
PBANKA_020390	PbGEM-267835|PbGEM-267843|PBANKA_020390	AAAACGAGGAG	821.5	525.0	1.0	11.0	9.0	8.0	7.5	0.0	0.0	0.0	0.0	0.0	1.0	0.0	0.0	0.5	0.0	0.0	0.0	0.0	1.0	720.0	572.0	0.0	12.0	11.0	8.0	2.0	0.0	0.0	0.0	1.5	0.0	0.0	0.0	0.0	0.0	0.0	0.0	0.0	0.0	0.0
PBANKA_020710	PbGEM-646798|PbGEM-268275|PBANKA_020710|PbGEM-268283	GTTAACGACTT	499.5	561.5	0.0	18.5	18.0	0.0	2.0	1.0	0.0	89.5	47.0	53.5	27.5	1.0	3.0	0.0	14.5	0.0	0.0	0.0	0.0	395.0	598.0	0.0	20.5	18.0	7.0	2.0	0.0	0.0	99.0	47.5	59.0	28.0	1.0	9.0	0.0	14.0	0.0	0.0	0.0	0.0
PBANKA_020760	PbGEM-007687|PbGEM-669917|PbGEM-328059|PbGEM-082338|PbGEM-082330|PBANKA_020760|PbGEM-229021	AGGCTCTGGCT	604.0	696.0	1.5	1180.0	1158.5	85.0	97.5	2.5	1.0	1614.0	1669.5	2016.0	1835.5	177.5	110.0	222.0	210.5	1.0	1.0	0.0	0.0	421.5	674.5	0.0	1178.5	1165.0	64.5	59.5	1.0	1.0	1784.0	2093.0	2145.0	1577.0	130.5	95.0	161.5	186.5	0.0	0.0	1.0	0.0
PBANKA_030170	PbGEM-227680|PbGEM-008958|PBANKA_030170	TTCGCTCGGTG	440.5	569.5	0.0	24.5	30.5	113.5	123.0	0.0	0.0	0.0	6.0	8.5	4.0	0.0	1.0	0.0	0.0	0.0	0.0	0.0	0.0	408.0	548.5	0.0	17.0	18.0	97.5	99.5	1.0	0.0	2.0	1.0	21.5	1.0	0.0	0.0	0.0	0.0	0.0	0.0	0.0	0.0
PBANKA_030230	PbGEM-083015|PbGEM-227812|PbGEM-009054|PbGEM-009046|PBANKA_030230	GACGAGGGGCA	480.5	484.0	0.0	6.0	5.0	5.0	0.0	0.0	0.0	0.0	0.0	0.0	0.0	0.0	0.0	0.0	0.0	0.0	0.0	0.0	0.0	328.0	516.0	0.0	7.5	6.0	10.0	2.5	0.0	0.0	0.0	0.0	0.0	0.0	0.0	0.0	0.0	0.0	0.0	0.0	0.0	0.0
PBANKA_030450	PbGEM-328427|PbGEM-669941|PbGEM-269787|PBANKA_030450|PbGEM-269795	TTATATATAGT	499.5	534.5	0.0	124.0	127.0	5.0	8.0	0.0	0.0	0.0	0.0	0.0	0.0	0.0	8.0	1.0	0.0	0.0	0.0	0.0	0.0	399.5	537.0	0.0	147.0	100.0	6.0	9.0	0.0	0.0	0.0	0.0	0.0	0.0	0.0	6.0	0.0	0.0	0.0	0.0	0.0	0.0
PBANKA_030580	PbGEM-269979|PbGEM-269971|PBANKA_030580|PbGEM-269987	ATAGGAGTAAG	469.0	598.5	0.0	4.0	2.0	175.0	194.5	0.0	0.0	23.5	0.0	1.0	6.5	192.5	289.0	184.0	229.0	0.5	0.0	0.0	0.0	411.0	594.0	0.0	11.0	3.5	195.0	219.0	0.0	0.0	24.5	3.0	2.5	3.0	170.0	260.0	168.0	169.0	0.0	0.0	0.0	0.0
PBANKA_030840	PBANKA_030840|PbGEM-228889|PbGEM-009876	CGAGTTAGGGG	963.0	664.0	0.0	157.0	94.5	2.0	1.0	0.0	0.0	158.5	48.5	91.5	90.5	0.0	0.0	0.0	0.0	0.0	0.0	0.0	0.0	818.5	618.5	0.0	125.5	106.5	6.0	5.0	0.0	0.0	188.0	73.5	76.0	54.0	0.0	0.0	0.5	0.0	0.0	0.0	0.0	0.0
PBANKA_030860	PBANKA_030860|PbGEM-083442|PbGEM-083434|PbGEM-228979	GGTATGATCTT	689.0	778.5	1.0	191.0	226.0	52.0	67.0	1.5	1.0	73.5	147.5	114.5	147.5	26.5	105.0	4.0	27.0	0.0	0.0	0.0	0.0	561.0	732.0	0.0	216.5	279.0	46.5	54.0	0.5	0.0	99.0	203.5	92.0	111.0	21.5	82.0	5.0	24.0	0.0	0.0	0.0	0.0
PBANKA_031520	PBANKA_031520|PbGEM-010803|PbGEM-230237	ACAAATTTGGA	423.5	430.5	0.0	13.5	4.0	0.0	0.0	0.0	0.0	0.0	2.0	3.0	0.0	0.0	0.0	0.0	0.0	1.0	0.0	0.0	0.0	344.5	439.0	0.0	2.0	15.0	0.0	0.0	0.0	0.0	0.0	0.0	1.0	0.0	0.0	0.0	0.0	0.0	0.0	0.0	0.0	0.0
PBANKA_040290	PbGEM-271498|PbGEM-271490|PbGEM-647091|PBANKA_040290	TGACGCGCATA	74.0	41.0	0.0	2.0	6.0	0.0	2.0	0.0	0.0	0.0	0.0	0.0	0.0	1.0	1.0	4.0	3.0	0.0	0.0	0.0	0.0	57.5	46.5	0.0	7.0	4.5	0.0	1.0	0.0	0.0	0.0	0.0	0.0	0.0	0.0	0.0	7.5	4.0	0.0	0.0	0.0	0.0
PBANKA_040340	PbGEM-271538|PBANKA_040340|PbGEM-271546	GGTATCTCCAT	822.0	511.0	0.0	54.5	42.0	0.0	1.0	0.0	0.0	15.0	15.0	25.0	10.0	0.0	0.0	0.0	0.0	0.0	0.0	0.0	0.0	694.0	556.0	0.0	61.0	35.0	1.0	2.0	0.0	0.5	17.0	13.0	20.5	7.0	0.0	0.0	0.0	0.0	0.0	0.0	0.0	0.0
PBANKA_040480	PbGEM-645633|PbGEM-645694|PbGEM-011493|PbGEM-011485|PbGEM-674229|PbGEM-228942|PBANKA_040480	GGCCGACTGCG	706.5	517.0	0.5	159.5	177.5	497.5	430.5	0.0	1.0	11.5	24.0	28.5	31.5	635.5	680.0	735.5	829.0	0.0	0.0	0.0	1.0	599.0	515.0	0.0	127.5	161.5	457.0	410.5	0.0	0.0	18.0	26.0	24.5	28.0	632.5	630.0	670.0	698.0	1.0	2.0	0.0	0.0
PBANKA_040670	PbGEM-229398|PbGEM-011769|PBANKA_040670	GGTTGCCCCCT	852.0	596.0	7.0	1087.0	1098.0	3487.0	3270.5	2.0	3.0	1402.0	1299.0	1524.0	1757.5	6147.5	5945.5	5468.5	5590.5	1.0	6.0	2.0	0.0	728.0	634.0	0.0	1043.5	950.0	2884.0	2759.0	3.0	1.0	1483.0	1618.5	1564.5	1483.0	4982.5	5129.5	4991.5	4403.0	1.5	5.0	3.5	3.0
PBANKA_040720	PbGEM-272034|PBANKA_040720|PbGEM-647099|PbGEM-272042|PbGEM-272026	CCCGACACACA	484.5	584.0	0.5	54.0	56.5	199.0	216.0	0.0	0.0	0.0	0.0	0.0	0.0	46.0	50.0	48.0	56.0	0.0	0.0	0.0	0.0	381.5	557.0	0.0	46.5	52.5	158.5	223.5	0.0	1.0	0.0	4.0	0.0	0.0	18.5	49.5	51.5	54.0	0.0	0.5	1.5	0.0
PBANKA_040980	PBANKA_040980|PbGEM-646996|PbGEM-272234|PbGEM-272242	GGAGAGCGGAG	987.5	621.0	2.0	249.5	310.0	587.5	596.5	1.0	0.0	31.5	29.0	49.5	43.5	560.5	654.5	591.5	483.0	0.0	0.5	1.0	1.0	778.5	647.0	0.0	355.0	331.0	584.5	456.0	0.0	0.0	65.0	34.5	46.0	44.0	537.0	592.0	494.5	391.0	0.0	0.5	0.0	0.0
PBANKA_041240	PBANKA_041240|PbGEM-272538|PbGEM-272546	ATAGTGCAGTT	677.0	487.0	1.5	498.0	461.5	1938.5	1872.0	1.5	3.0	676.0	535.5	795.5	606.5	2164.0	2073.0	2316.0	2662.5	0.5	2.5	1.0	1.0	579.5	503.0	0.5	472.0	488.0	1773.5	1559.0	1.5	1.0	611.5	685.0	851.0	564.0	1972.0	1973.0	2114.0	2076.5	2.5	1.0	1.5	0.0
PBANKA_041640	PbGEM-273114|PbGEM-273106|PBANKA_041640	ACAACAATCGT	842.0	602.0	0.5	570.0	660.0	1598.5	1511.0	1.0	0.0	0.5	0.0	1.0	0.0	1239.0	1453.0	1419.0	1311.0	0.5	0.0	0.0	2.0	696.5	544.0	1.0	600.5	648.0	1489.5	1381.0	0.0	0.0	2.0	31.5	2.0	0.5	1118.5	1333.5	1263.0	969.5	4.5	0.0	0.0	0.0
PBANKA_041690	PbGEM-013193|PBANKA_041690|PbGEM-231102	GCAGACGGGAC	733.0	501.5	0.5	258.0	273.5	1412.0	1264.5	0.0	0.0	171.0	137.0	186.0	134.0	2460.0	2203.0	1978.5	1928.5	0.0	1.5	0.0	0.0	566.0	494.0	1.5	263.0	269.0	1273.5	1043.5	0.0	0.5	217.0	185.0	187.5	104.5	2034.0	1976.5	1827.0	1405.5	0.5	0.0	1.0	0.0
PBANKA_041740	PbGEM-670493|PbGEM-273226|PBANKA_041740|PbGEM-273234|PbGEM-273242	TTCATATGTTT	752.5	484.5	0.0	40.0	27.5	6.0	28.5	0.0	0.0	4.0	2.0	1.0	3.5	0.0	0.0	0.0	2.5	0.0	0.0	0.0	0.0	553.5	509.5	0.0	35.5	28.5	10.0	26.0	0.0	0.0	3.0	1.0	1.0	1.0	1.0	0.0	1.0	0.0	0.0	0.0	0.0	0.0
PBANKA_050120	PbGEM-273538|PBANKA_050120|PbGEM-273546|PbGEM-329235	CTCGGGAGGGG	861.0	177.0	771.5	11984.5	12121.0	1427.0	1387.5	5582.0	5265.0	12400.0	10135.5	13266.0	13634.5	2731.5	2422.0	3169.5	3032.5	6423.0	5726.0	4956.0	5683.5	742.5	153.0	661.0	11862.5	11335.5	1456.5	1158.5	5949.0	5244.0	13748.5	12229.5	13784.5	12028.5	2463.0	2178.5	3014.0	2214.0	5735.0	5261.0	5528.0	5072.0
PBANKA_050250	PbGEM-273778|PbGEM-273770|PBANKA_050250|PbGEM-273786	GATGATCCGTT	695.5	778.5	1.0	243.5	275.0	69.5	109.0	0.0	1.0	82.5	35.0	67.0	24.5	199.5	99.0	208.0	214.5	1.0	0.0	0.0	0.0	585.0	805.5	0.0	270.5	281.0	70.5	47.0	1.0	0.0	88.5	65.5	68.5	23.0	197.5	90.5	183.5	183.0	0.0	0.0	0.0	1.0
PBANKA_050350	PBANKA_050350|PbGEM-231957|PbGEM-329315|PbGEM-013945	ACCAACCGTCA	908.5	577.5	0.0	77.0	74.0	0.0	0.0	0.0	0.0	6.0	2.5	4.0	14.0	1.0	0.0	0.0	0.0	0.0	0.0	1.0	0.0	679.0	542.0	0.0	101.0	109.0	0.0	0.0	0.0	0.0	11.0	2.0	14.5	8.0	0.0	0.0	0.0	0.0	1.0	0.0	0.5	0.0
PBANKA_050380	PBANKA_050380|PbGEM-329323|PbGEM-273954|PbGEM-273946|PbGEM-273938	TACGAGTAATC	102.5	72.5	0.0	31.0	21.5	214.5	248.5	0.0	0.0	33.0	13.0	44.5	45.0	319.5	422.0	387.0	275.0	0.0	0.0	0.0	0.0	69.0	68.0	0.0	27.0	30.0	180.0	225.5	0.0	0.0	52.5	41.0	84.0	38.5	347.0	354.5	332.5	263.5	0.0	0.0	0.0	0.0
PBANKA_050590	PbGEM-329379|PbGEM-274162|PBANKA_050590|PbGEM-274170	CTCGAGACCAG	600.0	359.0	0.0	0.0	6.0	0.0	0.0	0.0	0.0	0.0	0.0	0.0	0.0	15.0	0.0	0.0	0.0	0.0	0.0	0.0	0.0	502.0	360.5	0.0	4.0	6.0	1.0	1.5	0.0	0.0	0.0	0.0	0.0	0.0	10.5	0.0	0.0	0.0	0.0	0.0	0.0	0.0
PBANKA_050650	PbGEM-230925|PBANKA_050650|PbGEM-014384|PbGEM-329403	CTTCAAGCCGT	669.5	485.0	10.0	8168.0	7435.5	16167.5	21388.5	5.5	9.0	1582.0	1130.0	1326.0	1435.0	4114.5	4467.0	5146.5	4927.5	5.5	7.0	3.5	12.5	581.5	493.5	3.0	7822.5	6985.0	14321.5	18953.5	4.5	5.0	1678.0	1530.5	1251.5	1327.0	3504.0	4095.5	4568.5	3877.5	7.5	4.0	6.5	3.5
PBANKA_051060	PbGEM-329547|PbGEM-646729|PbGEM-274850|PBANKA_051060	CGTGTGATGCC	608.5	139.0	539.5	1980.5	1935.0	926.0	839.0	4497.5	3346.5	2503.5	2163.0	2418.0	2659.0	2.0	1.0	0.5	2.5	5861.5	5414.0	4802.5	5353.0	560.5	111.0	526.5	2131.0	1838.5	781.5	789.5	4079.5	3806.5	2666.0	2749.0	2416.5	2437.5	1.0	0.5	2.5	13.0	5066.0	4749.5	5517.5	4921.0
PBANKA_051210	PBANKA_051210|PbGEM-015181|PbGEM-231655|PbGEM-015189|PbGEM-329587	GAAGAACAAGA	950.5	610.0	0.0	139.5	174.5	11.0	6.0	0.0	0.0	7.0	7.0	40.5	13.5	0.0	6.0	0.0	0.0	0.0	0.0	0.0	0.0	770.5	618.0	1.0	166.0	119.0	4.0	5.0	0.5	0.0	7.0	23.5	40.5	16.0	0.0	1.0	0.0	0.0	0.0	0.0	0.0	0.0
PBANKA_051270	PbGEM-275106|PbGEM-275114|PbGEM-275098|PBANKA_051270	TGCGCTTTTGT	585.5	418.0	2.5	326.0	309.5	2140.0	2023.5	0.5	2.0	450.5	325.0	318.5	447.0	4640.5	4852.5	4865.0	5163.5	2.0	0.5	1.5	1.5	475.5	418.0	0.0	340.0	353.5	1995.0	1661.5	2.0	2.5	517.0	414.5	318.0	354.5	3889.5	4520.0	4334.0	3939.5	6.0	0.5	0.0	0.0
PBANKA_052020	PbGEM-645760|PbGEM-232885|PbGEM-121386|PbGEM-646375|PbGEM-646541|PbGEM-528068|PbGEM-329803|PbGEM-016382|PbGEM-121306|PbGEM-528350|PBANKA_052020|PbGEM-086590|PbGEM-528209	GTTAGCTGTCC	918.5	583.5	0.0	12.0	8.0	2.0	0.0	0.0	1.5	0.0	1.0	0.0	0.0	0.0	0.0	0.0	0.0	0.0	0.0	0.0	0.0	711.0	621.0	0.0	5.0	16.5	0.0	0.0	0.0	0.0	0.0	0.0	0.0	0.0	0.0	0.0	0.0	0.0	0.0	0.0	0.0	0.0
PBANKA_052040	PbGEM-329819|PBANKA_052040|PbGEM-086601|PbGEM-232916|PbGEM-533931|PbGEM-016414	TTCGGACCGTA	850.5	538.0	0.0	317.0	264.5	5.0	5.5	0.0	0.0	50.5	52.5	26.0	47.5	0.0	0.0	4.0	8.0	0.0	0.0	0.0	1.0	661.0	535.5	0.0	312.0	260.5	4.0	0.0	0.0	0.0	41.5	41.0	60.5	28.5	0.0	0.0	3.0	6.0	0.0	0.0	0.0	1.0
PBANKA_060870	PBANKA_060870|PbGEM-673453|PbGEM-277810	TTCGGTACGCC	793.0	483.0	0.0	109.0	64.0	3.0	4.0	0.0	0.0	4.0	3.0	2.0	4.0	1.0	0.0	0.0	0.0	0.0	0.0	1.0	0.0	655.0	529.5	0.0	143.0	102.5	2.0	3.5	0.0	0.0	9.0	10.0	1.0	1.0	0.0	0.0	0.0	0.0	0.0	0.0	0.0	1.0
PBANKA_061490	PBANKA_061490|PbGEM-278538|PbGEM-278546	ATCGGCATAGA	792.5	617.0	0.0	149.0	153.5	400.5	369.0	0.0	1.0	232.0	215.5	201.0	352.5	799.0	920.5	830.5	825.0	0.5	0.0	1.0	1.0	634.0	589.0	0.0	169.0	154.5	395.0	320.5	0.5	0.5	239.0	295.0	226.0	321.5	676.5	882.5	885.0	666.5	0.0	0.0	1.0	0.0
PBANKA_061520	PbGEM-645866|PbGEM-456535|PbGEM-528308|PbGEM-456531|PbGEM-646481|PbGEM-449340|PBANKA_061520|PbGEM-467279|PbGEM-456528|PbGEM-449356|PbGEM-528167|PbGEM-456533|PbGEM-234446|PbGEM-087811|PbGEM-456532|PbGEM-456538|PbGEM-449348|PbGEM-087803|PbGEM-019124|PbGEM-528449|PbGEM-646647|PbGEM-449364	CCTCTTACCCG	818.0	586.5	0.0	136.0	114.0	508.0	590.0	1.0	0.0	79.5	55.5	17.5	102.0	1.0	27.5	26.5	1.0	0.0	0.0	0.0	0.0	674.0	546.0	1.0	115.5	104.5	474.5	474.0	1.0	0.0	91.5	105.0	18.0	111.0	4.0	43.0	29.5	0.0	0.5	0.0	0.0	0.5
PBANKA_061670	PbGEM-646732|PbGEM-072498|PBANKA_061670	TCTCGGTTAT	729.0	132.5	737.0	4660.5	4493.0	395.0	334.5	2658.0	2127.5	12.5	30.0	26.5	2.0	345.0	514.0	509.5	468.5	2.0	0.0	2.0	1.5	658.0	123.0	616.5	4529.0	4399.5	357.0	285.0	2622.0	2219.0	35.5	55.5	22.0	5.0	330.0	426.5	433.5	359.0	1.0	1.5	6.0	0.0
PBANKA_061800	PBANKA_061800|PbGEM-668085|PbGEM-534179|PbGEM-279114|PbGEM-279122	CGAGGCTTATT	555.0	578.5	0.0	36.5	30.5	2.0	0.0	0.0	0.0	0.0	8.0	10.0	8.0	0.0	0.0	0.0	0.0	0.0	0.0	0.0	0.0	456.0	678.0	0.0	46.0	34.5	4.0	3.0	0.0	0.0	0.0	14.0	14.5	8.5	0.0	0.0	0.0	0.0	0.0	0.0	0.0	0.0
PBANKA_061920	PbGEM-330347|PBANKA_061920|PbGEM-234997|PbGEM-019708|PbGEM-019700|PbGEM-467280|PbGEM-088087	AGTAGCGGTCC	785.0	545.0	1.0	715.5	754.5	3100.0	3009.5	2.0	0.0	546.0	466.5	815.5	563.5	3706.0	3627.5	3830.5	3815.5	1.0	2.0	2.0	1.5	619.5	513.5	0.5	716.0	733.5	2726.5	2666.5	2.0	0.0	515.5	602.0	811.0	540.5	3237.0	3347.5	3710.5	2918.5	5.0	3.0	2.5	1.0
PBANKA_062180	PbGEM-279634|PBANKA_062180|PbGEM-279642|PbGEM-279650	CTGGAAGTAAT	737.5	460.5	0.0	40.5	49.0	28.0	57.5	0.0	0.0	14.5	7.0	8.5	4.0	22.0	71.0	99.5	0.0	0.0	1.0	1.0	0.0	564.5	520.0	0.0	87.5	52.5	33.0	35.0	0.0	0.0	17.5	10.0	5.0	6.0	33.0	48.0	88.5	0.0	1.0	0.0	0.0	0.0
PBANKA_070070	PbGEM-646811|PbGEM-330491|PBANKA_070070|PbGEM-279938|PbGEM-279946	TTGACCAAACG	797.5	566.0	2.0	1444.5	1398.5	5387.0	4551.0	1.5	2.5	632.0	481.0	610.5	508.0	5029.0	5758.5	5384.0	4865.5	1.0	7.5	3.5	3.0	644.5	546.5	3.0	1633.0	1338.5	4971.5	4131.5	1.0	3.5	638.5	644.0	570.5	449.0	4408.5	5184.0	4765.5	3732.5	1.0	1.5	2.5	1.5
PBANKA_070120	PbGEM-330515|PbGEM-645665|PbGEM-280010|PbGEM-645733|PBANKA_070120	CAAACTACGCA	511.0	655.5	1.5	355.5	386.0	114.0	110.5	0.0	0.0	374.5	241.5	289.5	349.0	200.5	279.5	146.5	255.0	0.0	0.0	1.0	0.5	440.5	631.0	0.0	377.5	416.5	102.5	100.0	0.0	0.0	432.5	325.0	316.0	291.5	190.5	232.5	137.0	241.0	0.0	1.0	0.0	0.0
PBANKA_070220	PbGEM-233289|PbGEM-264356|PbGEM-020532|PBANKA_070220	TTTGCGTATGT	499.0	578.5	0.0	276.5	223.5	95.0	95.5	0.0	1.0	16.0	38.0	11.5	56.5	0.0	0.0	0.0	0.0	0.0	0.0	0.0	0.0	439.5	628.0	0.0	242.5	239.0	99.0	88.0	0.0	0.5	23.0	47.0	7.0	48.5	0.0	0.0	0.0	0.0	0.0	0.0	0.0	0.0
PBANKA_070630	PBANKA_070630|PbGEM-673413|PbGEM-280690|PbGEM-280682	GTACTCCGGTT	818.0	528.0	0.0	17.0	19.0	4.5	27.0	1.0	0.0	4.0	1.0	11.0	1.0	0.0	1.0	0.0	0.0	0.5	0.0	0.0	0.0	689.5	520.5	0.0	17.5	21.0	5.0	10.0	0.0	0.0	2.0	0.0	8.0	0.5	0.0	0.0	0.0	0.0	0.0	0.0	0.0	0.0
PBANKA_070820	PbGEM-281074|PbGEM-647291|PBANKA_070820|PbGEM-281090|PbGEM-534307|PbGEM-281082|PbGEM-667093	CACCGGTACGT	853.5	648.5	1.5	1121.5	1208.5	3284.0	2863.5	0.5	2.5	1781.0	1468.0	1716.0	1890.0	1.5	1.0	19.0	0.5	1.5	1.0	1.0	2.0	684.5	664.0	1.0	1306.5	1267.5	2835.0	2620.0	1.0	0.0	1893.5	2020.5	1714.5	1662.0	0.0	1.5	24.5	1.5	1.0	2.5	0.0	0.5
PBANKA_070940	PbGEM-021641|PbGEM-234710|PBANKA_070940	GACATGGGATT	898.0	600.5	1.0	5.0	9.0	8.0	6.5	0.0	0.0	2.0	3.0	2.0	4.5	0.0	0.0	0.0	0.0	0.0	0.0	0.0	0.0	728.5	577.5	0.0	5.0	1.0	2.0	14.0	0.0	0.0	0.0	1.5	2.0	6.0	0.0	0.0	0.0	0.0	0.0	0.0	0.0	0.0
PBANKA_071050	PbGEM-665421|PbGEM-281386|PBANKA_071050|PbGEM-281378	TGTCTCGCTTT	799.0	583.5	1.5	158.0	162.0	211.0	178.5	0.0	2.0	202.5	53.0	139.5	88.5	266.5	417.5	225.0	235.0	0.0	0.0	0.0	0.0	633.0	630.0	0.0	146.5	112.0	187.0	118.0	0.0	0.0	171.5	107.5	129.0	102.0	255.5	351.5	197.5	185.5	0.0	0.0	0.0	0.0
PBANKA_071550	PbGEM-281930|PBANKA_071550|PbGEM-342052|PbGEM-646746|PbGEM-534379|PbGEM-281938|PbGEM-665757|PbGEM-281922	GCGATGCCTGC	9.0	7.0	0.0	41.0	40.0	172.5	181.0	0.0	1.0	30.5	32.0	37.5	31.0	186.0	193.5	199.0	163.0	0.0	0.0	0.0	0.0	10.5	6.0	0.0	43.0	24.5	146.5	186.5	0.0	0.0	29.0	44.0	39.0	37.5	146.0	144.5	168.5	145.0	0.0	0.0	0.0	0.0
PBANKA_071560	PbGEM-235971|PbGEM-330947|PbGEM-022529|PbGEM-022521|PBANKA_071560|PbGEM-089521	GGGACAAACAT	1009.5	641.0	1.0	262.0	267.5	15.5	14.5	0.5	0.0	145.5	96.5	146.5	153.0	14.5	0.0	31.0	25.0	0.5	0.0	0.0	0.5	851.5	657.5	0.0	302.5	235.5	27.5	22.5	1.0	0.5	138.0	107.5	158.0	168.5	13.0	3.0	39.0	6.0	0.0	0.0	0.0	0.0
PBANKA_071660	PbGEM-282082|PBANKA_071660|PbGEM-282090|PbGEM-282074	ATGTCTTATTG	1010.0	669.5	0.0	109.5	136.0	883.0	938.0	0.0	0.0	13.5	22.0	37.0	0.0	0.0	0.0	29.5	8.5	2.0	0.5	0.0	1.5	786.5	699.0	0.0	132.0	100.5	811.5	709.0	0.0	0.0	15.5	45.0	33.5	1.0	1.0	0.0	30.5	4.0	0.0	0.0	0.0	0.0
PBANKA_071760	PbGEM-089700|PbGEM-022786|PbGEM-236367|PbGEM-089708|PBANKA_071760	CACGTCAGTAT	661.0	608.5	0.0	9.0	9.0	0.0	0.0	0.0	0.0	0.0	0.0	2.0	0.0	0.0	0.0	0.0	0.0	0.0	0.0	0.0	0.0	537.0	659.0	0.0	17.5	13.0	2.0	0.0	0.0	0.0	1.0	0.0	7.0	0.0	0.0	0.0	0.0	0.0	0.0	0.0	0.0	0.0
PBANKA_071810	PbGEM-673109|PbGEM-022852|PbGEM-236470|PbGEM-089781|PBANKA_071810	GGCTTTTCCAC	2324.0	1547.5	0.0	505.5	526.0	1.0	7.5	0.0	0.0	516.0	400.5	535.0	613.5	0.0	1.0	0.5	0.0	0.0	1.0	0.0	0.0	1891.0	1592.0	0.5	576.0	496.0	1.0	5.5	1.0	1.0	546.0	466.0	553.5	553.0	0.0	0.0	0.0	0.0	1.0	0.0	0.0	0.0
PBANKA_072060	PBANKA_072060|PbGEM-236973|PbGEM-023168	TCACTCATTTC	512.0	601.5	3.0	2639.5	2637.0	4.0	10.0	0.5	2.0	2837.5	2359.5	3154.5	3053.5	1.0	3.0	1.5	1.0	0.5	3.0	1.0	3.0	435.5	558.5	0.0	2471.0	2340.5	12.5	17.5	0.0	0.0	3207.5	2840.5	2873.5	2886.0	1.5	2.5	2.0	1.5	3.0	2.0	0.0	1.0
PBANKA_080220	PBANKA_080220|PbGEM-235473|PbGEM-023655|PbGEM-023663	GCTCGATCGTA	872.5	569.0	0.0	47.0	55.5	38.0	41.0	0.0	0.5	56.0	59.0	54.5	50.0	88.0	45.5	89.0	36.5	0.5	0.0	0.0	1.0	701.5	611.0	0.0	49.5	50.5	38.0	25.0	0.0	0.0	70.5	65.5	54.5	50.5	64.0	18.5	59.5	42.0	0.0	0.0	0.0	0.0
PBANKA_080490	PbGEM-283346|PbGEM-283338|PBANKA_080490|PbGEM-331339|PbGEM-283354|PbGEM-672341	GTGGAACACTT	945.5	601.0	1.0	650.5	668.5	48.5	45.0	1.0	1.0	747.0	454.0	672.0	747.0	62.0	30.0	113.0	121.5	0.0	0.0	0.0	1.0	805.5	621.5	0.0	647.0	623.5	37.5	27.5	0.0	1.0	775.0	512.5	667.5	700.0	59.5	9.5	119.5	105.5	2.0	0.0	0.0	1.0
PBANKA_080660	PbGEM-331403|PBANKA_080660|PbGEM-024331|PbGEM-236468	ACCGTATCTCA	860.0	574.5	0.0	18.0	23.5	308.5	402.5	1.0	0.0	2.0	5.0	0.0	2.0	252.5	342.5	301.0	425.5	0.0	1.0	1.0	0.0	702.0	588.0	0.0	36.0	21.5	356.5	366.0	0.0	0.0	3.0	10.5	0.0	3.0	224.0	302.5	290.5	316.5	0.0	0.0	0.0	0.0
PBANKA_080730	PBANKA_080730|PbGEM-283602|PbGEM-283610	GGGTCGAACGG	745.0	445.5	0.0	20.0	14.5	14.0	9.5	0.0	0.0	0.0	0.0	1.0	2.0	11.0	0.0	1.0	0.5	0.0	0.0	0.0	0.0	595.0	525.5	0.0	27.5	8.5	9.0	21.5	0.0	0.0	0.0	0.0	2.0	1.0	5.0	0.0	0.0	0.0	0.0	0.0	0.0	0.0
PBANKA_080870	PBANKA_080870|PbGEM-283786|PbGEM-283794	GTCGCTCCAAG	799.0	499.0	0.0	56.0	34.0	615.5	655.5	0.0	1.0	2.0	1.0	3.0	3.0	290.0	285.5	379.5	338.5	0.0	1.0	0.0	0.0	600.0	517.5	0.5	39.0	32.5	561.0	626.0	0.0	0.0	3.0	7.0	1.0	1.0	234.0	292.5	311.5	253.5	1.0	0.5	0.0	0.0
PBANKA_080910	PBANKA_080910|PbGEM-283834|PbGEM-283818|PbGEM-283826	CTACACTGCCA	785.5	520.0	0.5	379.5	431.0	1717.5	1609.0	1.0	2.5	518.5	435.5	452.5	471.0	3018.0	3368.0	2828.5	3074.0	1.5	1.5	1.5	1.5	643.0	499.5	2.0	426.0	343.0	1528.0	1271.5	1.0	0.0	566.5	521.0	499.5	443.0	2514.0	3145.0	2714.0	2414.5	3.5	3.0	0.5	0.0
PBANKA_081620	PbGEM-284562|PBANKA_081620|PbGEM-284554	GTCTATATACC	411.5	484.0	0.0	69.5	64.0	7.0	3.0	0.0	0.0	83.0	88.0	197.0	110.5	5.0	0.0	0.5	0.0	0.0	0.0	0.0	0.0	371.0	522.5	0.0	92.0	59.5	6.0	14.0	0.0	0.0	98.5	118.5	194.5	129.0	2.0	0.0	0.0	0.0	0.0	1.0	0.0	0.0
PBANKA_082400	PbGEM-026520|PBANKA_082400|PbGEM-259444	CTTGTACCGCC	368.0	254.0	0.5	489.0	513.0	1167.5	1062.5	1.5	0.0	784.0	582.5	743.0	887.0	2412.5	2116.0	1877.0	2300.0	2.0	0.5	0.0	0.0	357.0	332.5	1.5	483.5	469.5	1050.5	856.5	1.5	0.5	797.0	739.5	795.5	767.0	2030.0	1787.5	1680.5	1763.5	0.0	1.0	0.5	0.0
PBANKA_082450	PbGEM-091584|PbGEM-259484|PBANKA_082450|PbGEM-195410|PbGEM-091576	ATCTCAAAGTG	859.0	1127.0	2.0	305.5	288.0	24.0	18.5	0.0	0.0	0.0	0.0	0.0	2.0	14.0	8.0	35.0	4.0	0.0	0.0	0.0	1.0	796.5	1050.5	0.0	313.0	276.0	28.0	34.5	0.0	1.0	0.0	1.0	0.0	3.0	17.0	11.0	28.5	0.5	0.0	0.0	0.0	0.0
PBANKA_083260	PbGEM-027703|PbGEM-027695|PbGEM-332027|PbGEM-664597|PbGEM-260100|PBANKA_083260	ACGCAAGCACA	739.0	489.0	0.0	406.0	437.0	6.0	5.0	1.0	2.0	483.5	476.5	530.5	446.0	0.0	3.0	40.5	3.0	1.0	0.0	0.0	0.0	610.5	490.0	0.0	374.5	446.5	4.5	5.0	0.0	0.0	482.0	620.0	596.5	431.0	0.0	3.0	36.0	1.0	0.0	0.0	0.0	0.0
PBANKA_090040	PbGEM-286946|PbGEM-286954|PBANKA_090040|PbGEM-332171	GTGCAAGCATG	980.0	695.5	1.0	345.0	228.0	1316.5	1221.5	0.5	1.0	670.5	448.5	445.5	466.5	2613.5	2497.5	2625.0	2921.0	0.0	0.5	0.5	2.0	802.5	724.0	2.0	312.0	290.5	1178.5	1026.0	0.0	1.5	794.5	621.0	455.0	369.5	2269.5	2227.0	2467.0	2135.5	2.0	1.5	0.5	0.0
PBANKA_090140	PbGEM-092506|PbGEM-646737|PbGEM-332195|PbGEM-646786|PbGEM-260476|PbGEM-092514|PbGEM-028462|PBANKA_090140	CGTTTTAGTTA	831.0	578.5	0.0	243.5	237.0	511.5	394.0	1.0	0.0	0.0	0.0	2.0	0.0	420.0	491.5	429.0	444.5	0.0	1.5	0.0	0.5	654.0	602.0	1.0	257.5	252.5	501.5	399.5	0.0	1.0	0.0	6.5	6.5	0.0	355.0	439.0	389.5	320.5	1.5	0.0	0.0	0.0
PBANKA_090430	PbGEM-287434|PbGEM-332307|PbGEM-668253|PbGEM-287426|PBANKA_090430	CTCCAATCAGC	852.0	576.0	0.0	60.0	39.5	7.5	9.0	0.0	0.5	46.0	20.0	41.5	62.0	0.0	0.0	0.5	0.0	0.0	0.0	1.0	0.0	688.5	593.5	0.0	53.0	36.5	4.0	7.0	0.0	0.0	23.0	45.0	32.0	46.5	0.0	0.0	0.0	0.0	0.0	0.0	0.0	0.0
PBANKA_090440	PbGEM-287442|PbGEM-287450|PBANKA_090440|PbGEM-332315|PbGEM-647395	ATGGTCCTAGC	459.5	514.0	0.0	105.0	90.0	12.0	14.5	0.0	1.0	15.0	7.0	14.0	10.0	0.0	0.0	0.0	0.0	0.0	0.0	0.0	0.0	362.0	496.0	0.0	116.0	81.5	28.0	21.0	0.5	0.0	22.5	8.5	24.0	7.0	0.0	1.0	0.0	0.0	0.0	0.0	0.0	0.0
PBANKA_090620	PBANKA_090620|PbGEM-646957|PbGEM-534827|PbGEM-287682|PbGEM-287690	TTGCTCCGAGT	1180.5	1092.5	4.5	6166.5	6264.5	1232.0	1147.0	0.0	1.0	2.0	0.5	1.0	2.5	1068.5	1269.0	1136.0	1044.5	2.0	3.0	2.0	1.5	985.5	1063.5	2.0	6264.5	6178.5	1168.0	1029.0	0.5	2.0	11.5	30.0	4.0	2.0	954.5	1127.0	952.0	796.5	1.0	1.5	1.0	0.0
PBANKA_090820	PbGEM-288010|PbGEM-288018|PBANKA_090820	TCTGCCCTTAT	708.0	410.0	1.0	10.0	13.5	24.0	26.0	0.0	0.0	1.0	16.5	0.0	0.0	16.0	77.0	15.5	34.0	0.0	0.0	0.0	0.0	590.0	495.0	1.0	9.5	9.0	30.5	32.5	0.0	0.0	0.0	4.0	6.0	0.0	12.5	69.0	15.5	30.0	0.0	0.0	0.0	0.0
PBANKA_090870	PBANKA_090870|PbGEM-029436|PbGEM-237370|PbGEM-029428	GCTTAAGCTGG	1004.5	679.0	4.5	457.5	487.0	1968.0	1883.0	0.0	0.5	44.5	19.0	17.0	37.0	2806.5	2507.0	2742.0	3248.0	3.5	2.5	0.5	1.0	835.0	675.5	0.0	511.0	480.5	1934.0	1734.0	0.5	2.0	66.0	68.0	22.0	26.5	2372.5	2186.0	2489.0	2565.5	1.0	1.0	0.0	0.5
PBANKA_091010	PbGEM-288226|PbGEM-288218|PBANKA_091010|PbGEM-288210	TCTGAGCACTG	282.0	333.5	0.0	80.5	71.5	24.5	14.0	0.0	0.0	13.5	10.0	23.0	17.5	1.0	0.0	0.0	0.0	0.0	0.0	0.0	0.0	203.5	320.0	0.0	69.0	70.0	18.0	20.5	0.0	0.0	28.0	14.5	22.5	11.0	0.0	0.0	0.0	0.0	0.0	0.0	0.0	0.0
PBANKA_091150	PBANKA_091150|PbGEM-332491|PbGEM-288410|PbGEM-288402	CCAAATTCATA	1076.0	727.0	3.0	524.5	552.0	2882.0	2453.0	0.0	2.5	123.0	245.0	242.5	229.5	8565.5	9094.5	8079.5	6836.5	3.5	2.0	1.5	1.5	923.5	702.5	2.0	503.5	501.5	2592.5	2109.0	6.0	0.5	177.0	325.5	254.5	186.5	7476.0	8388.0	7337.5	5298.0	5.5	4.5	4.0	4.0
PBANKA_091280	PbGEM-288578|PbGEM-647435|PbGEM-288570|PBANKA_091280	CATTGGGTCAA	952.0	725.5	0.5	23.5	15.5	307.5	292.5	1.0	0.0	0.0	0.0	2.0	0.0	140.0	75.5	43.0	16.5	0.0	0.0	0.0	0.0	798.0	697.5	0.0	9.5	19.5	302.0	256.5	0.0	0.0	1.0	4.0	1.0	0.0	112.5	55.5	33.0	13.5	0.0	0.0	0.0	0.0
PBANKA_091910	PbGEM-289433|PbGEM-289417|PBANKA_091910|PbGEM-289441|PbGEM-289425	ACGACTTGGAC	889.0	603.0	1.0	418.0	497.0	1106.0	1283.0	0.0	0.0	335.0	232.0	387.5	455.5	1095.5	1445.0	956.5	1270.5	1.0	0.0	1.5	0.5	715.0	618.0	2.0	416.0	463.0	1201.0	989.5	0.5	1.5	391.0	343.5	416.0	387.0	980.0	1334.5	837.0	1065.5	1.0	0.0	0.0	0.0
PBANKA_092090	PBANKA_092090|PbGEM-240365|PbGEM-332723	CATCCGAGGCC	2378.5	1494.5	0.0	103.0	145.5	1.0	8.5	1.0	0.0	72.0	85.5	100.0	81.5	20.0	76.0	54.5	41.0	0.0	1.0	0.0	0.0	1889.0	1460.5	0.0	136.5	109.0	7.5	5.0	0.0	0.5	83.0	83.0	105.0	80.0	17.0	67.5	42.5	54.5	0.0	0.0	1.0	0.0
PBANKA_092820	PBANKA_092820|PbGEM-290472|PbGEM-290480	CGGTTCTCTGC	799.0	501.0	0.0	0.0	3.0	0.0	0.0	0.0	0.0	0.0	0.0	0.0	0.0	0.0	0.0	0.0	0.0	0.0	0.0	0.0	0.0	621.5	520.0	1.0	3.5	0.0	0.0	1.0	0.0	0.0	0.0	0.0	0.0	0.0	0.0	0.0	0.0	0.0	0.0	0.0	0.0	0.0
PBANKA_092890	PbGEM-290600|PbGEM-672285|PbGEM-332923|PbGEM-290608|PBANKA_092890	ATCACGACACC	409.0	400.0	0.0	108.0	103.0	23.5	24.0	0.0	0.5	72.5	33.0	46.5	108.5	0.0	0.0	0.0	0.0	0.0	0.0	0.0	0.0	313.0	462.5	1.0	129.5	94.0	36.0	18.0	0.0	0.0	52.5	40.0	72.5	101.5	0.0	0.0	0.0	0.0	0.0	0.0	0.0	0.0
PBANKA_092910	PBANKA_092910|PbGEM-290624|PbGEM-290616	CGTTCGCTATA	1848.0	1333.0	0.5	558.0	601.0	1024.5	939.5	1.0	8.0	228.5	170.5	281.0	272.5	2207.5	2649.5	2300.5	1952.0	3.5	3.5	0.5	1.0	1506.5	1371.0	1.0	614.5	561.5	947.5	824.0	2.0	1.5	288.5	233.0	285.5	261.5	1850.0	2465.0	2032.0	1547.0	3.0	0.0	1.0	1.0
PBANKA_092940	PbGEM-290672|PbGEM-647467|PBANKA_092940|PbGEM-290680|PbGEM-290664	ACTAGAGGTAA	782.0	492.5	0.0	0.0	2.0	0.0	0.0	0.0	1.0	9.0	11.0	20.0	32.0	0.0	0.0	0.0	0.0	0.0	0.0	0.0	0.0	623.5	483.5	0.0	4.0	0.0	0.0	0.5	0.0	0.0	30.0	8.5	20.0	25.0	0.0	0.0	0.0	0.0	0.0	0.0	0.0	0.0
PBANKA_093090	PbGEM-032411|PbGEM-332979|PbGEM-342316|PbGEM-094382|PbGEM-032403|PbGEM-239021|PBANKA_093090	ACATCGAGCTT	888.0	602.5	2.0	502.0	454.5	1881.5	1863.0	1.0	1.5	675.5	538.0	726.5	534.0	2844.0	3183.0	2959.0	3179.5	1.0	0.5	1.0	1.0	699.0	681.0	1.0	466.0	453.5	1860.5	1570.5	1.0	0.5	790.5	714.0	731.0	570.0	2387.5	2980.0	2755.5	2549.5	4.5	2.5	1.0	0.0
PBANKA_093250	PBANKA_093250|PbGEM-646498|PbGEM-528184|PbGEM-646664|PbGEM-333035|PbGEM-239468|PbGEM-528466|PbGEM-528325|PbGEM-032650|PbGEM-645883	AGGCTAATCAA	1022.5	619.5	0.0	5.0	1.0	0.0	0.0	0.0	0.0	4.0	0.0	2.0	0.0	0.0	0.0	0.0	0.0	0.0	0.0	0.0	1.0	808.5	648.5	0.0	6.5	4.0	0.0	0.0	0.0	0.0	0.0	0.5	1.0	0.0	0.0	0.0	0.0	0.0	0.0	0.0	0.0	0.0
PBANKA_093660	PbGEM-291528|PBANKA_093660|PbGEM-291536|PbGEM-291544|PbGEM-342348|PbGEM-291552|PbGEM-647491	ACACCGATCAC	1576.5	1050.0	1.5	194.0	184.5	2040.5	2034.5	0.5	0.0	187.5	195.0	255.0	270.0	939.5	1149.0	925.0	656.5	0.0	1.0	1.0	0.5	1208.0	1059.5	0.0	203.0	200.5	2242.0	1755.5	1.0	1.0	169.5	280.5	260.5	217.5	830.0	1090.0	862.5	496.5	2.5	0.5	1.5	2.0
PBANKA_094130	PbGEM-292192|PbGEM-666973|PbGEM-645669|PbGEM-292200|PbGEM-645727|PBANKA_094130	ATCCGCGTGTA	336.5	441.0	1.0	158.0	154.5	65.0	58.0	0.0	0.0	56.5	30.0	45.5	41.0	134.5	167.5	60.5	116.5	0.0	0.0	1.0	0.0	277.5	447.0	0.0	149.0	159.5	60.5	42.5	0.0	0.0	60.5	64.0	62.5	41.0	108.0	160.0	37.0	86.5	0.0	0.0	0.5	0.0
PBANKA_094330	PbGEM-242149|PbGEM-535219|PBANKA_094330|PbGEM-264748|PbGEM-095184	ATGAGGATGGG	409.5	506.5	0.0	13.5	9.0	34.0	21.0	0.0	0.0	6.0	3.0	0.0	2.0	52.5	71.5	25.0	19.5	0.0	1.0	0.0	0.0	332.0	457.0	0.0	15.0	4.5	37.0	24.0	0.0	0.0	4.0	1.0	0.0	1.0	36.5	61.5	39.0	21.0	0.0	1.0	0.0	0.0
PBANKA_100080	PBANKA_100080|PbGEM-292512|PbGEM-292520|PbGEM-666437	GAAGTGGCCTT	614.0	407.0	0.0	79.5	101.5	794.5	710.0	0.0	0.0	9.0	60.5	34.5	18.5	357.0	517.0	192.0	457.0	0.0	0.0	0.0	0.0	556.0	438.5	0.0	79.0	70.0	717.5	554.5	0.0	0.0	6.0	69.5	37.0	20.5	310.0	397.0	177.0	364.0	1.0	0.0	0.0	0.0
PBANKA_100130	PbGEM-333371|PbGEM-292632|PBANKA_100130|PbGEM-535243|PbGEM-292624	GACGTATACGT	427.5	481.5	0.0	42.0	51.5	22.0	13.5	0.0	0.0	117.0	79.0	62.5	59.0	5.0	4.0	8.0	0.0	0.0	0.0	0.0	0.0	358.5	479.0	0.0	46.0	57.0	14.0	19.5	0.0	0.0	110.5	80.0	65.5	36.0	9.0	10.5	16.5	0.0	0.0	0.0	0.0	0.0
PBANKA_100160	PbGEM-342380|PBANKA_100160|PbGEM-646496|PbGEM-646662|PbGEM-528464|PbGEM-242654|PbGEM-034486|PbGEM-645881|PbGEM-528323|PbGEM-333395|PbGEM-528182	ACCTTTATCTT	1011.0	668.0	0.0	237.5	245.0	872.5	986.5	2.0	1.0	407.0	298.5	410.0	357.0	1839.5	1400.0	1635.5	1515.0	2.0	2.0	0.0	3.0	796.0	658.0	0.5	249.5	236.5	833.0	774.5	0.5	3.0	377.5	370.0	398.0	300.0	1449.0	1286.0	1518.0	1181.5	1.0	0.0	0.0	0.5
PBANKA_100230	PbGEM-292752|PBANKA_100230|PbGEM-292760|PbGEM-333427	CTCTGTGCCAT	943.0	581.0	1.0	6.0	0.0	0.0	0.0	0.0	0.0	0.0	2.0	0.0	0.0	0.0	0.0	0.0	0.0	0.0	0.0	0.0	0.0	806.5	584.5	0.0	2.0	1.0	0.0	0.0	0.0	0.0	0.0	0.0	0.0	0.0	0.0	1.5	0.0	0.0	0.0	0.0	0.0	0.0
PBANKA_100360	PbGEM-095499|PbGEM-034792|PBANKA_100360|PbGEM-264676|PbGEM-243179	TAACTTCCCTT	845.0	584.0	0.0	215.5	257.0	173.5	177.0	0.0	0.0	388.5	344.0	338.5	451.0	368.5	544.0	533.5	446.5	0.0	1.0	0.5	0.5	708.5	606.5	0.0	228.5	223.5	147.0	154.5	0.0	0.0	447.0	379.0	327.5	376.0	341.5	396.0	462.0	328.0	1.0	1.0	0.0	0.0
PBANKA_100530	PBANKA_100530|PbGEM-333507|PbGEM-293264|PbGEM-293256	CTTTTACAAGT	898.0	661.5	1.0	236.5	278.5	1019.0	1106.0	0.5	2.0	64.5	19.5	62.0	56.0	2692.0	2405.0	2471.0	2779.0	0.0	0.5	0.0	1.0	754.5	678.0	1.5	256.0	263.0	1047.5	938.5	0.0	2.0	65.0	65.0	53.0	40.0	2461.5	2218.5	2301.5	2255.0	2.5	3.0	0.5	0.0
PBANKA_100610	PbGEM-293384|PBANKA_100610|PbGEM-669413|PbGEM-293400|PbGEM-293392	CAACCGAAGTG	433.0	501.5	1.5	111.5	65.5	9.0	5.0	0.5	0.5	288.5	197.0	237.5	358.0	0.0	0.0	0.0	0.0	0.0	0.0	0.0	0.0	393.0	490.0	0.0	115.5	98.0	7.0	5.0	0.0	0.0	295.5	319.0	239.0	335.0	0.0	0.5	0.0	0.0	0.5	0.0	0.5	1.0
PBANKA_100620	PBANKA_100620|PbGEM-538571|PbGEM-293408|PbGEM-333555|PbGEM-293416|PbGEM-293424	TTCCCCTGCAA	2.0	1.0	0.0	2.5	14.0	18.5	19.0	0.0	0.0	10.0	9.0	5.5	9.0	16.0	36.0	28.5	23.0	0.0	0.0	0.0	0.0	1.0	1.0	0.0	13.0	16.5	14.5	18.0	0.0	0.0	8.5	5.0	9.5	10.0	29.5	32.5	27.5	33.0	0.0	0.0	0.0	0.0
PBANKA_100770	PbGEM-293616|PbGEM-293624|PbGEM-669973|PbGEM-293632|PBANKA_100770	TTAGTGTTACT	561.5	664.5	0.0	18.0	24.0	48.5	38.0	0.0	0.0	0.0	0.0	0.0	0.0	39.0	4.5	35.5	22.5	0.0	0.0	0.0	0.0	483.0	698.5	0.0	28.0	20.0	48.5	48.5	0.0	0.0	0.0	2.0	0.0	0.0	41.5	3.0	39.5	12.0	0.0	0.0	0.0	0.0
PBANKA_100970	PBANKA_100970|PbGEM-293896|PbGEM-293888	CAAACACGGTA	682.5	876.5	0.0	155.0	167.0	13.5	20.0	0.0	0.0	161.0	89.0	211.5	161.0	2.0	3.0	2.0	6.0	0.0	0.0	0.0	0.0	586.0	802.5	0.0	174.0	197.0	21.0	26.5	1.0	0.0	162.5	116.5	264.5	157.0	1.0	0.0	2.0	1.0	0.0	0.0	0.0	0.5
PBANKA_101010	PbGEM-262740|PbGEM-096049|PbGEM-333675|PbGEM-646788|PbGEM-035776|PBANKA_101010	GTGAAGCCCTG	379.0	222.5	0.0	12.5	15.5	0.0	3.0	0.0	0.0	1.0	0.0	0.0	3.0	0.0	0.0	0.0	5.0	0.0	0.0	0.0	0.0	319.0	236.0	0.0	31.5	14.0	0.0	0.0	0.0	0.0	1.0	0.0	0.0	1.0	1.0	0.0	0.0	2.0	0.0	0.0	0.0	0.0
PBANKA_101080	PbGEM-342412|PBANKA_101080|PbGEM-262796|PbGEM-035888	TGTCGAAGTTG	1063.0	753.5	0.0	415.5	460.5	986.0	897.5	0.0	0.0	205.0	125.5	158.5	191.0	181.5	286.0	286.0	311.0	0.0	1.0	0.0	0.5	908.0	744.5	0.5	489.0	418.0	890.5	796.5	2.0	0.0	208.5	155.0	165.5	150.0	170.0	280.0	225.5	261.0	0.0	0.0	0.5	0.0
PBANKA_101240	PbGEM-333763|PbGEM-294264|PbGEM-294256|PbGEM-294248|PBANKA_101240|PbGEM-674037|PbGEM-535371	ATCCATGTCGG	410.5	580.5	0.5	246.5	228.0	141.0	131.5	1.0	0.0	123.0	48.0	89.0	101.5	14.5	0.0	0.0	5.0	0.0	0.5	0.0	0.0	397.0	488.5	0.0	284.0	241.5	126.5	115.5	0.0	0.0	120.5	45.0	128.5	83.0	14.0	0.0	0.0	3.0	0.0	0.0	0.5	0.0
PBANKA_101400	PbGEM-333819|PbGEM-263020|PbGEM-036330|PBANKA_101400|PbGEM-096351|PbGEM-096343	GCGCTGGAACT	329.0	344.5	0.0	4.0	3.0	5.0	0.0	0.0	0.0	0.0	0.0	3.0	1.0	0.0	0.0	0.0	3.0	0.0	0.0	0.0	0.5	252.5	363.0	0.0	1.0	0.0	1.0	0.0	0.0	0.0	0.0	0.0	0.0	1.0	0.0	0.0	0.0	7.0	0.0	0.0	0.0	0.0
PBANKA_101650	PBANKA_101650|PbGEM-294656|PbGEM-675597|PbGEM-294664	GGCCGGGCCCA	1126.0	1287.5	0.0	128.0	156.0	15.0	8.0	0.0	0.0	76.0	18.0	52.5	39.5	1.0	1.0	9.0	0.0	0.0	0.0	0.0	0.0	950.5	1262.0	0.0	165.0	116.5	16.0	12.0	0.0	0.0	99.5	42.5	60.5	26.0	0.5	0.0	3.0	0.0	0.0	0.0	0.0	0.0
PBANKA_101800	PbGEM-036911|PbGEM-096550|PbGEM-036919|PbGEM-263300|PBANKA_101800	GCCCGGTACTC	495.0	519.0	0.0	35.0	33.5	10.0	15.0	0.0	0.0	1.0	1.0	0.0	1.0	0.0	0.0	0.0	0.0	0.0	0.0	0.0	1.0	362.5	496.0	0.0	36.5	26.5	2.0	17.0	0.0	0.0	1.0	2.0	2.0	1.0	0.0	0.0	0.0	0.0	1.0	0.0	0.0	0.0
PBANKA_101810	PBANKA_101810|PbGEM-263308|PbGEM-036935|PbGEM-538627|PbGEM-121258	TAGGGACCAAC	1026.0	704.0	4.0	818.5	906.0	3560.5	3423.5	0.5	2.0	1542.5	1082.0	1464.5	1523.0	6048.0	6265.5	6213.5	7257.5	1.0	4.0	0.5	1.5	802.5	674.5	0.0	912.5	786.0	3290.0	2903.5	2.0	2.5	1663.0	1328.0	1584.0	1241.0	5260.0	5933.5	5835.0	5541.0	3.0	3.0	1.5	0.5
PBANKA_102230	PbGEM-263636|PBANKA_102230|PbGEM-037567|PbGEM-646733|PbGEM-037559|PbGEM-675509	TACACCGTTTG	861.0	564.5	0.0	30.5	29.5	0.0	0.0	0.0	0.0	0.0	0.0	0.0	0.0	13.0	0.0	0.0	0.0	0.0	0.0	0.0	0.0	778.5	528.5	0.0	21.5	20.0	0.0	0.0	0.0	0.0	1.0	0.0	0.0	0.0	11.0	0.0	0.0	0.0	0.0	0.0	0.0	0.0
PBANKA_102320	PbGEM-037676|PBANKA_102320|PbGEM-263692	CTAAATTCTAT	1046.0	691.5	0.0	0.0	0.5	58.0	90.0	0.0	0.0	0.0	0.0	0.0	0.0	120.0	340.0	98.5	85.5	0.0	0.5	0.0	0.5	931.5	672.0	1.0	3.0	0.0	89.5	74.0	1.0	0.0	0.0	1.0	0.0	0.0	113.5	262.0	64.5	71.5	0.5	0.0	0.0	0.0
PBANKA_102460	PbGEM-295718|PbGEM-295702|PbGEM-295710|PBANKA_102460|PbGEM-334115	CGAGTATGCTT	778.0	122.0	672.0	1826.0	1941.0	1.0	1.0	349.5	301.5	1807.5	1515.5	2245.5	2172.0	1.5	0.0	0.5	1.5	203.5	235.5	168.0	230.0	631.0	141.0	554.0	1903.5	1833.0	4.0	1.0	351.5	302.5	1894.5	1901.0	2088.0	1797.0	1.0	1.5	4.0	0.0	197.5	221.5	164.5	184.5
PBANKA_102760	PbGEM-296182|PBANKA_102760|PbGEM-296174|PbGEM-296166	GGGGAGGTAAA	914.0	596.5	1.5	251.5	212.5	2425.0	2214.0	1.0	3.5	374.0	322.0	406.5	386.0	5837.0	5909.0	5836.5	5892.5	2.5	1.0	3.0	2.5	769.0	664.0	1.0	286.5	230.5	2233.0	1891.0	4.0	2.5	404.5	444.5	454.5	347.5	5107.5	5395.0	5519.0	4999.5	3.5	3.5	1.0	1.0
PBANKA_103080	PBANKA_103080|PbGEM-296462|PbGEM-296470	CCTTAGGAATG	636.5	464.5	0.0	141.5	124.0	711.0	613.5	0.5	0.0	186.5	95.5	139.0	180.0	38.0	123.0	15.0	70.5	0.0	0.0	1.5	1.5	492.0	480.5	0.0	143.0	114.0	755.0	458.5	0.0	0.0	208.5	151.0	135.0	152.0	33.5	111.0	13.0	51.0	0.0	0.0	0.0	0.0
PBANKA_103640	PBANKA_103640|PbGEM-647611|PbGEM-243206|PbGEM-039575	GGAGACTATTC	1974.5	1196.0	0.0	43.0	25.0	3.0	2.0	1.0	0.0	4.0	4.5	0.0	3.5	1.0	0.0	0.0	1.0	0.0	0.0	0.0	0.0	1573.0	1207.5	0.0	33.5	29.0	2.0	6.0	0.0	0.0	2.0	4.0	1.0	2.0	0.0	0.0	0.0	1.0	1.0	0.0	0.0	0.0
PBANKA_103930	PbGEM-334595|PbGEM-670541|PBANKA_103930|PbGEM-039941|PbGEM-243939	GGTAAAGGTGT	2424.5	1534.0	0.0	2.0	7.5	13.5	18.5	0.0	0.0	1.0	0.0	2.0	0.0	32.5	0.0	16.0	0.0	0.0	0.0	0.0	0.0	1937.0	1520.5	0.0	7.5	2.0	19.5	16.5	2.0	0.0	0.0	0.0	1.0	0.0	24.0	0.0	16.0	0.0	0.0	0.0	0.0	0.0
PBANKA_104010	PbGEM-456543|PbGEM-040069|PbGEM-040061|PbGEM-456534|PbGEM-456539|PbGEM-342540|PbGEM-456541|PbGEM-449388|PBANKA_104010|PbGEM-244180|PbGEM-456537|PbGEM-449396|PbGEM-334619|PbGEM-456536|PbGEM-449380|PbGEM-449372	CACCAAAGTCC	1047.0	656.0	0.0	0.0	0.0	24.5	29.0	0.0	0.0	0.0	0.0	0.0	0.0	0.0	1.0	44.0	12.0	0.0	0.0	0.0	0.0	874.5	611.0	0.0	1.0	3.0	13.0	7.0	0.0	0.0	0.0	0.5	0.0	0.0	0.0	0.0	29.0	14.0	0.0	0.0	0.0	0.0
PBANKA_110840	PbGEM-246443|PbGEM-334915|PbGEM-041219|PBANKA_110840	CATAGTGAGCG	1599.5	1850.5	0.0	6.0	5.0	1.0	1.5	0.0	1.0	0.0	0.0	1.0	0.0	1.0	17.5	5.0	2.0	0.0	1.0	0.0	0.0	1304.5	1857.5	0.0	0.0	1.5	2.0	3.5	0.0	0.0	0.0	0.0	0.0	0.0	0.0	18.0	2.5	0.0	1.0	0.0	0.0	0.0
PBANKA_111060	PbGEM-041538|PBANKA_111060|PbGEM-041546|PbGEM-243214|PbGEM-334979	ACAGTTGCCTC	849.5	594.5	0.0	745.5	782.0	1513.0	1362.0	1.0	2.0	282.5	234.5	155.5	284.0	2153.5	2688.5	2887.5	2340.0	0.0	1.0	0.0	2.5	626.5	591.5	1.5	778.5	794.0	1366.0	1175.5	0.0	0.0	314.0	344.0	136.0	197.5	1896.0	2476.5	2765.0	1819.0	1.5	1.5	0.0	0.0
PBANKA_111550	PbGEM-299595|PbGEM-299587|PbGEM-335115|PBANKA_111550	CCTCGCCCAAC	727.5	495.0	0.0	28.5	21.5	0.5	1.0	0.0	0.0	0.0	1.0	0.0	0.0	0.0	0.0	0.0	0.5	0.0	0.0	0.0	1.0	714.0	539.0	0.0	26.5	15.0	2.5	1.0	0.0	0.0	2.0	2.0	0.0	3.0	0.0	0.0	0.0	0.0	0.0	0.0	0.0	0.0
PBANKA_111710	PBANKA_111710|PbGEM-244963|PbGEM-042495	TTTATGATAGC	815.5	579.5	0.0	12.5	4.5	6.0	3.0	0.0	0.0	4.0	3.0	0.0	0.0	0.0	0.0	6.0	5.0	0.0	0.0	0.0	0.0	712.0	558.5	0.0	23.5	12.0	0.0	9.0	0.0	0.0	13.5	2.0	0.0	0.0	2.0	0.0	6.0	1.0	0.0	0.0	0.0	0.0
PBANKA_111770	PbGEM-342620|PbGEM-299867|PBANKA_111770|PbGEM-299875|PbGEM-299883	GCAGTATAATA	171.5	108.5	1.0	31.5	26.0	70.5	28.5	0.0	0.0	40.0	4.5	21.5	42.0	137.5	151.5	63.0	191.0	0.5	0.0	0.0	0.0	115.0	127.5	0.0	26.5	14.5	37.0	38.0	0.0	0.0	53.5	20.0	32.5	28.0	100.0	135.0	67.5	151.5	0.0	0.5	0.0	1.0
PBANKA_111970	PBANKA_111970|PbGEM-335243|PbGEM-300147|PbGEM-646823|PbGEM-300131|PbGEM-300139	GTAGCTTCTAC	2195.5	1488.5	1.0	471.0	535.0	2080.0	1816.5	0.5	1.0	64.0	41.5	51.5	128.5	0.5	0.0	0.0	2.0	0.0	1.0	0.0	0.5	1751.5	1429.0	0.0	549.0	469.5	1859.0	1786.0	0.5	1.0	73.0	97.0	47.5	104.5	0.0	0.0	1.5	5.5	1.0	1.0	2.5	1.0
PBANKA_112220	PbGEM-647001|PbGEM-300531|PBANKA_112220|PbGEM-300523|PbGEM-300515	ACCTCTTCCCA	550.5	582.5	0.0	61.0	46.5	12.5	19.0	0.0	0.0	213.0	83.0	113.0	89.5	56.0	48.5	29.0	83.5	0.0	0.0	0.0	0.0	442.5	547.5	0.0	61.5	43.0	21.5	14.0	0.0	0.0	259.5	145.5	112.0	84.0	46.5	46.5	36.0	73.5	0.0	0.0	0.5	0.0
PBANKA_112280	PBANKA_112280|PbGEM-043253|PbGEM-043245|PbGEM-246816	CCAGCTCTCGT	444.0	521.0	0.0	20.5	33.0	9.0	2.0	0.0	0.0	55.5	31.0	54.5	37.0	1.0	0.0	0.0	0.0	0.5	0.0	0.0	0.0	396.5	525.5	0.0	36.0	45.0	6.0	0.0	0.0	0.0	56.5	41.0	60.5	23.0	0.0	0.0	0.0	0.0	0.0	0.0	0.0	0.0
PBANKA_112460	PbGEM-300779|PbGEM-300763|PbGEM-647747|PBANKA_112460|PbGEM-300771|PbGEM-646977	GCCTCCACGTC	2377.0	1690.5	0.0	539.0	501.0	977.5	950.0	0.0	0.0	1.5	7.0	19.5	0.0	914.5	1260.0	889.0	1074.0	0.5	0.5	0.0	0.0	2003.5	1542.0	0.0	522.5	479.0	934.5	830.0	0.0	2.0	4.5	23.0	10.0	1.0	729.5	1162.5	900.0	874.5	1.0	0.5	3.0	0.0
PBANKA_112490	PbGEM-043567|PbGEM-247392|PBANKA_112490|PbGEM-043575	TCGCGTAAAGA	933.0	566.0	0.5	89.5	61.0	2.5	5.0	0.0	0.0	4.0	0.0	1.0	4.0	0.0	0.0	0.0	0.0	0.0	0.0	0.0	0.0	745.0	615.0	0.0	94.0	75.0	4.0	6.0	1.0	0.0	5.0	2.0	0.0	1.0	0.0	1.0	0.0	0.0	0.0	0.0	0.0	0.0
PBANKA_112780	PBANKA_112780|PbGEM-044000|PbGEM-248353	CTTTAGCGCAT	1742.5	1250.5	2.0	1121.5	1077.0	4002.5	3576.0	0.5	0.0	103.5	102.5	126.5	136.0	1612.0	2262.0	1566.0	1623.5	2.5	1.5	1.0	1.5	1414.0	1189.5	0.0	1127.0	1037.5	3569.0	3114.0	1.5	1.5	99.0	205.0	119.5	114.0	1433.5	2024.0	1470.0	1337.5	1.0	1.0	0.0	1.0
PBANKA_113140	PbGEM-301714|PbGEM-335643|PbGEM-342660|PbGEM-301706|PbGEM-301698|PBANKA_113140	GCGTCTATGTG	131.5	82.5	1.0	95.0	114.5	204.5	149.5	0.0	0.0	169.5	123.0	184.0	191.5	183.5	179.5	172.0	174.0	1.0	0.0	0.0	0.0	102.0	88.5	0.0	117.5	138.0	110.5	116.5	0.0	0.0	232.0	197.5	197.0	206.0	186.0	159.5	127.5	125.0	0.5	0.0	0.5	0.0
PBANKA_113720	PbGEM-045294|PbGEM-671685|PBANKA_113720|PbGEM-246799	GTATCAGAAAT	926.5	573.5	0.0	19.5	30.5	0.0	0.0	0.0	0.0	0.0	1.0	0.0	0.5	0.0	0.0	0.0	0.0	0.0	0.0	0.0	0.0	787.5	594.5	0.0	28.0	33.5	0.0	0.0	0.0	0.0	0.0	0.0	1.5	0.5	0.0	0.0	0.0	0.0	0.0	0.0	0.0	0.0
PBANKA_113880	PBANKA_113880|PbGEM-302578|PbGEM-335867|PbGEM-302570	AAAGTTAGACC	1333.5	1492.0	0.0	38.0	49.0	286.0	315.0	0.0	0.0	127.5	112.0	77.5	87.5	155.5	222.0	97.0	185.5	0.5	0.0	0.0	0.0	1074.5	1507.0	0.0	42.5	47.0	274.0	285.0	0.0	0.0	118.5	162.5	83.5	55.5	107.0	217.5	102.0	171.5	0.0	0.0	0.0	0.0
PBANKA_114590	PbGEM-303474|PbGEM-303482|PbGEM-456558|PbGEM-303466|PBANKA_114590|PbGEM-456590|PbGEM-336043	GGTTTACAGTT	671.5	417.5	0.5	480.0	517.5	2512.0	2103.5	1.5	1.0	477.0	511.5	539.0	632.5	3396.5	3482.0	3654.5	3998.0	1.5	1.0	0.5	1.5	483.5	443.0	0.0	478.5	464.0	2205.5	1835.0	0.0	1.5	500.0	684.5	598.5	560.0	3056.5	3329.5	3195.0	3136.5	1.0	3.5	1.0	0.0
PBANKA_120160	PbGEM-336099|PBANKA_120160|PbGEM-303698	CCTTTTTCTCC	803.0	552.5	0.0	0.0	0.0	2.0	7.0	0.0	0.0	2.0	0.0	0.0	0.0	0.0	2.0	10.0	0.0	0.0	0.0	0.0	0.0	759.5	535.5	0.0	1.0	0.0	4.5	7.0	0.0	0.0	2.0	0.0	0.0	0.0	0.0	1.0	4.0	1.0	0.0	0.0	0.0	0.0
PBANKA_120390	PbGEM-666725|PbGEM-304074|PbGEM-304058|PbGEM-304050|PbGEM-304066|PBANKA_120390	GACTCAATTTG	877.0	603.0	0.0	9.0	5.0	180.0	220.0	0.0	0.0	0.0	0.0	0.0	0.0	76.0	90.5	84.5	93.5	0.0	0.5	0.0	2.0	798.5	611.0	0.0	6.0	7.5	176.0	175.0	0.0	0.0	0.0	2.5	0.5	0.0	40.5	93.5	102.5	76.5	0.0	0.0	0.0	0.0
PBANKA_120440	PbGEM-304170|PBANKA_120440|PbGEM-336171|PbGEM-304178	GCCATCCTATG	347.0	487.0	0.0	56.5	56.5	1.0	1.0	0.0	0.0	0.0	0.0	2.0	0.0	0.0	0.0	0.0	0.0	0.0	0.0	0.0	0.0	351.5	313.0	0.0	42.5	62.0	2.0	3.0	1.0	0.0	0.0	0.0	1.0	1.0	0.0	0.0	0.0	0.0	0.0	0.0	0.0	0.0
PBANKA_120500	PbGEM-304242|PbGEM-336179|PBANKA_120500|PbGEM-304250	CAGGTGTCCGG	958.0	577.5	0.0	177.5	156.0	20.0	8.0	0.0	1.0	45.5	31.5	2.0	0.0	0.0	0.0	0.0	0.0	2.0	0.0	0.0	0.0	798.0	590.5	0.0	213.0	181.0	16.0	5.0	0.0	0.0	45.0	44.5	4.5	0.0	0.0	0.0	0.0	0.0	0.0	0.0	0.0	0.0
PBANKA_120640	PbGEM-646770|PbGEM-047314|PbGEM-336219|PbGEM-101822|PbGEM-251809|PBANKA_120640	CAGCATCTGTA	1014.5	1201.0	1.0	120.0	118.0	42.0	33.0	0.0	0.0	31.5	12.5	7.0	54.5	13.5	20.0	23.0	52.5	0.0	0.0	0.0	1.0	890.5	1169.5	0.0	103.0	100.5	32.5	33.5	0.0	0.0	27.0	19.5	4.0	36.5	4.0	16.0	19.0	30.0	1.0	0.0	0.0	1.5
PBANKA_121080	PbGEM-336339|PbGEM-304994|PbGEM-304986|PBANKA_121080|PbGEM-304970|PbGEM-527275|PbGEM-527283|PbGEM-304978|PbGEM-527291	TATGCATTTCG	587.0	719.5	2.0	1080.5	996.5	68.5	72.5	2.0	0.0	1239.0	1403.0	1773.5	1628.5	26.0	111.0	59.0	14.0	0.5	0.0	0.5	1.5	464.0	660.5	1.5	1083.5	1019.5	39.5	38.5	2.0	1.0	1357.0	1671.0	1656.5	1392.5	13.0	105.5	69.0	11.5	0.0	0.5	2.0	0.5
PBANKA_121230	PbGEM-102277|PBANKA_121230|PbGEM-048174|PbGEM-246982|PbGEM-336395	TGGGAGGACCC	462.5	530.0	0.0	17.0	27.0	76.0	116.0	0.0	0.0	0.0	1.0	0.0	0.0	40.5	30.5	96.0	38.0	0.0	1.0	0.0	0.0	414.5	608.5	0.0	27.5	27.0	70.5	92.0	0.0	0.0	0.5	0.0	0.0	0.0	33.5	32.0	82.5	31.0	0.0	0.0	0.0	0.0
PBANKA_121650	PbGEM-336555|PbGEM-048734|PbGEM-102578|PbGEM-102570|PbGEM-248146|PBANKA_121650|PbGEM-342844	AATCTAGGCGT	514.0	556.5	0.0	18.0	15.0	0.0	0.0	0.0	0.0	0.0	0.0	2.0	3.0	0.0	0.0	0.0	0.0	0.0	0.0	0.0	0.0	398.5	567.0	0.0	17.5	19.5	2.0	0.5	0.0	0.0	0.0	2.0	1.0	3.0	0.0	1.0	0.0	0.0	0.0	0.0	0.0	0.0
PBANKA_122320	PbGEM-306642|PbGEM-670869|PbGEM-536243|PbGEM-306634|PbGEM-647891|PBANKA_122320	TCCATGCGCGA	496.0	525.5	0.0	434.0	430.5	44.5	45.0	0.0	0.0	2.0	1.0	0.0	0.0	58.5	29.0	30.5	45.0	0.0	0.0	0.0	1.0	419.0	526.5	0.0	463.5	410.0	55.0	32.5	0.5	0.0	4.0	3.5	1.0	1.0	52.0	22.5	46.5	31.0	0.0	0.0	0.0	0.0
PBANKA_122500	PbGEM-049999|PBANKA_122500|PbGEM-050007|PbGEM-251508|PbGEM-111674	TGGTGTAACTG	677.0	423.0	0.0	9.5	2.0	0.0	3.0	0.0	0.0	17.0	3.0	1.0	0.0	0.0	1.0	8.0	0.0	0.0	0.0	0.0	0.0	522.0	412.5	0.0	4.0	4.0	0.0	0.0	0.0	0.0	7.5	3.0	0.0	0.0	0.0	0.0	13.0	0.0	0.0	0.0	0.0	0.0
PBANKA_122650	PbGEM-672661|PbGEM-307186|PbGEM-307194|PBANKA_122650|PbGEM-307178	CTAAACGAAAT	390.5	443.5	0.0	76.5	98.0	5.0	10.0	0.0	0.0	38.5	41.0	59.5	9.0	1.0	0.0	0.0	14.5	0.0	0.0	0.0	0.0	303.0	405.5	0.0	115.0	78.0	10.0	6.0	0.0	0.5	35.0	38.0	59.0	14.0	0.0	0.0	0.0	14.5	0.0	0.0	0.0	0.0
PBANKA_122770	PbGEM-050432|PbGEM-209478|PbGEM-103134|PbGEM-252597|PbGEM-673613|PBANKA_122770|PbGEM-336891	CGCATAATCTG	171.0	203.5	0.0	7.5	4.0	0.0	1.0	0.0	0.0	2.0	0.0	4.5	0.0	0.0	0.0	0.0	0.0	0.0	0.0	0.0	0.0	175.5	181.5	0.0	9.0	12.0	0.0	0.0	0.0	0.0	8.0	1.0	3.0	0.0	0.0	0.0	0.0	0.0	0.0	0.0	0.0	0.0
PBANKA_123000	PbGEM-050716|PBANKA_123000|PbGEM-260988|PbGEM-336939|PbGEM-646771	GCCTTACTTGA	879.0	579.0	0.0	0.5	3.0	6.0	12.5	0.0	0.0	0.0	1.0	0.0	1.0	12.0	34.5	9.0	9.5	0.0	0.0	0.0	1.0	702.0	555.5	0.0	6.0	0.5	17.0	15.0	0.5	0.0	0.0	1.0	0.0	1.0	12.0	39.0	11.0	19.5	1.0	0.0	0.0	0.0
PBANKA_130150	PBANKA_130150|PbGEM-310111|PbGEM-337395	GTACGAAATAT	1419.0	1615.0	0.0	0.5	3.0	319.5	404.0	1.0	1.0	0.0	1.0	1.0	0.5	177.0	307.5	403.0	210.0	0.0	0.0	0.0	0.5	1087.5	1639.0	0.0	0.5	0.0	339.0	338.0	0.0	0.0	0.0	5.5	0.0	0.0	144.5	276.0	380.0	175.5	0.0	0.0	0.0	0.5
PBANKA_130560	PBANKA_130560|PbGEM-310711|PbGEM-668285	TGCTGCTAGTT	743.5	478.5	0.0	612.0	621.0	1272.0	1210.5	0.0	0.5	0.5	0.0	0.0	0.0	1144.0	1144.5	799.0	897.5	0.5	0.5	1.5	2.0	610.0	584.0	0.0	456.5	531.0	1100.0	1028.0	0.5	0.0	6.0	15.0	0.0	0.0	1048.5	1009.0	861.5	709.0	0.0	0.0	0.0	0.0
PBANKA_130970	PBANKA_130970|PbGEM-311247|PbGEM-311231|PbGEM-311239|PbGEM-666845|PbGEM-311255	AGCAAAGCCAC	415.0	457.5	0.0	1.0	6.0	4.0	0.0	0.0	0.0	0.0	0.0	0.0	0.0	0.0	0.0	0.0	0.0	0.0	0.0	0.0	0.0	337.0	448.0	0.0	8.5	13.5	0.0	0.0	0.0	0.0	0.0	0.0	0.0	0.0	0.0	0.0	0.0	0.0	0.0	0.0	1.0	0.0
PBANKA_131420	PbGEM-311733|PBANKA_131420|PbGEM-311741	AATAAATATGG	897.5	626.5	1.5	260.0	233.0	980.0	965.0	1.0	3.0	64.5	50.0	98.0	130.5	1176.0	1453.5	1438.5	1564.5	0.0	2.5	1.0	0.0	723.5	599.0	0.0	249.5	241.5	875.5	776.5	0.0	2.5	61.5	84.5	106.5	112.5	1015.0	1383.0	1220.5	1219.0	0.0	0.0	0.5	1.0
PBANKA_131480	PBANKA_131480|PbGEM-645835|PbGEM-251793|PbGEM-646616|PbGEM-528281|PbGEM-646450|PbGEM-251753|PbGEM-528140|PbGEM-105250|PbGEM-055190|PbGEM-528422	AAATAAGCGCG	777.0	524.0	0.0	3.5	8.0	1.0	1.0	0.0	0.0	0.0	0.0	2.0	0.0	0.0	0.0	0.0	0.0	0.0	0.0	0.0	0.0	620.5	421.0	0.0	12.5	10.0	1.0	0.0	0.0	0.0	0.0	1.5	7.0	0.0	0.0	0.0	0.0	0.0	1.0	0.0	0.0	0.0
PBANKA_131610	PbGEM-312029|PBANKA_131610|PbGEM-312021	AACTACATAGT	981.0	599.0	0.0	472.0	455.0	2.5	1.5	0.0	0.0	57.5	15.0	68.0	29.0	0.0	0.0	0.0	1.0	0.0	0.0	1.0	0.0	762.0	580.0	0.0	566.0	464.0	10.0	7.5	0.0	0.0	57.5	20.5	83.5	16.5	0.0	0.0	0.0	0.0	1.0	0.0	0.0	0.0
PBANKA_131630	PbGEM-312061|PbGEM-337811|PbGEM-667205|PbGEM-312069|PBANKA_131630|PbGEM-312077	ATATTAAGTAA	587.5	717.5	0.0	61.5	70.5	14.5	12.5	0.0	0.0	0.0	0.0	0.0	0.0	1.0	0.0	0.0	0.0	0.0	0.0	0.0	0.0	510.5	711.0	0.5	47.0	53.0	27.0	12.0	0.0	0.0	0.0	0.0	0.0	0.0	0.0	0.0	0.0	0.0	0.0	0.0	0.0	0.0
PBANKA_131750	PbGEM-252912|PbGEM-055580|PbGEM-337835|PbGEM-105507|PbGEM-105499|PBANKA_131750	GTAACCACACT	584.5	690.0	0.0	67.5	91.0	2.0	1.0	0.0	0.0	22.0	0.0	13.0	15.5	0.0	0.0	0.0	0.0	0.0	0.0	0.0	0.0	497.5	687.0	0.0	86.5	92.0	4.0	2.0	0.0	0.0	25.5	0.0	7.5	16.5	0.0	1.0	0.0	0.0	0.0	0.0	0.0	0.0
PBANKA_132050	PBANKA_132050|PbGEM-253763|PbGEM-056046|PbGEM-337963|PbGEM-105805	CTCTCCCTTAC	823.0	491.0	0.0	37.5	38.5	1.0	2.0	0.0	0.0	0.0	0.0	0.0	0.0	0.0	0.0	0.0	0.0	0.0	0.0	0.5	0.0	649.5	530.5	0.0	30.5	31.5	2.0	0.0	0.0	0.0	1.0	0.5	0.0	0.0	0.0	0.0	0.0	0.0	0.0	0.0	0.0	0.0
PBANKA_132170	PBANKA_132170|PbGEM-312797|PbGEM-312805|PbGEM-312789	AATGGGTAACA	505.5	574.0	0.0	15.5	38.0	0.0	4.0	0.0	0.0	31.0	52.5	48.5	74.5	0.0	0.0	3.0	9.0	0.0	0.0	0.0	1.5	437.0	555.5	0.0	21.5	43.5	3.0	2.0	0.0	0.0	30.5	72.5	49.5	67.0	0.0	0.0	2.0	14.0	0.0	0.0	0.5	0.0
PBANKA_132700	PBANKA_132700|PbGEM-313581	TGTGGGTCTCG	2447.0	1638.0	0.0	1.5	8.5	42.5	51.5	0.0	0.0	1.5	0.0	0.0	1.0	0.0	18.5	2.0	39.5	0.0	0.0	1.0	0.0	2026.0	1529.0	0.0	4.0	2.5	49.0	45.5	0.0	0.0	4.5	1.0	0.0	0.0	0.0	23.0	0.0	35.0	0.0	0.0	0.0	0.0
PBANKA_133060	PbGEM-106603|PBANKA_133060|PbGEM-106611|PbGEM-249117|PbGEM-645649|PbGEM-645707	TACTGTGACGG	540.0	612.0	0.0	0.0	0.0	3.0	1.0	0.0	0.0	0.0	0.0	0.0	0.0	0.0	0.0	5.5	0.0	0.0	0.0	0.0	0.0	436.5	618.0	0.0	0.0	0.0	3.5	3.0	0.0	0.0	0.0	0.5	0.0	0.0	0.0	1.0	9.0	0.0	0.0	0.0	0.0	0.0
PBANKA_133460	PbGEM-250654|PbGEM-265364|PBANKA_133460|PbGEM-057842	TGTACTTGTTT	2101.0	1327.0	3.0	828.0	919.5	124.5	108.0	2.0	4.5	2090.5	1524.5	2002.5	2081.0	89.0	220.0	83.0	66.0	0.5	2.0	0.0	1.0	1683.0	1343.0	0.0	912.0	803.5	91.5	110.0	0.0	1.0	2298.5	1767.0	2119.5	1927.0	97.5	173.0	94.5	66.0	1.0	0.0	0.0	0.0
PBANKA_133730	PbGEM-314829|PbGEM-338443|PbGEM-314837|PbGEM-314821|PBANKA_133730	CGTGCCAAGGT	904.0	589.0	1.0	426.5	395.5	1409.0	1316.0	0.0	3.0	408.0	290.0	286.5	416.5	1384.5	1667.0	1601.5	1725.0	1.0	0.0	0.0	1.5	802.5	631.5	0.0	429.5	305.0	1234.5	1128.0	1.0	1.0	402.0	365.5	311.5	387.0	1193.5	1561.5	1518.5	1372.0	1.0	0.0	0.0	0.0
PBANKA_134020	PbGEM-058637|PbGEM-107244|PBANKA_134020|PbGEM-252781	TCGCTGTGAGC	713.5	467.5	0.0	43.5	31.0	6.0	8.0	0.0	0.0	3.0	7.0	3.5	5.5	18.0	0.0	0.0	1.5	1.0	0.0	0.0	0.0	620.0	451.5	0.0	37.0	22.5	3.0	5.0	1.0	0.0	6.0	7.0	12.0	6.0	14.5	0.0	0.0	2.0	0.0	0.0	0.0	0.0
PBANKA_134280	PbGEM-058996|PbGEM-253563|PbGEM-059004|PbGEM-646927|PBANKA_134280	GTATACGGATT	517.0	578.0	0.0	10.0	23.5	24.0	7.0	0.0	0.0	2.0	0.0	0.0	0.0	9.0	12.0	27.0	23.5	0.0	0.0	0.0	0.0	421.5	593.5	0.0	20.0	23.5	13.5	10.5	0.5	0.0	0.0	0.0	0.0	0.0	4.0	16.5	14.0	21.0	0.0	0.0	0.0	0.0
PBANKA_134300	PBANKA_134300|PbGEM-253632|PbGEM-667501|PbGEM-343124|PbGEM-059028|PbGEM-059036	GCCCCGGCTGC	881.0	564.5	1.5	1270.0	1233.0	9810.5	10865.5	3.5	6.0	366.0	486.5	554.5	463.0	3606.5	4088.5	4784.5	3942.5	3.0	0.0	2.5	1.5	638.5	585.5	1.0	1373.0	1186.5	8450.5	9305.0	1.0	2.0	397.5	737.0	578.5	402.0	3136.0	3842.5	4375.0	3004.0	3.5	1.5	7.0	2.0
PBANKA_134910	PbGEM-316339|PbGEM-316331|PBANKA_134910|PbGEM-316355|PbGEM-316347	CGATAGGGACT	2.5	2.5	0.0	0.5	2.0	3.0	5.0	0.0	0.0	2.0	0.5	0.5	1.5	20.5	9.5	11.5	26.5	0.5	0.0	0.5	0.0	5.5	3.5	0.0	1.0	0.0	7.0	5.5	0.0	0.0	1.0	4.0	0.0	1.0	11.5	9.5	17.0	15.0	0.0	0.0	0.5	0.0
PBANKA_135330	PbGEM-108164|PBANKA_135330|PbGEM-251495	AATGTGCGTCC	2235.5	1570.0	4.0	1219.0	1295.0	2423.5	2394.0	2.5	8.5	250.5	155.5	182.0	159.5	3506.5	4454.0	3695.0	3608.0	3.5	0.5	0.0	5.0	1806.0	1566.5	1.0	1159.0	1093.5	2089.5	2122.0	0.0	1.5	245.5	208.0	180.0	164.5	3121.5	3954.0	3411.5	2875.5	2.0	0.5	2.0	0.0
PBANKA_135620	PbGEM-060922|PbGEM-252689|PbGEM-108389|PbGEM-338987|PBANKA_135620	CTCTCGTTTTT	733.0	582.5	0.5	78.0	72.5	368.0	314.0	0.0	0.0	19.5	40.5	20.0	45.0	35.5	52.0	16.0	96.5	0.0	0.0	0.0	1.0	705.5	573.0	0.0	69.5	84.5	324.0	261.0	1.0	0.0	23.5	47.0	9.5	33.5	44.5	46.0	6.0	57.0	1.0	0.0	1.0	0.0
PBANKA_135660	PbGEM-060978|PbGEM-343188|PbGEM-646750|PbGEM-060986|PBANKA_135660|PbGEM-252886|PbGEM-339011	CCAGGCGTCGA	820.5	596.5	0.0	292.5	295.0	323.0	318.0	0.0	0.0	0.0	0.0	0.0	0.0	702.0	604.5	637.5	693.5	0.5	0.0	1.0	0.0	655.5	611.0	0.5	264.5	308.0	352.0	296.0	0.0	0.0	0.5	11.5	0.0	1.0	612.5	511.5	686.0	571.0	0.0	0.0	0.0	1.0
PBANKA_135740	PbGEM-668949|PBANKA_135740|PbGEM-317299|PbGEM-317307	ATAACCGGGTG	375.5	495.5	0.5	0.0	3.0	21.5	28.5	0.0	0.0	0.0	0.0	1.0	0.0	26.5	47.5	34.5	22.5	0.0	0.0	0.0	0.0	319.0	475.0	0.0	0.0	3.0	22.5	17.5	1.0	0.0	0.0	0.0	5.0	0.0	20.0	48.5	46.5	11.0	0.0	0.0	0.0	0.0
PBANKA_135780	PbGEM-317355|PbGEM-317363|PBANKA_135780|PbGEM-667149	GAACCGTAAAT	1008.0	634.5	0.0	360.5	330.5	27.5	19.0	0.0	0.0	15.0	12.0	23.5	13.0	0.0	19.5	0.0	0.0	0.5	0.0	0.0	0.0	832.0	639.0	1.5	334.0	293.5	18.0	23.5	0.0	0.0	21.0	20.5	18.0	16.0	0.0	20.5	0.0	0.0	0.0	0.0	0.0	0.0
PBANKA_135860	PbGEM-108548|PbGEM-061290|PbGEM-253485|PBANKA_135860|PbGEM-108540	GGAGGGTATGC	535.5	656.5	0.0	5.0	15.5	5.0	2.0	0.0	0.0	0.0	0.0	0.0	0.0	0.0	0.0	0.0	1.0	0.0	0.0	0.0	0.0	471.5	689.5	0.0	13.0	14.0	2.5	9.5	0.0	1.0	0.0	0.0	0.0	0.0	0.0	0.0	0.0	0.0	0.0	0.0	0.0	0.0
PBANKA_135960	PbGEM-061450|PbGEM-061442|PBANKA_135960|PbGEM-253840|PbGEM-646722	CCCTCAAATAC	850.0	136.0	747.5	13269.0	14312.0	541.5	545.5	3319.5	2995.5	32521.5	27428.5	32187.0	32877.0	9.5	20.5	7.5	22.5	5802.5	5460.5	5240.5	5325.0	665.0	157.0	655.0	13652.5	13477.5	545.5	463.5	2926.0	3005.5	34086.5	33494.5	32974.0	29061.5	8.0	18.5	13.5	19.0	4767.5	4588.5	5778.5	4851.5
PBANKA_135970	PbGEM-253875|PbGEM-061466|PbGEM-343204|PbGEM-646730|PBANKA_135970|PbGEM-339139|PbGEM-061458	GTTTAAGCTTT	677.5	156.0	631.0	10899.0	11674.0	648.0	681.5	4195.5	3294.0	479.5	493.0	393.0	712.0	968.5	1032.5	1224.5	817.5	162.0	142.0	20.5	69.5	527.5	135.5	510.5	11012.0	10911.5	609.0	565.5	4034.5	3710.0	521.5	581.0	374.0	595.5	761.5	928.5	1086.0	720.5	132.5	89.5	10.0	52.5
PBANKA_136030	PBANKA_136030|PbGEM-061541|PbGEM-254086|PbGEM-061533	TACTTACTTAG	976.0	644.5	3.0	593.5	495.0	2930.5	2777.5	0.0	0.0	32.0	13.5	2.0	1.5	830.0	811.5	568.0	624.0	1.5	1.0	0.0	0.0	743.0	640.0	0.0	640.5	620.0	2825.0	2441.5	0.0	0.0	30.0	55.5	4.0	3.0	767.5	709.5	550.5	438.0	0.0	0.0	0.0	0.0
PBANKA_140310	PbGEM-318795|PbGEM-673845|PbGEM-339395|PbGEM-318803|PBANKA_140310	GCTCATCACCA	570.5	646.0	0.0	5.0	0.0	11.0	14.0	0.0	0.0	0.0	0.0	0.0	0.0	11.0	0.0	0.0	0.0	0.0	0.0	0.0	0.0	465.5	641.5	0.0	0.0	3.0	6.0	9.0	0.0	0.0	0.0	0.0	0.0	0.0	3.5	0.0	0.5	0.0	0.0	0.0	0.0	0.0
PBANKA_140410	PbGEM-062848|PbGEM-251892|PBANKA_140410|PbGEM-062856	TAGTGCCAGGC	967.0	685.5	2.5	300.5	291.5	1243.5	1188.5	0.0	1.0	510.5	289.5	433.0	428.5	2474.5	2617.5	2721.5	2297.0	0.0	1.0	0.5	3.0	837.0	651.0	1.0	304.5	309.5	1080.5	1019.0	0.0	1.0	482.0	371.5	494.0	385.0	2096.5	2548.0	2539.0	1726.0	1.0	0.0	2.0	0.0
PBANKA_140450	PBANKA_140450|PbGEM-318995|PbGEM-318979|PbGEM-318987	ATTGAGAACGT	873.0	570.5	7.0	1470.0	1523.0	4049.5	3886.0	4.5	6.5	3395.0	2968.5	3576.0	3555.5	7354.5	7617.5	7565.0	7118.5	2.5	2.5	3.0	3.5	684.0	634.0	2.0	1710.0	1488.5	3882.0	3297.0	4.5	10.0	3658.5	3895.0	3470.5	3027.0	6466.5	6767.0	6707.0	5655.0	5.5	3.5	3.0	2.0
PBANKA_141120	PbGEM-319995|PbGEM-319987|PbGEM-665293|PBANKA_141120|PbGEM-319979	GACCGACGCGA	366.0	221.5	0.0	194.0	153.5	1.0	0.0	0.0	0.0	161.0	120.5	77.0	81.0	2.0	0.0	0.5	0.5	0.0	0.5	0.0	0.0	273.5	227.5	0.0	227.5	181.0	5.5	0.0	0.0	0.0	175.0	144.0	67.5	87.5	1.0	0.0	0.0	0.0	0.0	0.0	0.0	0.0
PBANKA_142040	PbGEM-321059|PbGEM-321051|PbGEM-321043|PBANKA_142040|PbGEM-675317	CTCATCGGTGC	1093.5	725.5	0.0	482.5	399.0	778.5	779.5	0.5	0.0	130.0	208.0	128.5	196.5	742.5	907.5	694.0	937.0	0.0	1.0	0.0	1.5	881.5	689.0	0.0	480.5	462.5	677.0	717.0	1.5	0.5	153.5	250.0	126.0	135.5	625.0	794.5	748.0	720.0	1.0	1.0	2.0	0.0
PBANKA_142210	PbGEM-321259|PBANKA_142210|PbGEM-321267|PbGEM-321251	TACCAAGCGAT	885.0	146.0	737.0	8240.0	8526.0	350.0	375.0	2376.0	1815.0	9368.5	8040.5	9782.0	10580.0	260.5	466.0	244.5	566.5	3015.0	2633.0	2537.0	2734.0	715.5	152.5	641.5	8637.0	8158.5	349.0	319.5	2037.5	2057.0	10030.5	10187.5	10205.0	9335.0	242.0	415.0	215.0	452.0	2575.5	2371.0	2776.5	2410.5
PBANKA_142270	PBANKA_142270|PbGEM-065418|PbGEM-065426|PbGEM-669909|PbGEM-257296	TGTAATATCCT	893.0	620.0	0.0	270.5	220.0	530.5	503.0	0.0	1.0	4.0	24.5	5.0	39.5	1841.5	1994.5	1887.5	1585.5	1.5	1.0	0.0	0.0	752.0	631.5	1.0	302.0	254.5	496.5	350.5	1.5	1.0	7.5	39.5	19.0	30.0	1567.0	1849.5	1712.5	1299.5	4.0	0.0	0.0	0.0
PBANKA_142310	PbGEM-065482|PbGEM-646960|PbGEM-257408|PbGEM-065490|PBANKA_142310	CCATCGAAATA	1014.0	684.5	1.0	607.5	590.0	1363.0	1375.5	1.5	0.5	751.5	570.5	729.5	696.5	2661.5	3060.0	2733.0	3325.5	1.5	1.0	0.0	3.5	854.5	558.5	0.5	605.0	601.0	1306.5	1086.0	1.0	0.0	804.5	693.5	839.0	656.0	2225.5	2808.0	2673.5	2492.5	3.0	0.5	0.0	1.0
PBANKA_142590	PbGEM-065847|PbGEM-065839|PbGEM-339979|PBANKA_142590|PbGEM-253888|PbGEM-665797	CTCTACTTCTG	481.5	589.0	0.0	1075.5	1017.5	39.0	44.0	0.0	1.0	145.5	52.0	83.0	63.5	15.0	4.0	0.0	1.0	0.5	1.0	0.0	0.0	426.5	596.0	0.0	1086.0	935.0	42.5	30.0	0.0	0.0	126.5	60.0	68.0	66.0	32.0	1.5	0.0	0.0	0.5	0.0	0.0	0.0
PBANKA_142640	PbGEM-065927|PbGEM-254102|PBANKA_142640	GGTAAGCCATC	522.0	622.0	0.5	26.5	24.5	0.0	0.0	0.0	0.0	0.0	0.0	0.0	0.0	0.0	0.0	0.0	0.0	0.0	0.0	0.0	0.0	400.5	634.5	0.0	15.0	35.0	2.0	1.0	0.0	0.0	0.0	0.0	0.0	0.0	0.0	0.0	0.0	1.0	0.0	0.0	0.0	0.0
PBANKA_143350	PbGEM-340163|PbGEM-322603|PbGEM-322587|PbGEM-322595|PBANKA_143350	ACGACGGACAC	797.5	533.5	0.0	347.0	367.0	622.0	600.5	1.5	1.0	488.0	290.0	491.5	655.5	1123.5	1356.0	1199.5	1358.0	0.0	0.0	0.0	0.0	632.5	521.0	0.0	335.5	320.5	521.0	549.0	0.0	0.0	456.5	363.5	529.0	600.5	920.5	1130.5	1170.0	1029.0	0.0	0.0	0.0	0.0
PBANKA_143610	PbGEM-322971|PbGEM-322963|PbGEM-343364|PBANKA_143610|PbGEM-341587|PbGEM-672349|PbGEM-340259	TCAATTATGTA	2198.5	1348.5	1.0	155.0	113.5	2.0	1.0	0.0	0.0	21.0	49.0	39.0	22.0	1.0	0.0	1.5	0.0	0.0	0.0	0.0	0.0	1705.0	1330.5	0.0	161.5	124.5	0.5	2.0	0.5	0.0	35.0	51.5	34.0	18.0	0.0	0.0	1.0	0.0	0.5	1.0	0.0	0.0
PBANKA_143780	PbGEM-323171|PbGEM-323179|PBANKA_143780|PbGEM-323163	AAGTATGGTCG	503.0	593.0	0.0	55.5	49.0	36.5	36.5	1.0	0.0	2.0	0.0	0.0	0.0	8.0	67.5	25.5	13.0	0.5	0.0	0.0	0.0	392.5	588.5	0.0	54.0	52.5	58.5	25.0	2.0	0.0	1.0	1.0	0.0	0.0	24.0	61.5	20.5	11.0	1.0	0.0	0.0	0.0
PBANKA_144690	PbGEM-646781|PbGEM-256413|PbGEM-068975|PBANKA_144690|PbGEM-079961|PbGEM-675261	GCCGGAATAAA	770.0	569.0	0.0	159.0	211.5	138.0	116.0	0.0	0.0	17.0	9.0	16.0	2.0	255.5	417.5	133.0	197.5	0.0	1.0	0.0	0.0	690.5	595.0	0.0	213.0	166.5	151.5	118.0	0.0	0.0	10.0	10.5	10.5	1.0	189.5	400.0	112.0	157.0	0.0	0.0	0.0	0.0
PBANKA_144710	PBANKA_144710|PbGEM-664613|PbGEM-324419|PbGEM-324427|PbGEM-340627	GGAGCGGGAGA	498.5	604.5	0.0	126.0	159.5	36.0	26.5	0.0	0.0	0.0	0.0	0.0	0.0	0.0	0.0	0.0	0.0	0.0	0.0	0.0	0.0	425.0	612.5	0.0	132.5	144.5	35.0	25.0	0.0	0.0	0.0	1.0	0.0	0.0	0.0	0.5	0.0	0.0	0.0	0.0	0.0	0.0
PBANKA_145070	PbGEM-324875|PbGEM-324867|PBANKA_145070	AGGAGTATACT	1075.0	659.5	0.0	117.5	125.5	19.5	21.0	0.0	0.0	1.0	0.0	0.0	0.0	0.0	0.0	0.0	0.0	0.0	0.5	0.0	0.0	930.0	715.5	0.0	119.0	125.0	20.0	26.5	0.0	0.0	0.0	1.0	0.0	0.0	0.0	0.0	0.0	0.0	0.0	0.0	0.5	0.0
PBANKA_145800	PbGEM-325803|PbGEM-325811|PBANKA_145800	ACGTACAACTT	432.0	514.5	0.0	199.0	167.5	132.0	107.5	0.0	0.0	400.5	232.0	235.5	291.0	84.0	24.0	109.0	150.0	0.5	0.0	0.0	0.0	327.0	501.5	0.0	186.0	197.0	129.0	107.5	0.0	0.0	413.5	260.5	245.0	260.5	73.0	14.5	88.5	119.0	0.0	0.0	0.5	0.0
PBANKA_146050	PBANKA_146050|PbGEM-072542	TCAGATTCAT	975.5	601.5	0.0	42.5	74.0	511.0	560.0	0.0	0.0	0.0	0.0	0.0	0.0	218.5	181.0	183.5	167.5	0.5	0.0	1.0	2.0	747.0	617.5	0.0	68.0	58.0	456.0	444.5	0.0	0.0	1.5	5.0	0.5	0.0	162.0	182.5	149.0	148.0	0.0	0.0	0.0	0.0
PBANKA_146110	PbGEM-648203|PBANKA_146110|PbGEM-326123|PbGEM-326131	CCTGGACTTGT	983.5	655.0	0.0	59.5	49.0	20.0	22.5	0.0	0.0	1.0	1.0	1.0	1.0	39.0	34.5	5.0	45.0	0.0	0.0	0.0	0.0	803.5	662.0	1.0	62.5	58.0	12.5	11.0	0.0	1.0	1.0	1.0	1.0	1.0	36.0	24.0	8.0	35.5	0.0	0.0	0.0	0.0
PBANKA_146340	PBANKA_146340|PbGEM-071400|PbGEM-341155|PbGEM-259156	ACCAAGCGGGT	1588.0	1104.5	0.0	1.5	6.0	4.5	4.0	1.0	0.0	0.0	0.0	0.0	2.0	0.0	0.0	0.0	0.0	1.0	0.0	0.0	0.0	1321.5	1047.0	0.0	3.0	0.0	1.0	4.0	0.5	1.0	0.0	0.0	0.0	0.0	0.0	0.0	0.0	0.0	0.0	0.0	0.0	0.0
