pbanka_id	Gene	Barcodes	Pb_Metabolic1_1__ t1_r1	Pb_Metabolic1_2__ t2_r1	Pb_Metabolic1_3__LN_ d0_mf1_r1	Pb_Metabolic1_4__LN_ d0_mf2_r1	Pb_Metabolic1_5__LN_ d0_mf3_r1	Pb_Metabolic1_6__HN_ d0_mf1_r1	Pb_Metabolic1_7__HN_ d0_mf2_r1	Pb_Metabolic1_8__HN_ d0_mf3_r1	Pb_Metabolic1_9__LN_ d14_mf1_r1	Pb_Metabolic1_10__LN_ d14_mf2_r1	Pb_Metabolic1_11__LN_ d14_mf3_r1	Pb_Metabolic1_12__LN_ d14_mf4_r1	Pb_Metabolic1_13__HN_ d14_mf1_r1	Pb_Metabolic1_14__HN_ d14_mf2_r1	Pb_Metabolic1_15__HN_ d14_mf3_r1	Pb_Metabolic1_16__HN_ d14_mf4_r1	Pb_Metabolic1_17__ t1_r2	Pb_Metabolic1_18__ t2_r2	Pb_Metabolic1_19__LN_ d0_mf1_r2	Pb_Metabolic1_20__LN_ d0_mf2_r2	Pb_Metabolic1_21__LN_ d0_mf3_r2	Pb_Metabolic1_22__HN_ d0_mf1_r2	Pb_Metabolic1_23__HN_ d0_mf2_r2	Pb_Metabolic1_24__HN_ d0_mf3_r2	Pb_Metabolic1_25__LN_ d14_mf1_r2	Pb_Metabolic1_26__LN_ d14_mf2_r2	Pb_Metabolic1_27__LN_ d14_mf3_r2	Pb_Metabolic1_28__LN_ d14_mf4_r2	Pb_Metabolic1_29__HN_ d14_mf1_r2	Pb_Metabolic1_30__HN_ d14_mf2_r2	Pb_Metabolic1_31__HN_ d14_mf3_r2	Pb_Metabolic1_32__HN_ d14_mf4_r2
PBANKA_010110	PbGEM-266100|PbGEM-266092|PbGEM-668501|PBANKA_010110	CAGCGTGATGT	6801.5	6033.0	18099.5	15198.0	5159.5	15357.5	13662.0	9319.0	36774.0	43520.0	28605.0	35391.0	45855.5	41208.0	45209.0	42291.0	7027.5	7359.0	18341.5	9963.0	9430.5	8.0	33254.0	16472.0	41249.0	42077.0	37681.5	38610.5	40869.5	49357.0	44137.0	43353.5
PBANKA_010770	PbGEM-646547|PbGEM-528356|PbGEM-528215|PbGEM-006162|PbGEM-227381|PbGEM-528074|PbGEM-006154|PbGEM-646381|PbGEM-645766|PBANKA_010770	CGCTGCAAACG	1830.0	1580.5	8.5	13.0	5.0	0.5	5.5	7.5	0.0	0.0	1.5	0.0	0.0	0.5	0.0	0.0	1811.5	1809.0	27.0	8.0	1.0	0.0	14.0	7.0	0.0	0.5	0.0	0.0	0.5	0.0	0.0	0.0
PBANKA_020580	PbGEM-112204|PbGEM-082161|PBANKA_020580|PbGEM-667693|PbGEM-328019|PbGEM-007462|PbGEM-228615	GGAGAAACGGA	2639.5	2234.5	66.0	165.5	77.0	5.0	4.5	37.5	112.5	151.5	63.5	56.0	31.5	1.0	1.5	219.5	2562.0	2750.5	132.5	88.0	84.5	0.0	19.0	35.0	154.5	193.5	52.5	51.5	41.5	1.0	0.0	206.5
PBANKA_020830	PbGEM-082408|PbGEM-007799|PbGEM-229203|PBANKA_020830	TAACCTCTTCT	1809.5	1792.5	610.5	254.5	106.5	236.0	192.0	278.5	44.5	19.5	91.0	17.0	59.0	5.0	104.0	159.5	2073.0	1777.0	607.5	151.5	151.0	0.0	476.0	581.5	37.5	16.0	102.5	21.5	50.0	4.0	100.5	152.5
PBANKA_030230	PbGEM-083015|PbGEM-227812|PbGEM-009054|PbGEM-009046|PBANKA_030230	GACGAGGGGCA	1865.0	1741.0	1.0	49.5	6.5	32.5	30.5	1.0	5.5	6.0	4.5	0.0	21.0	48.0	44.5	32.0	1882.0	2234.5	7.5	27.5	19.5	0.0	77.0	3.0	19.0	14.5	12.5	0.0	9.0	66.0	55.5	34.5
PBANKA_030820	PbGEM-270259|PbGEM-646997|PbGEM-270251|PbGEM-646928|PBANKA_030820|PbGEM-270243	GTTAGCATGCA	2531.0	2683.5	1836.0	2187.5	705.5	2016.0	1658.0	1051.5	4152.5	4375.5	3056.0	4028.5	6032.5	5023.0	5295.0	4530.5	2462.5	3147.0	1956.0	1497.0	1411.5	2.0	3655.0	1589.5	4316.0	4584.0	4520.5	4582.5	5513.0	6484.5	5199.5	5275.0
PBANKA_031270	PbGEM-083801|PbGEM-083793|PBANKA_031270|PbGEM-646954|PbGEM-229846	GCCAGATGTAT	1731.0	1436.0	3531.5	4077.0	1328.0	1885.5	1321.5	1995.0	2019.5	3132.5	1910.0	2566.0	1812.0	1691.5	2101.0	2020.0	1647.0	1782.0	3952.0	2657.0	2034.0	0.0	3474.5	3350.5	2284.5	3152.0	2697.5	2840.0	1720.0	2059.0	2121.0	2490.0
PBANKA_031330	PbGEM-646965|PbGEM-647083|PbGEM-270954|PbGEM-270946|PBANKA_031330|PbGEM-328667|PbGEM-270938	TTTGTTTAACC	1832.0	1661.5	983.5	741.5	218.0	306.0	192.5	469.5	647.5	468.5	293.0	330.5	217.0	152.5	314.5	722.5	1810.0	2054.5	802.0	507.5	421.5	0.0	584.0	738.5	755.0	475.5	386.5	398.0	165.5	203.0	331.0	883.0
PBANKA_031380	PbGEM-341820|PBANKA_031380|PbGEM-230078|PbGEM-010621|PbGEM-668989|PbGEM-646764|PbGEM-010613	ACCGCCATCCA	4127.5	3612.5	19.0	294.5	73.5	40.5	34.5	11.0	240.5	187.5	89.0	331.5	33.5	2.0	44.5	10.5	3937.5	4370.5	28.5	196.0	165.5	0.0	26.5	17.0	253.5	171.0	111.0	324.5	25.0	10.5	35.0	20.0
PBANKA_040230	PbGEM-011177|PbGEM-230789|PbGEM-011169|PBANKA_040230	GGCAGTATCGA	2114.0	1760.5	0.0	13.5	10.0	54.5	40.0	0.0	4.0	57.0	0.0	10.5	8.5	75.5	4.0	71.0	2080.5	2249.5	12.0	6.0	30.0	0.0	158.5	0.0	4.5	66.0	0.0	22.5	9.0	125.5	6.0	95.0
PBANKA_040480	PbGEM-645633|PbGEM-645694|PbGEM-011493|PbGEM-011485|PbGEM-674229|PbGEM-228942|PBANKA_040480	GGCCGACTGCG	1660.0	1345.5	532.0	699.0	211.5	346.0	280.5	230.0	89.5	176.5	75.5	396.5	180.5	61.0	140.5	168.5	1538.5	1684.0	516.5	410.5	332.0	0.0	818.0	386.0	136.0	189.0	118.0	412.5	156.0	69.5	137.0	191.5
PBANKA_040820	PbGEM-538051|PbGEM-528296|PbGEM-528155|PbGEM-467278|PbGEM-645854|PbGEM-111826|PBANKA_040820|PbGEM-539483|PbGEM-084520|PbGEM-229765|PbGEM-011988|PbGEM-646469|PbGEM-528437|PbGEM-646635	AATCCTTTACT	355.0	293.5	507.5	935.5	219.5	434.5	401.5	193.5	648.5	1243.0	743.0	1584.0	973.5	764.0	847.5	756.5	336.0	413.0	466.5	588.0	536.0	0.0	987.5	368.0	782.0	1200.0	1054.5	1878.5	1006.0	906.0	854.5	1111.5
PBANKA_040980	PBANKA_040980|PbGEM-646996|PbGEM-272234|PbGEM-272242	GGAGAGCGGAG	2158.5	1969.0	533.0	767.5	289.0	817.5	869.5	293.0	20.0	66.0	0.0	0.0	215.0	207.0	139.0	71.5	2150.0	2274.0	684.0	456.0	515.0	1.0	2270.0	598.5	22.5	58.0	1.5	1.0	246.0	322.5	139.0	112.5
PBANKA_041350	PBANKA_041350|PbGEM-230494|PbGEM-012712|PbGEM-121274	CTGGCCGCTAA	1768.5	1529.0	1881.0	3196.5	1095.5	2031.5	1616.5	1017.5	2.0	1.0	1.5	1.0	2.0	2.0	0.0	1.5	1709.5	1930.5	1974.0	2165.5	1938.5	0.5	3916.0	1680.5	2.0	0.0	0.0	0.0	0.5	0.0	0.0	1.0
PBANKA_050170	PbGEM-013663|PBANKA_050170|PbGEM-341900|PbGEM-646981|PbGEM-231633|PbGEM-085340|PbGEM-646744	ATGTCTGCCTA	4814.0	4054.5	8820.5	8225.5	2844.0	6276.0	6077.5	4812.0	371.5	655.0	616.5	1082.5	65.0	25.5	51.5	32.0	4731.5	5181.5	8915.0	5883.5	4682.0	1.0	13547.5	9128.0	511.0	661.0	891.0	1111.5	47.5	23.5	48.0	57.0
PBANKA_050250	PbGEM-273778|PbGEM-273770|PBANKA_050250|PbGEM-273786	GATGATCCGTT	2450.0	2140.5	151.5	109.5	135.0	1172.5	850.5	68.0	365.0	424.0	11.5	176.0	680.0	741.0	755.5	401.0	2363.0	2621.5	163.5	67.5	238.5	0.0	2071.0	165.5	296.0	380.5	39.5	146.5	665.0	806.0	717.5	468.5
PBANKA_050650	PbGEM-230925|PBANKA_050650|PbGEM-014384|PbGEM-329403	CTTCAAGCCGT	2115.0	2001.0	30971.0	50065.5	27467.0	52589.0	42670.5	12431.5	25491.0	34580.0	22718.0	31429.0	38005.5	31941.5	33685.0	24482.0	2140.0	2321.0	30548.0	34944.0	43482.0	12.5	97441.5	20901.0	26877.5	34333.5	28032.0	34147.5	37029.5	38491.0	34399.5	28044.5
PBANKA_051770	PbGEM-015996|PBANKA_051770|PbGEM-086344|PbGEM-232524|PbGEM-646983|PbGEM-264508	TTTGACAGGGG	5592.0	5487.5	11254.5	11915.5	3512.0	8110.5	7065.5	5627.0	1521.5	1628.5	1263.0	1370.5	2706.0	1470.0	2588.0	2067.5	5803.5	6441.0	11299.0	6400.0	6237.0	2.0	16994.0	11434.5	1666.0	1562.5	1755.0	1547.0	2922.0	1784.0	2523.0	2449.0
PBANKA_051820	PbGEM-646807|PbGEM-275850|PBANKA_051820|PbGEM-275834|PbGEM-329739|PbGEM-275858|PbGEM-275842	TGTTTCCGTTG	1782.5	1890.0	1700.5	1643.5	504.5	619.5	452.5	737.5	761.0	717.0	470.0	635.5	664.0	432.0	580.5	418.0	2004.0	1771.0	1511.5	1179.5	900.0	0.0	1078.5	1301.5	634.5	674.5	668.5	560.0	738.0	593.5	464.0	528.5
PBANKA_052020	PbGEM-645760|PbGEM-232885|PbGEM-121386|PbGEM-646375|PbGEM-646541|PbGEM-528068|PbGEM-329803|PbGEM-016382|PbGEM-121306|PbGEM-528350|PBANKA_052020|PbGEM-086590|PbGEM-528209	GTTAGCTGTCC	2176.5	1912.0	7.5	0.0	2.0	2.0	0.0	0.0	1.0	0.0	0.0	0.0	0.0	0.5	0.0	1.0	2126.5	2344.0	2.0	0.0	0.0	0.0	11.0	0.0	0.0	0.0	0.0	0.0	1.0	1.0	0.0	0.0
PBANKA_061140	PbGEM-233743|PbGEM-087479|PbGEM-646708|PbGEM-018606|PbGEM-018598|PBANKA_061140	AGAACATACTG	1881.5	1658.5	194.5	130.5	30.0	60.0	60.0	100.0	8.0	50.5	76.0	119.5	141.0	23.5	111.5	77.5	1786.5	1909.5	184.5	74.5	91.5	0.0	75.5	128.5	7.0	108.0	128.5	88.0	101.0	36.0	121.0	107.5
PBANKA_061670	PbGEM-646732|PbGEM-072498|PBANKA_061670	TCTCGGTTAT	1771.5	2009.5	3020.0	5702.5	1536.0	2658.0	2347.0	1853.0	307.0	351.0	569.5	743.5	71.5	36.0	69.0	1.0	2261.5	1950.0	2806.5	3670.0	2735.0	2.0	4876.0	2822.5	172.0	331.0	618.0	716.5	57.5	56.0	68.0	13.5
PBANKA_062180	PbGEM-279634|PBANKA_062180|PbGEM-279642|PbGEM-279650	CTGGAAGTAAT	1635.5	1367.5	115.5	8.0	41.5	170.0	180.5	48.5	54.5	133.0	1.0	1.0	187.0	93.5	228.0	60.5	1550.5	1828.0	97.0	9.0	31.5	0.0	421.5	91.5	91.0	157.0	10.0	1.0	131.0	60.0	206.0	60.0
PBANKA_070700	PbGEM-234332|PbGEM-021279|PBANKA_070700|PbGEM-088932|PbGEM-088924	CTACAAGTTCA	3648.5	2978.0	9068.5	8365.5	3086.0	7401.0	6407.0	4732.5	17809.5	21259.0	10963.0	16679.0	20393.5	18208.0	20133.0	18170.5	3593.5	3667.0	9268.0	5541.5	5222.5	3.5	15734.0	8089.0	18784.0	20589.5	14804.0	18708.5	19453.0	21174.5	19643.0	20438.5
PBANKA_071010	PbGEM-665157|PbGEM-021754|PbGEM-467265|PbGEM-021746|PbGEM-330779|PbGEM-534323|PBANKA_071010|PbGEM-234822	ATAGGTGGTGA	2042.5	1819.0	331.0	1509.0	507.5	1007.5	731.5	188.0	191.0	149.0	34.5	56.0	183.0	339.0	625.0	161.5	1993.0	2247.0	421.0	943.5	894.0	0.0	2117.5	355.0	212.0	132.0	41.0	34.5	245.5	462.0	565.5	227.0
PBANKA_071760	PbGEM-089700|PbGEM-022786|PbGEM-236367|PbGEM-089708|PBANKA_071760	CACGTCAGTAT	1094.5	798.5	87.5	4.0	9.0	39.0	47.0	51.0	69.5	0.0	8.5	0.0	1.0	0.5	48.5	52.5	1090.0	1021.5	99.5	3.5	9.0	0.0	73.0	58.0	66.0	0.5	2.0	0.0	0.0	0.0	62.5	82.5
PBANKA_080630	PbGEM-646638|PbGEM-645857|PbGEM-665501|PbGEM-236398|PbGEM-528299|PbGEM-467281|PbGEM-090491|PbGEM-528158|PbGEM-024283|PbGEM-538339|PBANKA_080630|PbGEM-331395|PbGEM-528440|PbGEM-646472	GAAGGTGGTAC	2258.0	1989.0	1552.5	1305.5	411.5	1017.5	920.0	731.5	389.0	575.5	504.5	414.0	24.5	31.0	60.5	386.0	2154.0	2417.5	1812.0	800.0	707.0	0.0	1882.5	1360.0	374.5	548.5	727.5	451.0	16.0	45.5	52.0	459.0
PBANKA_081600	PbGEM-331603|PbGEM-284546|PbGEM-284538|PbGEM-342124|PBANKA_081600	CGAGCCTTGAA	2394.0	1693.0	3274.0	5057.5	1567.0	2407.0	2598.5	1834.5	776.0	1264.5	811.0	557.5	84.0	178.0	153.0	113.5	2283.5	2107.5	3758.0	3348.0	2514.5	2.0	5807.5	3470.0	826.0	1220.5	1285.5	741.0	106.5	179.0	180.5	146.5
PBANKA_081700	PbGEM-646543|PbGEM-646377|PbGEM-238732|PbGEM-025757|PbGEM-528211|PbGEM-528070|PbGEM-238770|PbGEM-226205|PbGEM-528352|PbGEM-645762|PbGEM-331627|PBANKA_081700|PbGEM-025749	CGGATAGTCGT	2307.5	2011.5	841.5	811.0	224.0	198.0	160.0	539.0	96.0	28.0	11.0	8.0	0.5	0.5	0.0	29.5	2183.5	2370.0	923.5	544.0	394.0	0.0	374.0	948.0	92.5	24.5	1.0	38.0	0.0	1.0	0.0	28.0
PBANKA_082450	PbGEM-091584|PbGEM-259484|PBANKA_082450|PbGEM-195410|PbGEM-091576	ATCTCAAAGTG	3119.0	3405.0	49.5	55.0	25.0	11.5	6.5	10.0	10.5	27.0	10.5	1.0	0.5	1.0	0.0	6.0	3942.0	3199.0	28.5	46.5	11.0	0.0	25.5	20.0	13.0	29.0	11.5	0.5	0.0	0.0	0.5	21.0
PBANKA_091820	PBANKA_091820|PbGEM-646952|PbGEM-646738|PbGEM-093589|PbGEM-239750|PbGEM-093581	GCGTGGAGATT	2321.5	2073.5	645.5	865.5	261.0	578.5	515.0	322.5	153.0	328.5	147.0	367.0	217.0	176.5	263.5	226.0	2279.0	2413.0	766.5	496.0	438.0	0.0	1081.5	576.5	208.5	298.5	253.5	403.5	198.5	210.5	290.0	238.0
PBANKA_091990	PbGEM-240203|PbGEM-030960|PBANKA_091990|PbGEM-030952|PbGEM-332707	CTCCTTTCTAC	2068.0	1641.0	901.5	609.0	152.0	335.0	385.0	475.0	0.0	0.0	26.5	0.5	67.5	21.5	14.0	5.0	2044.5	2204.0	981.5	381.0	400.5	0.0	734.0	1169.0	1.0	2.0	22.5	0.5	29.5	17.0	19.5	5.0
PBANKA_093290	PbGEM-239595|PbGEM-032706|PbGEM-645629|PBANKA_093290|PbGEM-032714|PbGEM-645697	TTCGGGATACG	3263.5	3666.5	7227.0	9052.5	3073.5	7599.0	6485.0	4063.0	17876.0	21488.5	12232.0	18856.0	22758.5	19389.5	20867.5	18193.5	3489.5	4357.0	8281.5	5670.0	5099.5	3.0	16076.0	7274.0	19538.5	20861.0	16886.5	20216.0	22351.0	24034.0	21202.5	21341.0
PBANKA_093850	PbGEM-333163|PbGEM-033491|PbGEM-240918|PbGEM-646768|PbGEM-033499|PbGEM-646736|PBANKA_093850	CAGGTCTGAAA	2110.5	1888.0	72.0	101.5	41.5	60.5	67.5	20.5	39.0	57.0	34.5	54.0	0.0	0.5	4.0	79.5	2081.0	2346.5	121.0	82.0	69.0	0.0	103.5	91.5	45.5	26.5	43.0	12.0	0.0	0.0	10.0	112.0
PBANKA_101440	PbGEM-265348|PBANKA_101440|PbGEM-263052|PbGEM-036394	GGCCAGATCAC	2221.5	1945.5	86.5	298.5	125.0	235.5	197.5	64.0	42.0	187.0	43.5	192.0	4.0	3.0	92.0	76.5	2216.0	2427.5	68.5	205.0	209.0	0.0	525.0	79.0	19.0	139.5	61.5	163.0	16.5	5.0	99.5	89.0
PBANKA_102230	PbGEM-263636|PBANKA_102230|PbGEM-037567|PbGEM-646733|PbGEM-037559|PbGEM-675509	TACACCGTTTG	1738.5	1882.0	0.0	59.5	26.0	67.5	87.5	0.0	61.0	47.5	104.5	0.0	48.0	38.5	167.0	63.5	1991.5	1628.5	1.0	53.0	33.0	0.0	194.0	5.0	30.0	16.0	144.0	0.5	21.0	48.0	171.0	88.0
PBANKA_102460	PbGEM-295718|PbGEM-295702|PbGEM-295710|PBANKA_102460|PbGEM-334115	CGAGTATGCTT	5111.5	3304.5	1544.5	1661.0	494.5	1402.5	1161.0	901.0	3938.0	3991.0	2300.0	3278.5	3938.5	3160.0	3800.0	3437.5	4999.0	4060.0	1767.5	1179.5	953.0	1.0	3017.5	1512.5	4078.0	4094.5	3386.0	3511.0	3639.5	3817.0	3570.0	3932.0
PBANKA_110420	PbGEM-645701|PbGEM-645675|PbGEM-245181|PBANKA_110420|PbGEM-527730|PbGEM-040613|PbGEM-098344|PbGEM-122074	AGTAAGCCTTC	1934.0	1802.5	62.5	98.5	19.5	72.0	64.5	14.0	0.0	0.0	0.0	0.5	0.0	1.0	0.0	0.0	1954.5	2195.0	35.0	76.0	44.5	0.0	103.5	33.5	0.0	0.0	0.5	0.0	0.0	0.0	0.0	0.0
PBANKA_111180	PbGEM-041703|PbGEM-041695|PbGEM-243525|PBANKA_111180	TCACCTCGTGC	1996.5	1755.5	713.5	587.0	167.5	425.0	309.0	339.0	156.0	101.5	80.5	101.0	120.0	110.0	110.0	39.5	1979.0	2000.5	604.0	388.0	290.5	0.0	686.5	505.0	128.0	117.5	105.5	97.0	163.0	84.5	82.5	70.5
PBANKA_111510	PbGEM-121266|PbGEM-244523|PbGEM-665405|PbGEM-042217|PbGEM-121330|PBANKA_111510	TTGCTGTCGGC	5128.0	4413.5	2049.5	2879.5	1019.0	2658.0	2565.0	997.5	192.0	120.5	91.5	113.5	183.5	234.5	171.0	98.0	5078.0	5518.0	2301.5	2027.5	1891.0	1.0	5393.5	1896.5	127.0	139.5	132.0	172.5	211.0	301.0	174.5	135.0
PBANKA_111630	PbGEM-244789|PbGEM-042380|PBANKA_111630|PbGEM-342604|PbGEM-669309|PbGEM-646747|PbGEM-042388	ACGCTCCGACC	3444.5	2841.5	853.0	1335.5	425.5	535.0	498.5	487.5	234.5	155.5	137.0	140.5	52.0	28.0	30.5	86.5	3290.5	3500.5	1043.0	974.5	754.0	2.0	1166.0	939.5	260.5	147.5	125.0	139.5	47.5	32.0	18.5	73.0
PBANKA_112490	PbGEM-043567|PbGEM-247392|PBANKA_112490|PbGEM-043575	TCGCGTAAAGA	1866.0	1733.0	269.5	29.5	12.5	7.0	0.0	130.0	310.0	312.5	204.0	218.0	1.0	0.5	0.0	274.0	1812.5	2096.5	337.0	26.5	19.0	0.0	0.5	197.0	271.5	265.0	335.5	240.5	1.5	0.0	1.0	313.5
PBANKA_112690	PbGEM-646407|PBANKA_112690|PbGEM-528240|PbGEM-645792|PbGEM-099797|PbGEM-528099|PbGEM-099789|PbGEM-247974|PbGEM-646573|PbGEM-528381	AGAGGTCGGGT	2495.0	1920.0	147.0	662.5	219.0	72.5	85.0	52.0	343.0	437.0	359.0	761.5	49.0	12.5	39.5	43.5	2494.0	2520.5	110.5	461.0	442.5	0.0	62.5	65.5	259.5	438.5	484.0	798.5	41.5	19.5	27.5	49.5
PBANKA_121100	PbGEM-246564|PBANKA_121100|PbGEM-047958|PbGEM-047966	GATGGGACCGG	2407.0	2083.0	66.5	119.0	53.5	348.5	280.5	33.0	168.5	94.0	34.0	93.5	560.5	490.0	467.0	473.5	2272.0	2473.0	61.0	85.0	106.5	0.0	693.5	82.0	259.0	118.5	56.5	70.0	670.0	587.0	415.0	649.0
PBANKA_121770	PbGEM-305938|PbGEM-305930|PbGEM-305946|PBANKA_121770	CCGGCTGGAGG	1815.5	1680.5	1054.5	1149.0	430.5	983.5	863.5	501.5	276.5	135.0	291.5	77.5	80.5	31.5	15.5	177.5	1732.5	2056.5	1066.0	756.5	679.0	0.0	2102.0	819.5	343.5	134.5	354.5	103.5	45.5	36.5	31.0	247.5
PBANKA_123160	PbGEM-307778|PbGEM-337003|PbGEM-670637|PbGEM-307786|PBANKA_123160	TATAACTTATA	1061.0	951.0	59.0	404.0	193.5	251.5	217.5	34.0	0.0	0.0	0.0	0.0	0.0	0.0	5.0	0.0	1026.0	1121.0	60.5	261.0	311.0	1.0	644.5	44.0	0.0	0.5	1.0	0.0	0.5	0.0	14.0	0.0
PBANKA_123560	PbGEM-308394|PBANKA_123560|PbGEM-308410|PbGEM-308402	CGGAGGTTTAT	2061.0	1741.5	495.5	415.0	101.0	298.5	225.5	225.5	304.5	276.0	251.0	216.5	305.0	295.5	309.0	227.0	2011.0	2306.5	430.0	208.5	255.0	0.0	625.0	391.5	301.5	261.0	351.5	247.0	307.0	394.0	286.5	269.0
PBANKA_131480	PBANKA_131480|PbGEM-645835|PbGEM-251793|PbGEM-646616|PbGEM-528281|PbGEM-646450|PbGEM-251753|PbGEM-528140|PbGEM-105250|PbGEM-055190|PbGEM-528422	AAATAAGCGCG	1708.0	1610.0	5.0	1.0	0.0	3.0	0.0	3.0	0.0	9.0	0.0	0.0	0.0	1.5	1.0	0.0	1805.0	1850.5	1.0	1.0	0.0	0.0	0.0	0.0	0.0	9.0	0.0	0.5	0.0	0.0	0.0	1.0
PBANKA_131510	PbGEM-105276|PbGEM-251903|PbGEM-055230|PBANKA_131510|PbGEM-055238|PbGEM-105284|PbGEM-251940|PbGEM-337779	AGCTGGAGTTT	2243.5	1985.5	1396.0	575.0	223.0	477.0	503.0	568.0	1394.5	1115.0	955.0	1122.0	1052.5	1007.0	1042.0	1404.0	2171.0	2504.5	1334.5	352.5	341.0	0.0	885.0	1112.5	1451.5	1198.0	1414.5	1242.5	963.5	1139.0	1144.0	1709.0
PBANKA_131750	PbGEM-252912|PbGEM-055580|PbGEM-337835|PbGEM-105507|PbGEM-105499|PBANKA_131750	GTAACCACACT	2212.0	1943.5	195.0	654.5	137.5	269.5	252.0	113.0	383.5	546.5	186.0	749.5	98.0	172.0	188.0	137.0	2149.5	2437.0	250.5	388.0	281.0	0.0	578.5	201.5	379.0	628.5	261.5	863.0	101.0	238.0	190.0	142.0
PBANKA_131800	PbGEM-673285|PbGEM-337851|PbGEM-105530|PBANKA_131800|PbGEM-253013|PbGEM-105538	CGCCCTGTTTG	790.0	720.0	264.0	555.0	174.0	297.0	270.0	122.0	1075.0	1117.5	637.5	1143.5	825.0	566.0	1090.5	916.0	853.5	674.5	238.0	288.0	318.5	0.0	604.0	236.0	1134.5	1087.0	628.5	1071.5	879.0	696.5	770.0	1186.5
PBANKA_131910	PbGEM-461628|PbGEM-312437|PBANKA_131910|PbGEM-312445|PbGEM-312453|PbGEM-337899|PbGEM-461662|PbGEM-668373	ACAGATCTGCG	1943.5	1623.5	6442.0	7324.0	2337.5	4619.0	3882.0	3337.5	623.5	571.5	657.0	1083.0	686.0	496.5	668.0	935.0	1934.5	1882.5	6914.0	4756.0	3981.0	1.0	8976.5	5513.5	708.0	533.0	961.0	1196.5	719.0	593.5	711.5	1170.0
PBANKA_132050	PBANKA_132050|PbGEM-253763|PbGEM-056046|PbGEM-337963|PbGEM-105805	CTCTCCCTTAC	2104.0	1690.0	1.0	101.5	41.5	32.5	18.5	0.0	9.0	7.5	16.0	56.5	3.5	21.5	1.0	0.0	1943.5	2300.5	0.0	49.0	68.0	0.0	80.5	2.0	10.0	10.0	40.0	137.5	2.0	55.5	12.5	3.5
PBANKA_134280	PbGEM-058996|PbGEM-253563|PbGEM-059004|PbGEM-646927|PBANKA_134280	GTATACGGATT	2028.0	1834.5	1.5	32.5	21.5	106.5	102.5	0.5	67.0	75.0	35.0	99.0	127.0	18.5	139.5	37.0	2077.0	2198.0	23.0	25.5	30.5	0.0	209.0	6.0	49.5	75.5	40.0	55.5	130.5	21.5	79.0	48.5
PBANKA_134380	PbGEM-107421|PbGEM-059134|PbGEM-253917|PbGEM-059126|PBANKA_134380	ACATCAGAAAG	2136.5	2009.5	4855.5	5079.5	1550.0	2717.5	2472.0	2411.0	78.5	148.0	104.5	75.5	138.0	126.0	183.0	133.5	2279.5	2239.0	4801.5	3131.5	2362.5	3.0	6135.0	4148.5	102.5	133.5	143.5	77.5	191.0	170.0	172.5	152.5
PBANKA_134600	PBANKA_134600|PbGEM-264468|PbGEM-059479|PbGEM-107605|PbGEM-254858	ACGTAAGACAA	5386.5	4589.0	5918.0	5224.5	1590.0	3970.5	3029.0	3269.5	2594.0	1838.0	1212.0	1542.5	1870.0	1167.5	1921.5	2358.0	5273.5	5609.5	6915.5	3436.0	2598.0	1.0	7333.0	5535.0	2542.5	1997.5	1709.0	1819.0	1945.0	1670.5	1880.5	2999.0
PBANKA_135330	PbGEM-108164|PBANKA_135330|PbGEM-251495	AATGTGCGTCC	5329.5	4450.0	3518.5	5258.5	1522.5	2990.0	2771.0	2000.0	700.0	1008.5	553.5	1276.5	1282.5	903.0	1513.5	1018.0	5120.0	5531.5	3806.0	3249.0	2631.5	4.5	6315.5	3743.5	700.0	1019.5	673.0	1522.0	1203.5	1188.0	1565.0	1216.0
PBANKA_135660	PbGEM-060978|PbGEM-343188|PbGEM-646750|PbGEM-060986|PBANKA_135660|PbGEM-252886|PbGEM-339011	CCAGGCGTCGA	1996.5	1734.0	1138.0	1929.0	628.5	849.5	694.5	632.5	93.5	213.5	44.5	186.5	107.0	8.5	58.0	14.5	1945.0	2227.0	1323.5	1449.5	1021.5	0.0	1568.0	1142.5	87.0	221.5	58.0	221.0	95.5	5.0	50.5	20.0
PBANKA_135860	PbGEM-108548|PbGEM-061290|PbGEM-253485|PBANKA_135860|PbGEM-108540	GGAGGGTATGC	1735.0	1789.0	170.0	25.0	7.0	0.0	0.0	63.5	63.5	170.0	28.0	59.5	0.0	2.0	0.0	174.5	1942.5	1909.0	182.5	4.5	8.5	0.0	0.0	105.0	50.0	172.5	57.0	95.5	1.5	0.0	0.0	209.5
PBANKA_136050	PbGEM-061573|PbGEM-339171|PbGEM-108747|PBANKA_136050|PbGEM-108739|PbGEM-254126	TTGCGTTCGAC	15248.5	13314.5	1899.5	2181.0	771.5	1051.5	778.0	687.0	2426.5	3586.0	2243.0	2734.0	1731.0	991.0	1338.5	1857.5	14748.0	17106.0	1766.0	1668.0	1090.5	1.0	1995.0	1282.5	2371.5	3926.0	2749.0	2886.5	1781.5	1383.5	1318.5	2314.5
PBANKA_136210	PbGEM-646404|PBANKA_136210|PbGEM-254684|PbGEM-645789|PbGEM-108856|PbGEM-339219|PbGEM-528378|PbGEM-528237|PbGEM-665125|PbGEM-108848|PbGEM-528096|PbGEM-646570	AAGGATCTATC	2007.0	1858.5	1793.0	1753.0	598.5	1210.5	961.5	879.5	596.0	741.0	400.5	661.0	863.0	690.5	510.5	884.0	2075.0	2201.0	1738.5	1050.5	1062.5	0.0	2513.0	1468.0	669.5	669.0	614.0	787.0	804.5	773.5	530.0	1093.0
PBANKA_141910	PbGEM-110413|PBANKA_141910|PbGEM-670237|PbGEM-064920|PbGEM-256541	AAGCATTTCTG	1234.0	1155.0	1208.0	1259.5	450.5	1471.5	1211.5	563.0	37.0	83.0	21.5	72.0	159.0	163.5	191.5	141.0	1313.0	1315.5	1288.5	754.5	718.5	0.0	3016.0	1041.5	27.0	71.5	43.5	93.5	184.5	177.0	169.0	176.5
PBANKA_143750	PbGEM-067586|PbGEM-528326|PbGEM-528185|PbGEM-528467|PbGEM-646665|PbGEM-646705|PbGEM-645884|PbGEM-646499|PbGEM-646696|PbGEM-646727|PbGEM-669773|PBANKA_143750|PbGEM-340307|PbGEM-226429	GGGAATTAAGA	692.5	614.0	2149.0	2078.5	671.5	3017.5	2151.5	1168.0	0.0	0.5	0.0	0.0	1.0	27.5	0.0	1.5	703.5	817.5	2820.5	1144.5	1174.0	1.0	5298.0	2429.5	0.5	0.0	1.0	3.0	1.0	26.0	1.5	0.5
PBANKA_144200	PbGEM-323763|PbGEM-323771|PBANKA_144200|PbGEM-323755|PbGEM-323779	AAAACTTCGTG	2233.5	2040.5	79.5	238.5	70.0	10.5	0.5	32.5	0.0	61.5	22.5	58.5	23.0	0.0	2.0	2.0	2439.5	2034.0	68.5	180.0	119.0	0.0	15.0	67.5	0.0	68.0	13.0	47.0	23.5	1.0	0.0	2.0
PBANKA_144690	PbGEM-646781|PbGEM-256413|PbGEM-068975|PBANKA_144690|PbGEM-079961|PbGEM-675261	GCCGGAATAAA	1972.5	1711.0	274.5	641.5	200.5	485.0	454.5	128.0	95.5	0.0	51.0	52.0	0.0	2.0	0.0	2.0	1887.5	2171.0	354.0	357.5	334.0	2.0	1007.0	252.5	81.0	1.0	94.5	38.0	1.0	0.0	0.0	6.0
PBANKA_145030	PbGEM-324787|PbGEM-324771|PbGEM-324795|PbGEM-324779|PbGEM-666525|PBANKA_145030|PbGEM-646742	TCTGTCTGTGC	1870.0	1585.5	1014.0	667.5	317.0	644.5	573.5	596.0	5.0	147.0	58.5	133.0	0.0	0.0	1.0	1.0	1836.0	2055.5	1085.5	520.5	371.5	0.0	1410.0	903.0	22.0	163.5	81.5	138.0	0.0	0.0	0.0	0.0
PBANKA_146350	PbGEM-071416|PbGEM-259164|PBANKA_146350|PbGEM-264404	AGGATACCAAC	4700.0	4017.5	592.0	109.0	78.5	618.5	454.5	215.5	494.0	426.0	133.0	212.5	696.5	476.5	531.0	431.5	4491.5	5111.5	671.0	48.5	92.0	0.0	1104.5	419.0	627.5	411.5	209.5	198.0	705.0	578.5	531.0	614.5
