pbanka_id	Gene	Barcodes	PbFertility2_1_GCKO2_t_r1	PbFertility2_2_145480_t_r1	PbFertility2_3_GCKO2_d0_bp_mf1_r1	PbFertility2_4_GCKO2_d0_bp_mf2_r1	PbFertility2_5_145480_d0_bp_mf1_r1	PbFertility2_6_145480_d0_bp_mf2_r1	PbFertility2_7_GCKO2_d0_bq_mf1_r1	PbFertility2_8_GCKO2_d0_bq_mf2_r1	PbFertility2_9_145480_d0_bq_mf1_r1	PbFertility2_10_145480_d0_bq_mf2_r1	PbFertility2_11_GCKO2_d14_mf1.1_r1	PbFertility2_12_GCKO2_d14_mf1.2_r1	PbFertility2_13_GCKO2_d14_mf2.1_r1	PbFertility2_14_GCKO2_d14_mf2.2_r1	PbFertility2_15_145480_d14_mf1.1_r1	PbFertility2_16_145480_d14_mf1.2_r1	PbFertility2_17_145480_d14_mf2.1_r1	PbFertility2_18_145480_d14_mf2.2_r1	PbFertility2_19_GCKO2_t_r2	PbFertility2_20_145480_t_r2	PbFertility2_21_GCKO2_d0_bp_mf1_r2	PbFertility2_22_GCKO2_d0_bp_mf2_r2	PbFertility2_23_145480_d0_bp_mf1_r2	PbFertility2_24_145480_d0_bp_mf2_r2	PbFertility2_25_GCKO2_d0_bq_mf1_r2	PbFertility2_26_GCKO2_d0_bq_mf2_r2	PbFertility2_27_145480_d0_bq_mf1_r2	PbFertility2_28_145480_d0_bq_mf2_r2	PbFertility2_29_GCKO2_d14_mf1.1_r2	PbFertility2_30_GCKO2_d14_mf1.2_r2	PbFertility2_31_GCKO2_d14_mf2.1_r2	PbFertility2_32_GCKO2_d14_mf2.2_r2	PbFertility2_33_145480_d14_mf1.1_r2	PbFertility2_34_145480_d14_mf1.2_r2	PbFertility2_35_145480_d14_mf2.1_r2	PbFertility2_36_145480_d14_mf2.2_r2
PBANKA_010040	PbGEM-327499|PbGEM-672109|PbGEM-265996|PbGEM-533099|PbGEM-266004|PBANKA_010040	AGGAATTTAAC	668.5	521.0	5.0	9.0	139.5	68.0	21.5	7.0	134.5	85.5	40.0	13.5	46.0	59.5	370.5	587.5	154.5	148.0	670.5	366.5	11.0	11.0	149.0	74.0	11.0	12.0	83.0	60.0	39.0	11.0	64.5	60.5	352.5	531.5	125.5	117.5
PBANKA_010110	PbGEM-266100|PbGEM-266092|PbGEM-668501|PBANKA_010110	CAGCGTGATGT	720.5	1217.0	2332.5	282.5	752.0	2411.0	2669.5	323.0	739.5	2189.5	4340.5	5552.0	441.5	397.5	1740.5	1957.5	2552.0	2602.0	731.0	915.5	2164.0	291.5	768.5	2094.5	2126.0	247.5	648.5	1890.5	5376.0	5702.5	432.0	335.0	1635.0	1615.0	2314.0	2576.5
PBANKA_010160	PbGEM-081273|PbGEM-646931|PbGEM-005333|PBANKA_010160|PbGEM-226701	GAAATTTGGCA	544.0	443.5	0.0	15.0	107.0	0.0	0.0	16.0	127.5	0.0	0.0	0.0	15.0	34.5	44.0	104.5	0.0	0.0	543.5	355.5	0.0	11.5	157.5	0.0	0.0	7.0	109.5	0.0	0.0	0.0	11.5	33.5	36.5	75.0	0.0	0.0
PBANKA_010580	PBANKA_010580|PbGEM-266691|PbGEM-266683	GACGGGACTAC	711.5	539.5	1568.5	651.5	112.5	305.0	1825.0	738.0	110.0	320.5	4976.5	5423.5	1287.5	1166.0	289.5	147.0	509.5	612.5	719.5	406.0	1521.5	577.5	98.0	257.0	1497.0	637.0	91.0	250.5	5691.5	5516.5	1181.5	1001.0	268.5	127.0	485.5	506.5
PBANKA_010620	PBANKA_010620|PbGEM-327715|PbGEM-266739|PbGEM-533147|PbGEM-266747|PbGEM-667717	CCACCTGCCCA	715.5	533.0	191.5	1048.5	369.5	32.0	251.0	1110.0	382.5	32.5	211.0	256.0	1102.5	1269.5	0.0	0.0	0.0	0.0	683.0	439.5	176.5	985.5	356.0	31.0	156.5	938.5	330.0	23.5	262.5	283.0	1062.5	1118.0	0.0	0.0	0.0	1.0
PBANKA_011110	PBANKA_011110|PbGEM-647043|PbGEM-267315|PbGEM-267307|PbGEM-533195	TTGCGACTTTC	446.5	408.0	17.0	1.0	266.0	38.0	9.5	0.0	255.0	53.0	25.5	18.5	0.0	0.0	276.0	258.0	105.5	44.0	470.0	312.5	10.5	0.0	245.0	44.0	18.5	0.0	245.0	45.5	58.0	10.0	0.0	4.0	266.0	225.5	88.5	45.5
PBANKA_011250	PbGEM-646379|PbGEM-528213|PbGEM-646545|PbGEM-645764|PbGEM-006748|PbGEM-528072|PbGEM-227922|PbGEM-226125|PbGEM-121418|PbGEM-327867|PBANKA_011250|PbGEM-528354|PbGEM-006740|PbGEM-227938	AGTTTTTTAGC	482.0	384.5	1.0	145.0	51.0	99.5	1.0	174.0	48.5	77.5	0.0	0.0	115.0	69.0	178.0	90.0	147.5	148.0	494.5	317.5	0.0	110.5	48.0	64.0	0.0	135.5	35.5	93.0	0.0	0.5	99.0	59.5	154.0	156.5	140.0	159.0
PBANKA_020670	PBANKA_020670|PbGEM-268195|PbGEM-268179|PbGEM-268187	ATCCAGGATAT	576.0	411.5	2.0	529.0	0.0	87.5	0.0	631.5	0.0	114.5	0.0	0.0	509.5	432.5	0.0	0.0	159.0	140.0	559.0	316.5	0.0	499.0	0.0	82.0	1.0	477.0	0.0	80.0	0.0	0.0	467.5	399.0	0.0	0.0	149.0	235.0
PBANKA_020830	PbGEM-082408|PbGEM-007799|PbGEM-229203|PBANKA_020830	TAACCTCTTCT	646.5	540.0	11.5	105.0	0.0	267.5	16.5	93.0	0.0	246.0	1.0	0.0	92.5	50.0	0.0	0.0	4.0	10.0	634.5	410.0	8.0	96.5	0.0	231.0	5.5	83.0	0.0	229.0	0.0	0.0	66.5	53.0	0.0	0.0	9.0	14.0
PBANKA_021140	PbGEM-082644|PBANKA_021140|PbGEM-008197|PbGEM-229906|PbGEM-082652	TAGGGCGAAGT	534.5	399.5	2.0	772.5	202.0	210.5	0.5	909.5	216.0	178.0	0.0	0.0	1309.0	1208.0	179.0	161.0	76.0	29.0	509.0	350.0	0.0	751.0	207.5	156.0	1.0	622.5	159.0	149.5	0.0	0.0	1039.5	1069.0	162.0	129.0	57.5	36.0
PBANKA_030340	PbGEM-269651|PbGEM-669349|PbGEM-269659|PbGEM-269643|PBANKA_030340|PbGEM-533419	TCCGCCACCTG	370.0	302.0	253.0	471.0	0.0	309.0	355.0	561.0	1.0	282.0	219.0	202.0	302.5	474.5	0.0	0.0	882.0	920.5	395.0	223.0	274.5	427.5	0.0	306.5	274.5	467.0	0.0	279.5	288.5	195.5	291.0	416.0	1.0	1.0	820.0	949.5
PBANKA_030370	PbGEM-664461|PBANKA_030370|PbGEM-009257|PbGEM-228022|PbGEM-009249	GCACCCACGCG	317.5	264.5	0.0	0.0	6.0	36.0	1.0	0.0	10.0	43.0	0.0	0.0	0.0	0.0	0.0	0.0	24.0	22.5	289.0	211.0	0.0	0.0	10.0	39.0	0.0	0.0	10.5	25.5	0.0	0.0	0.0	0.0	0.0	0.0	20.0	31.0
PBANKA_030610	PbGEM-670365|PbGEM-270051|PBANKA_030610|PbGEM-270035|PbGEM-270043|PbGEM-533427	TATGTTTACTG	298.0	233.0	715.5	0.5	0.0	60.5	823.5	0.0	0.0	51.5	490.5	550.0	0.0	0.0	0.0	0.5	1.0	0.0	305.5	171.0	694.5	0.5	0.0	41.0	729.0	0.0	3.5	67.5	601.0	576.5	7.5	2.0	0.0	0.0	5.0	0.0
PBANKA_030650	PbGEM-270083|PbGEM-270099|PBANKA_030650|PbGEM-270091	TATCGGAGCTT	761.0	617.5	7.0	504.0	0.0	203.5	17.0	620.0	0.0	206.5	0.0	0.0	457.5	576.5	0.0	0.0	526.5	482.0	793.5	479.5	10.0	509.5	0.0	221.0	12.0	512.5	0.0	163.5	0.0	0.0	426.5	458.5	0.0	0.0	451.5	394.5
PBANKA_030890	PBANKA_030890|PbGEM-533467|PbGEM-270307|PbGEM-270315|PbGEM-270299|PbGEM-328547	CTTGGGCGTGC	585.0	520.5	0.0	0.5	0.0	84.5	1.0	0.0	0.0	99.5	0.0	0.0	0.0	0.0	0.5	1.0	8.0	7.0	582.0	391.0	0.0	0.0	0.0	78.5	0.0	0.0	0.0	93.5	0.0	0.0	0.0	0.0	0.0	0.0	5.0	2.0
PBANKA_031210	PbGEM-270810|PbGEM-270802|PBANKA_031210|PbGEM-270794	TGAATCTGCCC	716.0	566.0	180.0	0.0	322.5	1453.5	209.0	0.0	357.0	1455.5	69.5	69.5	0.0	0.0	437.0	357.5	1537.0	1506.0	703.5	379.0	168.0	1.0	302.0	1298.5	167.0	0.0	269.5	1201.0	83.5	86.0	0.0	5.0	404.5	291.0	1531.0	1407.0
PBANKA_031660	PbGEM-645719|PbGEM-271226|PBANKA_031660|PbGEM-328723|PbGEM-645660	TCCTCGAGATG	559.5	481.5	0.0	0.0	0.0	201.5	1.0	0.0	0.0	231.5	0.0	0.0	0.0	0.0	0.0	0.0	296.0	247.0	621.0	312.5	0.0	0.0	0.0	213.0	0.0	1.5	0.0	144.5	0.0	0.0	0.0	1.0	0.0	0.0	272.5	236.0
PBANKA_040060	PbGEM-328747|PbGEM-271290|PbGEM-271298|PBANKA_040060	CCTAGGAGGTA	827.0	609.0	95.0	378.0	701.5	973.0	153.0	409.5	702.0	939.0	56.5	183.0	674.5	851.5	993.0	1188.0	950.0	1244.0	838.0	479.0	107.5	372.5	716.0	808.5	111.0	333.0	657.0	841.0	73.5	207.0	817.5	712.5	945.5	940.0	984.0	1219.5
PBANKA_040120	PbGEM-646531|PBANKA_040120|PbGEM-011029|PbGEM-230537|PbGEM-528340|PbGEM-646365|PbGEM-645750|PbGEM-528199|PbGEM-011021|PbGEM-230557|PbGEM-226165|PbGEM-084058|PbGEM-528058	GTTACGAAGGG	545.5	491.5	0.5	0.0	0.0	862.0	0.0	0.0	0.0	702.0	0.0	0.0	0.0	0.0	0.0	0.0	855.5	665.0	556.5	383.0	0.0	0.5	0.0	754.0	0.0	0.0	1.0	604.5	0.5	0.0	0.0	0.0	0.0	0.0	710.0	646.5
PBANKA_040220	PBANKA_040220|PbGEM-230767|PbGEM-667381|PbGEM-341828|PbGEM-084141|PbGEM-011161	CCACAAACAAC	791.5	649.5	777.5	883.0	1141.0	1567.0	985.5	932.5	1178.5	1636.0	713.0	1051.0	808.0	966.5	1774.0	1775.5	1117.5	1406.5	797.0	508.0	754.0	757.5	1128.5	1353.0	826.0	805.5	1020.5	1399.0	853.5	1076.5	735.0	836.0	1666.0	1427.0	1120.0	1183.0
PBANKA_040240	PbGEM-271442|PbGEM-271434|PbGEM-271426|PBANKA_040240	AGTGGCGTGAA	605.5	496.5	114.0	641.0	165.0	106.5	140.5	681.5	172.5	113.0	164.0	96.5	642.5	768.5	315.5	306.5	19.0	25.5	586.0	424.5	97.0	634.5	182.5	106.5	91.5	548.0	151.5	80.5	178.0	86.5	637.0	712.0	294.0	288.5	7.0	16.5
PBANKA_040410	PbGEM-671365|PBANKA_040410|PbGEM-228796|PbGEM-011394|PbGEM-011402	AGCAGTGCCTT	491.0	446.0	32.0	322.5	24.0	0.0	35.0	455.5	25.0	0.0	63.5	35.5	660.5	609.5	41.0	13.0	0.0	1.0	484.5	320.5	30.0	328.0	29.5	0.0	29.0	310.5	34.0	0.0	68.0	33.5	562.0	507.5	44.0	13.5	0.0	0.0
PBANKA_040780	PbGEM-272066|PbGEM-646943|PbGEM-328947|PBANKA_040780|PbGEM-272074	ATCAACGTAAG	775.0	567.5	543.0	24.5	477.0	525.5	680.0	25.0	439.5	475.5	506.5	586.0	23.5	19.0	1001.0	901.5	655.0	588.5	747.5	358.5	441.5	24.0	391.5	486.0	393.5	22.5	358.5	420.0	637.5	624.0	15.0	14.0	987.5	833.5	516.5	752.0
PBANKA_040950	PbGEM-272202|PbGEM-272186|PbGEM-272194|PBANKA_040950	ATGGACACTTG	450.0	396.0	614.0	9.5	2.0	453.5	745.5	13.0	5.5	478.5	336.5	428.5	3.0	23.5	2.0	4.0	524.0	385.5	503.5	288.5	545.0	15.0	6.0	415.5	535.0	7.5	2.0	441.0	493.0	456.0	3.0	31.5	2.0	2.0	476.0	377.0
PBANKA_041050	PbGEM-528214|PbGEM-012314|PbGEM-121322|PbGEM-646380|PbGEM-527123|PbGEM-645765|PbGEM-646941|PbGEM-528073|PbGEM-527587|PbGEM-230086|PbGEM-646546|PBANKA_041050|PbGEM-121426|PbGEM-528355|PbGEM-527131	GGCTAGGCCGC	479.5	417.0	124.0	267.0	708.5	761.5	145.5	311.0	705.0	680.0	97.0	97.5	157.5	203.5	288.0	227.0	232.0	256.5	461.5	316.5	100.0	250.0	663.0	650.0	120.0	225.0	623.5	704.0	90.0	89.5	165.0	173.5	290.5	184.5	248.5	263.0
PBANKA_041065	PbGEM-084632|PbGEM-012346|PbGEM-329011|PBANKA_041065|PbGEM-230132|PbGEM-084640	AGTAGTTACTT	582.0	468.0	0.0	0.0	150.5	841.5	0.0	0.0	120.5	856.0	0.0	0.0	0.5	0.0	190.5	270.5	404.5	344.5	549.5	322.0	0.0	1.0	137.0	662.5	0.0	0.0	97.5	626.0	0.0	0.0	1.0	0.0	177.0	238.5	363.0	327.0
PBANKA_041340	PbGEM-329075|PbGEM-646670|PbGEM-646698|PbGEM-646184|PbGEM-646707|PBANKA_041340|PbGEM-272706|PbGEM-646731|PbGEM-645959|PbGEM-272714	AACAATGAGGA	532.0	426.0	976.0	448.0	2363.0	1454.5	1085.0	560.5	2292.0	1542.0	4848.5	4728.5	1064.0	927.5	10.5	5.0	5.0	1.5	494.5	340.0	986.0	449.0	2407.0	1196.5	911.5	438.0	2133.0	1208.5	5816.0	5069.5	1110.0	883.0	12.5	1.0	2.0	0.5
PBANKA_041770	PbGEM-085167|PBANKA_041770|PbGEM-341892|PbGEM-013321|PbGEM-667429|PbGEM-646969|PbGEM-329179|PbGEM-264268|PbGEM-231245	ATTCATTATTA	744.0	591.5	1527.5	1232.0	436.5	490.5	1608.5	1119.5	341.0	383.5	1746.0	2021.5	1333.0	1439.5	1073.0	1095.0	747.0	612.0	696.5	437.5	1593.5	1173.5	440.5	421.0	1361.5	847.5	322.5	335.5	1972.5	2071.0	1067.0	1314.5	1092.5	895.5	688.5	629.5
PBANKA_050120	PbGEM-273538|PBANKA_050120|PbGEM-273546|PbGEM-329235	CTCGGGAGGGG	702.5	1036.5	2229.0	2832.5	4843.5	5364.5	2670.0	3316.5	4891.5	5254.5	2716.0	2866.0	974.5	1337.0	8283.5	8479.0	5799.0	6171.5	735.5	842.0	2128.5	2912.0	5226.5	4418.5	2169.0	2835.5	4385.5	4226.0	3749.5	2827.0	941.5	1353.5	8204.5	7298.0	5440.0	6300.5
PBANKA_050170	PbGEM-013663|PBANKA_050170|PbGEM-341900|PbGEM-646981|PbGEM-231633|PbGEM-085340|PbGEM-646744	ATGTCTGCCTA	1730.5	1311.0	778.5	2219.0	1199.0	1880.5	869.0	2365.5	1075.0	1806.0	1.5	15.0	1.0	16.0	2182.0	2177.5	1500.5	1462.0	1597.0	985.5	754.0	2097.0	1145.0	1617.5	749.5	1921.0	999.5	1475.5	0.0	26.5	6.5	31.5	2173.5	1891.5	1480.0	1511.5
PBANKA_050230	PBANKA_050230|PbGEM-665845|PbGEM-231733|PbGEM-341908|PbGEM-013751|PbGEM-013759	TGCCGAGCTGC	572.0	478.5	1035.5	878.5	531.5	882.5	1238.0	1040.5	602.0	793.5	859.0	990.5	1224.5	1438.0	1462.0	1469.0	951.5	892.5	563.0	354.5	962.5	831.0	541.0	767.5	1057.5	854.5	515.5	641.5	1117.5	1036.5	1050.5	1212.0	1355.5	1166.0	865.0	752.0
PBANKA_050330	PBANKA_050330|PbGEM-273898|PbGEM-273890|PbGEM-670197|PbGEM-533739	TATAGGTATAA	779.5	624.5	63.0	532.0	1.0	1478.5	80.5	650.0	2.0	1469.5	3.0	29.0	144.5	132.5	1.5	3.0	1053.5	1056.5	859.5	528.5	65.0	578.5	1.0	1223.5	52.0	487.5	2.0	1130.0	4.0	33.0	125.5	128.5	0.0	4.5	1000.0	971.0
PBANKA_050630	PBANKA_050630|PbGEM-329395|PbGEM-274242|PbGEM-274234|PbGEM-274250	TATTGTATGTT	710.5	526.0	114.0	1350.5	98.5	1113.0	203.0	1493.0	115.5	1162.0	67.0	79.0	450.0	536.0	17.0	27.0	455.0	574.5	735.0	427.5	129.5	1410.0	131.0	976.0	133.5	1209.0	94.0	938.5	89.5	81.5	441.5	449.5	24.0	16.0	418.5	588.5
PBANKA_050790	PbGEM-274402|PbGEM-274410|PbGEM-274394|PbGEM-329451|PBANKA_050790	AGGCTAGCTTG	776.5	607.5	452.5	1299.5	801.5	531.0	536.0	1481.5	756.5	546.0	349.5	544.0	2728.0	3461.0	731.0	893.5	302.5	267.0	721.0	423.0	396.5	1259.0	691.0	458.5	401.5	1182.5	632.5	457.0	488.5	598.5	2386.5	3054.5	814.0	817.0	299.5	272.0
PBANKA_051060	PbGEM-329547|PbGEM-646729|PbGEM-274850|PBANKA_051060	CGTGTGATGCC	1167.0	1373.5	540.5	1628.0	2297.5	911.0	688.0	2009.5	2516.5	907.5	1548.0	1639.0	2376.5	2561.5	1.0	0.0	1.0	0.0	1209.5	1110.5	555.0	1537.5	2413.5	754.0	560.5	1424.5	2248.0	752.5	1676.5	1694.0	2105.0	2493.0	1.0	1.0	0.5	0.5
PBANKA_051220	PbGEM-015205|PbGEM-231673|PbGEM-015197|PbGEM-647147|PbGEM-329595|PBANKA_051220	AGCCCACTTTT	512.5	485.0	0.0	149.5	173.0	0.0	0.0	153.5	148.5	0.0	0.0	0.0	650.0	636.5	165.0	171.5	0.0	0.0	554.5	383.5	0.0	128.0	174.0	0.0	0.5	143.0	110.5	0.0	0.0	0.0	549.5	469.0	201.0	172.0	0.0	0.0
PBANKA_051350	PbGEM-647155|PbGEM-275242|PbGEM-668693|PbGEM-329627|PbGEM-533851|PBANKA_051350|PbGEM-275234	AGGATTGAGAG	605.5	485.0	1370.0	299.5	114.5	243.5	1549.0	371.5	107.0	215.0	2126.5	2503.0	345.5	331.0	48.5	127.0	100.5	116.5	604.5	412.5	1325.0	299.0	126.0	203.5	1269.0	251.5	124.5	175.0	2537.0	2415.5	414.0	318.5	59.0	104.5	83.0	102.0
PBANKA_051520	PbGEM-086151|PbGEM-646595|PbGEM-528261|PbGEM-645814|PbGEM-232056|PbGEM-528402|PbGEM-528120|PBANKA_051520|PbGEM-086159|PbGEM-646429|PbGEM-015601	ATCGATTTCCA	523.5	435.5	858.5	2603.5	1.5	361.0	1115.5	2594.5	1.5	422.0	639.5	690.5	2339.5	1976.0	2.0	0.0	384.0	327.5	440.0	331.5	860.0	2495.0	0.0	313.0	796.0	2381.0	1.0	314.0	763.5	675.5	2042.0	1832.0	0.0	1.0	346.5	295.5
PBANKA_051660	PbGEM-232294|PBANKA_051660|PbGEM-015827|PbGEM-086252	ACTAGTTTGTG	557.5	426.5	83.0	40.5	174.0	268.5	116.5	36.0	164.0	274.5	25.5	5.0	0.0	0.0	65.5	55.0	88.0	131.5	509.0	296.5	72.5	34.0	158.0	206.5	85.5	26.5	137.0	186.5	20.5	2.0	0.0	0.0	74.0	57.0	102.5	123.0
PBANKA_051710	PbGEM-275714|PBANKA_051710|PbGEM-275722|PbGEM-329707|PbGEM-341363	GTAACTCAGAC	561.0	481.0	0.0	0.0	490.5	1.0	0.0	0.0	454.5	0.0	0.0	0.0	1.0	0.0	432.0	406.5	0.0	0.0	548.5	370.5	0.5	0.0	556.0	0.0	0.0	0.0	412.5	0.0	0.0	1.0	0.0	10.5	402.0	363.0	1.5	0.0
PBANKA_051820	PbGEM-646807|PbGEM-275850|PBANKA_051820|PbGEM-275834|PbGEM-329739|PbGEM-275858|PbGEM-275842	TGTTTCCGTTG	596.5	418.5	321.5	0.0	137.0	421.0	418.0	0.0	126.5	489.0	0.0	0.0	0.0	0.0	168.5	148.0	1593.5	1399.5	566.5	321.0	269.5	0.0	139.5	395.0	280.5	0.0	92.5	329.0	0.0	0.0	1.0	4.0	171.5	144.5	1527.5	1607.5
PBANKA_051900	PBANKA_051900|PbGEM-275986|PbGEM-276002|PbGEM-275994	GTCAAAGGTCG	535.0	429.0	3027.0	103.5	452.0	14.5	3827.0	99.0	464.0	11.0	2903.5	3995.0	259.0	280.5	413.0	406.0	0.0	3.0	559.5	319.0	2998.5	108.0	442.5	7.5	3157.0	89.0	328.0	18.0	4057.5	4017.0	196.0	210.0	420.5	320.5	0.0	0.0
PBANKA_051950	PbGEM-674709|PBANKA_051950|PbGEM-329779|PbGEM-276090|PbGEM-276098|PbGEM-276106|PbGEM-533923	CTCCTATCCCT	669.0	541.0	766.5	146.0	0.0	81.0	1056.0	135.0	0.5	88.5	1223.5	1158.5	185.5	213.0	1.0	0.0	118.0	149.0	638.5	386.0	751.0	137.5	0.0	71.5	759.0	123.0	2.0	62.5	1451.5	1182.5	168.0	217.0	0.5	1.0	92.5	125.5
PBANKA_052480	PbGEM-276786|PBANKA_052480|PbGEM-276778	CTCACACGACC	491.5	361.5	776.0	603.5	424.5	822.5	1149.5	845.0	566.0	979.5	800.5	934.5	692.5	632.0	496.5	483.0	847.5	651.0	494.5	312.0	701.5	550.5	447.5	693.5	941.0	647.0	507.0	903.0	931.5	878.0	508.0	558.0	512.0	396.5	834.5	707.5
PBANKA_060090	PBANKA_060090|PbGEM-276842|PbGEM-329923|PbGEM-276834	TTTTATGGGTG	686.5	473.0	796.5	127.5	1521.5	1659.5	925.0	181.5	1383.5	1710.0	314.5	388.0	37.5	26.5	1260.0	1336.0	653.5	537.5	614.0	388.0	720.0	163.0	1400.0	1481.0	765.5	124.0	1190.0	1373.5	374.5	452.0	27.0	38.5	1197.5	1085.0	622.5	652.5
PBANKA_060150	PbGEM-276922|PBANKA_060150|PbGEM-276906|PbGEM-276914	ATACCGTAGGT	716.5	578.5	408.5	4.0	899.5	536.5	510.5	10.5	937.5	585.0	670.0	611.5	1.5	1.5	1326.5	1523.0	235.5	335.5	763.0	515.0	388.5	4.5	859.0	492.0	474.0	15.0	769.0	430.0	826.0	534.0	4.0	13.0	1276.5	1199.5	237.5	351.5
PBANKA_060300	PbGEM-647195|PbGEM-277090|PbGEM-277082|PBANKA_060300	CGATAATCACA	737.0	613.0	0.0	100.5	181.5	119.0	1.0	108.0	202.5	139.5	0.0	0.0	13.0	85.5	252.0	353.0	235.0	258.0	712.5	445.0	0.0	94.0	222.5	115.5	0.0	88.5	191.5	83.5	0.0	0.0	28.5	70.0	219.0	296.5	242.5	318.0
PBANKA_060610	PBANKA_060610|PbGEM-277514|PbGEM-277522|PbGEM-277530|PbGEM-277538	TTTTGCCTACA	632.0	479.5	1424.0	1249.5	1011.0	825.5	1646.0	1109.0	1001.5	949.5	2589.0	3292.5	1988.0	1973.5	2287.0	2345.0	1045.5	1262.5	493.5	404.5	1267.0	1199.0	1096.5	860.0	1389.5	1142.5	813.5	816.0	3198.0	3377.0	1914.0	1949.5	2019.0	1905.0	965.0	1226.5
PBANKA_060690	PbGEM-277634|PbGEM-277642|PbGEM-330067|PbGEM-277650|PBANKA_060690	AGGCAGGGCAT	780.5	642.5	852.0	420.0	680.5	748.0	1088.5	548.0	709.0	749.0	441.5	552.0	428.0	350.0	1028.0	1094.5	1196.5	1110.5	709.5	488.5	883.5	426.5	694.0	694.5	889.5	370.5	622.0	598.5	550.5	540.5	384.5	490.5	991.0	850.5	1148.5	1056.5
PBANKA_060800	PbGEM-087299|PbGEM-233049|PbGEM-018144|PbGEM-018152|PbGEM-646999|PBANKA_060800	TCCCGCTCTTG	569.5	442.5	745.5	392.5	24.0	40.0	991.5	391.5	16.0	42.5	544.0	401.0	560.0	427.5	19.5	23.5	60.0	29.5	562.0	315.0	721.5	358.5	21.0	37.0	720.5	338.0	17.5	32.5	710.0	416.5	463.0	374.5	19.5	31.5	50.5	45.0
PBANKA_060880	PBANKA_060880|PbGEM-277818|PbGEM-645662|PbGEM-645736|PbGEM-673461	CGGTTCCACGG	590.5	438.5	201.0	0.0	29.0	791.0	238.5	0.0	44.0	737.5	264.0	236.5	0.0	1.0	36.0	92.5	1046.0	964.5	595.5	377.0	176.0	0.0	40.5	642.0	191.5	0.0	35.0	588.5	371.0	228.5	1.0	1.5	34.5	86.0	926.0	843.0
PBANKA_061190	PbGEM-342004|PbGEM-534107|PbGEM-233862|PBANKA_061190|PbGEM-330179|PbGEM-087535|PbGEM-018680	GGTAGGGTCAC	411.0	329.5	0.0	0.0	0.0	486.0	0.0	0.0	0.0	458.5	0.0	0.0	1.0	0.0	0.0	0.0	142.0	134.5	412.5	272.5	0.0	0.0	0.0	411.5	0.0	0.0	0.0	383.0	0.0	0.0	0.0	0.0	0.0	0.0	117.5	145.5
PBANKA_061670	PbGEM-646732|PbGEM-072498|PBANKA_061670	TCTCGGTTAT	590.5	1048.5	2496.0	919.5	2818.0	3292.5	3009.0	1032.5	2662.5	3078.0	0.0	1.5	1.0	1.0	3005.0	3037.0	2667.0	3014.0	573.0	823.0	2483.5	915.5	2492.0	2715.0	2112.0	756.5	2353.0	2587.0	1.5	0.0	9.5	25.5	3048.0	2487.5	2405.0	2842.0
PBANKA_062240	PbGEM-235794|PbGEM-020150|PbGEM-088353|PBANKA_062240	TAGTGCGAGGG	408.0	370.5	0.0	87.0	464.5	258.0	1.0	79.0	478.5	289.0	0.0	1.0	16.0	2.0	756.0	773.0	109.0	116.5	410.5	289.5	0.0	73.5	471.0	233.5	0.0	69.5	396.5	218.5	0.0	0.0	12.0	4.0	686.5	602.5	124.0	70.0
PBANKA_070130	PbGEM-280018|PBANKA_070130|PbGEM-280026|PbGEM-280034	TCGGTTGTCTA	574.5	451.0	843.5	555.5	1828.5	853.0	1064.0	678.5	1764.0	852.5	1961.5	2212.0	979.5	1065.5	1810.0	2170.0	889.0	1198.0	579.0	365.0	835.0	538.0	1848.5	763.0	803.5	520.0	1489.5	689.5	2312.0	2260.0	915.0	947.0	1926.0	1702.0	837.5	1059.0
PBANKA_070490	PbGEM-280466|PBANKA_070490|PbGEM-280474|PbGEM-330635|PbGEM-280482	GCGGCGAATTC	372.5	275.5	0.0	818.0	727.5	224.5	1.0	955.0	731.0	225.5	0.0	0.0	1747.0	1799.0	947.0	1029.5	475.5	353.5	339.0	247.5	1.0	856.0	638.0	203.0	2.0	721.5	636.5	177.0	0.0	0.0	1539.5	1814.0	1024.0	957.5	468.5	365.5
PBANKA_070850	PbGEM-330747|PbGEM-281106|PBANKA_070850|PbGEM-281098	ATCTCATTCCT	558.0	460.0	870.0	258.0	801.0	112.0	1032.5	285.0	763.0	121.0	646.0	746.5	339.5	327.5	862.5	1142.5	132.0	51.5	515.5	298.5	830.0	227.0	772.0	88.5	861.0	229.0	685.5	98.0	801.0	712.5	357.0	267.0	823.0	1018.0	125.5	31.0
PBANKA_071010	PbGEM-665157|PbGEM-021754|PbGEM-467265|PbGEM-021746|PbGEM-330779|PbGEM-534323|PBANKA_071010|PbGEM-234822	ATAGGTGGTGA	545.5	478.0	355.5	6.0	0.0	528.5	537.5	6.0	0.0	526.5	0.0	1.0	0.0	0.0	0.0	0.0	100.0	159.5	611.0	439.0	388.0	4.0	0.0	443.5	393.0	2.0	2.0	386.5	0.0	2.0	0.0	0.5	0.0	0.0	103.0	174.5
PBANKA_071450	PbGEM-281786|PbGEM-647323|PbGEM-281794|PBANKA_071450|PbGEM-330915|PbGEM-281802	ACTTGGACTCG	592.5	466.0	0.0	8.0	442.0	76.0	0.0	11.0	422.5	76.0	0.0	0.0	10.0	10.0	554.0	754.0	92.5	103.5	601.5	397.5	0.0	8.0	397.5	77.5	0.0	7.0	322.0	50.0	0.0	0.0	3.0	16.0	569.0	586.0	81.5	98.0
PBANKA_071490	PbGEM-022409|PBANKA_071490|PbGEM-022417|PbGEM-235774	CGGGTGTAAGT	560.0	484.0	250.5	126.0	302.5	2.0	364.5	178.0	326.5	0.0	644.5	874.5	239.0	324.5	556.0	492.5	0.0	1.5	611.0	400.0	301.0	130.0	316.0	0.0	285.5	129.5	214.5	2.0	830.0	978.5	179.5	430.0	514.5	419.0	0.0	0.0
PBANKA_071650	PbGEM-646704|PbGEM-282066|PbGEM-646674|PbGEM-645983|PbGEM-646672|PbGEM-282058|PbGEM-282050|PbGEM-646208|PbGEM-646695|PbGEM-646192|PbGEM-646224|PbGEM-645967|PbGEM-646673|PbGEM-645975|PbGEM-646200|PbGEM-646671|PBANKA_071650|PbGEM-646216|PbGEM-645991|PbGEM-646725	CAAGTATATCG	749.0	606.5	1230.0	223.5	88.5	269.0	1776.5	272.5	85.0	291.0	1453.5	1433.0	217.0	160.5	0.0	0.0	0.0	8.5	706.0	423.5	1162.5	221.0	85.0	184.5	1360.0	208.5	66.5	217.5	1794.5	1472.5	230.0	258.0	2.0	1.0	0.0	23.5
PBANKA_071750	PbGEM-265044|PbGEM-236353|PBANKA_071750|PbGEM-089692|PbGEM-646990|PbGEM-022770	AACTAGTCCCT	692.5	511.5	441.5	1612.0	559.0	663.0	533.0	1795.5	475.0	740.0	6.0	6.5	26.5	40.0	285.0	236.0	219.0	305.0	609.5	413.5	443.5	1614.5	518.0	630.0	427.5	1460.0	433.5	598.5	9.0	10.0	27.0	20.0	285.0	185.0	179.0	298.5
PBANKA_071830	PbGEM-236526|PBANKA_071830|PbGEM-089792|PbGEM-265612|PbGEM-022884	TGTCACGATAC	536.0	431.0	2260.5	988.5	492.0	1876.5	2638.5	1134.5	465.5	1833.5	1712.5	2046.5	987.0	1192.0	1100.0	988.5	2447.5	2828.5	494.5	349.5	2050.5	1015.5	476.0	1594.5	2061.5	911.5	421.5	1552.5	1808.5	2006.5	831.0	1066.0	1061.0	752.5	2314.0	2519.5
PBANKA_080590	PbGEM-024219|PBANKA_080590|PbGEM-671037|PbGEM-331371|PbGEM-236279|PbGEM-090449	ACCTTATGACG	454.5	393.0	128.0	562.0	46.0	217.5	156.5	561.5	56.0	187.5	78.5	118.0	699.0	883.5	0.0	0.0	0.0	1.0	511.0	314.0	138.0	523.5	51.0	175.0	136.5	412.0	38.5	167.0	97.0	114.5	534.0	798.0	0.0	0.0	0.0	0.0
PBANKA_080810	PbGEM-283754|PBANKA_080810|PbGEM-283762	GCAATCAATGC	634.0	559.0	840.0	1542.5	560.0	375.0	1045.0	1797.0	560.0	440.5	1723.5	1853.5	1971.5	1976.5	780.0	847.5	324.5	594.5	632.0	374.0	846.0	1499.5	651.0	314.0	836.5	1447.0	488.5	337.0	2067.0	1842.0	1712.5	1882.0	760.5	702.0	322.0	474.0
PBANKA_080900	PbGEM-090595|PbGEM-024680|PbGEM-236932|PBANKA_080900	CCTCCCGGTTA	566.5	422.0	0.0	766.0	114.5	58.0	0.0	1009.0	120.5	51.0	0.0	0.0	536.0	743.5	165.0	234.5	74.0	84.5	486.5	338.0	1.0	769.0	108.0	27.5	1.0	815.5	106.0	47.5	0.0	0.0	426.0	612.0	146.0	182.0	61.5	91.0
PBANKA_081110	PbGEM-331491|PBANKA_081110|PbGEM-237372|PbGEM-024883|PbGEM-090742	TCCAGTCTCGG	487.5	390.0	143.5	1.0	0.0	224.0	201.5	0.0	4.0	229.0	212.0	201.0	1.0	0.0	0.0	0.0	36.0	23.0	497.5	290.0	128.0	0.0	0.0	191.5	139.0	0.0	0.0	198.5	267.0	242.0	2.0	0.0	0.0	0.0	34.5	14.0
PBANKA_081760	PbGEM-238901|PbGEM-091033|PBANKA_081760	CAAAGACCGCC	511.0	449.5	1578.5	579.0	1167.0	1326.5	2068.0	716.5	1276.0	1457.0	1542.0	1625.5	799.5	643.0	896.0	948.0	890.0	934.0	564.5	340.5	1568.0	566.0	1206.5	1139.5	1640.5	579.0	1080.5	1258.5	1987.5	1696.0	688.0	825.0	818.0	739.0	800.0	930.5
PBANKA_081840	PbGEM-647355|PbGEM-284810|PBANKA_081840|PbGEM-284818|PbGEM-331667	CATATAAGAAC	796.0	649.5	26.5	120.0	340.5	203.5	42.0	128.5	307.0	238.0	37.0	31.5	13.0	20.0	672.0	652.5	412.5	251.5	877.5	487.5	27.5	102.5	322.0	201.5	34.5	99.0	323.0	163.0	32.0	20.0	21.5	15.5	701.0	619.0	398.5	259.5
PBANKA_081940	PbGEM-284978|PbGEM-284970|PbGEM-331683|PBANKA_081940|PbGEM-284962	AGAGTTATTGC	762.0	614.0	1125.5	243.0	54.5	666.0	1389.0	255.0	33.5	675.5	0.0	0.0	0.0	0.0	0.0	0.0	0.0	1.0	690.5	445.0	1125.5	202.5	38.0	557.0	1074.5	176.0	40.5	546.0	0.0	0.0	0.0	0.0	0.0	0.0	0.0	0.0
PBANKA_082030	PBANKA_082030|PbGEM-091248|PbGEM-239637|PbGEM-026166|PbGEM-672765	CGGTTTTTTTA	479.5	362.0	477.0	3101.5	251.5	320.5	569.5	3608.0	289.0	351.0	333.5	356.0	7087.5	7036.0	0.0	0.0	1.0	1.0	444.0	267.0	433.5	2924.0	270.5	281.0	522.0	2907.0	281.0	285.5	324.5	362.0	6706.5	7202.0	1.0	1.5	0.0	3.0
PBANKA_082320	PBANKA_082320|PbGEM-026413|PbGEM-026405|PbGEM-259380	ACCTGGACGGA	572.5	468.5	1845.0	1097.5	992.0	1291.0	2232.0	1255.5	941.5	1150.5	788.0	727.0	185.5	173.5	1205.0	1109.0	1569.0	1745.5	563.0	340.0	1773.5	1069.0	1053.0	1122.5	1780.5	1030.0	830.0	975.5	984.0	708.5	161.5	187.0	1163.5	1045.0	1472.5	1714.0
PBANKA_082380	PbGEM-026502|PbGEM-342140|PbGEM-259428|PbGEM-331795|PBANKA_082380|PbGEM-647000|PbGEM-026494	CGAAGTTCGTC	696.0	577.5	47.5	96.0	692.0	49.5	60.0	110.0	671.5	43.0	180.5	83.5	143.0	182.0	1984.5	2026.5	116.5	71.5	747.0	419.0	52.5	86.0	660.5	37.5	69.5	109.0	632.5	36.0	226.0	103.0	130.5	160.5	2087.0	1822.0	91.0	179.5
PBANKA_082430	PbGEM-026560|PbGEM-259468|PBANKA_082430	GATAGTTTAAT	645.5	508.5	0.5	354.5	105.0	557.0	0.0	414.5	109.0	543.0	0.0	0.0	0.5	0.0	0.0	7.5	678.0	848.0	608.5	420.0	0.0	340.0	111.5	436.0	0.0	298.5	98.0	422.5	0.5	0.0	1.0	5.5	0.5	8.0	684.0	794.0
PBANKA_082530	PbGEM-285514|PbGEM-285522|PBANKA_082530	TGTGTTTTGTT	618.5	568.5	867.0	87.0	331.5	957.5	1007.5	98.5	331.0	885.0	1273.5	1593.0	104.5	316.0	702.5	775.0	340.0	260.5	648.5	418.0	851.0	103.5	293.0	763.0	901.0	103.0	257.5	738.5	1394.5	1545.0	120.5	231.5	699.5	607.5	248.5	309.5
PBANKA_082640	PbGEM-285634|PbGEM-285626|PbGEM-331827|PbGEM-665397|PBANKA_082640	CCTTTCTTGTC	654.5	476.0	911.0	874.5	1328.0	2098.5	1140.5	1009.5	1344.5	2098.0	103.0	126.5	33.0	69.5	17.0	26.5	45.0	14.5	665.5	384.5	840.0	827.0	1348.5	1708.5	876.5	842.0	1200.0	1833.0	89.0	108.5	35.0	80.5	19.5	31.5	44.5	15.5
PBANKA_083040	PbGEM-027375|PbGEM-027383|PbGEM-259932|PBANKA_083040	ATTCTCCCCGA	465.5	374.5	641.5	1013.5	274.5	204.0	731.5	1007.5	269.0	183.5	105.5	110.0	139.0	143.0	499.5	478.5	217.0	248.5	469.0	286.5	584.0	947.5	306.0	164.5	645.0	864.0	262.5	148.5	116.0	105.5	87.0	125.0	494.0	444.0	187.0	248.5
PBANKA_083180	PBANKA_083180|PbGEM-286250|PbGEM-286242|PbGEM-286234	CAAGGCAATGT	806.5	637.0	0.0	295.0	270.0	212.0	0.0	407.0	307.0	165.0	0.0	0.0	280.0	341.0	12.5	8.5	35.5	39.0	818.5	487.5	1.0	307.0	311.0	178.5	0.0	295.5	230.0	141.5	0.0	0.0	284.5	274.5	15.0	4.0	28.0	41.5
PBANKA_090030	PbGEM-666213|PbGEM-286930|PBANKA_090030|PbGEM-286938|PbGEM-286922	TTTCGGCATTT	739.5	601.5	223.0	265.5	680.0	742.0	298.0	252.5	625.0	674.5	377.0	293.5	197.5	197.0	1663.5	1777.5	1064.5	938.5	665.0	466.0	215.0	268.0	720.0	591.5	197.5	231.5	565.0	549.5	440.5	712.5	182.5	205.5	1612.0	1408.0	1085.5	843.0
PBANKA_090780	PbGEM-287930|PbGEM-287946|PBANKA_090780|PbGEM-287938	TGCTCGTGGCA	596.5	472.0	459.0	515.0	146.5	187.0	589.5	577.5	124.5	171.0	1.0	0.0	0.0	2.0	90.5	71.0	107.0	80.5	602.5	372.5	434.0	508.0	126.0	146.5	490.5	498.5	128.0	162.0	1.0	1.0	3.0	3.0	77.5	66.0	93.0	62.5
PBANKA_090850	PbGEM-029396|PbGEM-332395|PbGEM-237320|PBANKA_090850|PbGEM-665693|PbGEM-029404	AGCGACGTAGC	528.5	461.0	20.0	71.5	0.0	6.0	15.0	98.5	0.0	10.5	19.0	4.0	179.0	148.5	0.0	1.0	0.0	0.0	550.0	344.0	16.0	87.0	0.0	6.0	12.0	69.0	0.0	10.0	24.0	4.0	95.0	95.5	0.0	0.0	0.0	0.0
PBANKA_091100	PbGEM-288322|PbGEM-288314|PBANKA_091100|PbGEM-647427	TCTGCTGGTCT	718.5	635.0	1422.5	827.0	1974.0	961.0	1691.0	752.5	1950.0	912.5	1680.5	2340.0	906.0	1089.5	1989.0	2019.0	596.0	693.5	694.5	390.5	1376.0	689.0	1811.0	797.0	1395.5	629.0	1546.5	690.5	1991.5	2326.0	830.5	1017.5	2054.5	1708.5	580.5	609.5
PBANKA_091260	PBANKA_091260|PbGEM-238261|PbGEM-030028|PbGEM-030036	AGACGGGATAA	543.0	433.5	0.0	9.0	80.0	212.0	0.0	14.0	86.0	252.5	0.0	0.0	6.0	3.0	11.5	15.0	39.5	39.0	560.0	413.5	0.0	7.5	100.5	164.5	0.0	15.0	70.5	198.0	0.0	0.0	3.0	8.0	21.0	2.0	31.0	42.5
PBANKA_091410	PbGEM-288729|PbGEM-288737|PBANKA_091410|PbGEM-646972	CTTGAGACGCT	548.5	426.5	5.0	23.0	147.5	33.5	6.0	29.0	139.0	44.0	1.0	0.0	0.0	11.0	303.5	225.0	33.5	25.0	507.5	331.0	4.0	16.0	146.5	37.0	11.0	26.0	123.0	46.5	1.0	0.0	0.0	12.5	276.0	201.5	31.0	30.5
PBANKA_091600	PbGEM-093381|PbGEM-093389|PbGEM-239096|PbGEM-030551|PBANKA_091600	AAAGCCGAGAC	514.0	487.0	0.0	1652.0	133.5	0.0	0.0	1710.5	117.0	3.5	0.0	0.0	1057.5	1065.5	370.5	303.0	0.0	1.0	559.0	352.5	0.0	1469.0	130.0	0.0	7.0	1414.5	125.5	2.5	0.0	0.0	869.0	826.0	413.0	252.5	0.0	0.0
PBANKA_091690	PBANKA_091690|PbGEM-289193|PbGEM-289185	AGAATGTTTCC	656.5	593.0	2050.0	387.0	1029.0	600.0	2530.5	429.5	963.0	591.0	1022.5	1146.0	265.5	201.5	2815.5	3065.5	683.0	626.0	674.5	411.5	1983.5	352.5	1042.0	499.5	2009.0	335.5	829.0	514.5	1161.0	1324.5	223.5	202.5	2734.0	2567.0	659.5	854.5
PBANKA_091860	PbGEM-030780|PbGEM-030772|PbGEM-534931|PBANKA_091860|PbGEM-239855	GTCAGACGCTC	290.0	229.0	479.5	1119.0	579.0	563.5	551.0	1297.0	594.0	542.5	0.0	1.5	0.5	0.0	1056.0	1240.5	644.0	958.0	288.5	177.0	453.0	976.0	566.5	449.5	451.0	990.0	524.5	445.0	2.0	1.0	2.0	9.0	1021.0	1020.0	562.0	724.0
PBANKA_091870	PbGEM-239901|PbGEM-668541|PBANKA_091870|PbGEM-030796|PbGEM-030788	CTGGTTATTAA	529.0	449.5	1537.0	142.0	3.0	1537.0	1935.5	111.5	0.5	1582.5	1442.0	1704.0	178.5	156.5	0.0	0.5	2505.5	2920.5	506.5	339.5	1498.0	135.5	0.0	1306.0	1566.0	117.5	2.5	1259.5	1778.5	1778.0	191.5	152.5	0.5	2.0	2479.0	2907.0
PBANKA_091990	PbGEM-240203|PbGEM-030960|PBANKA_091990|PbGEM-030952|PbGEM-332707	CTCCTTTCTAC	619.0	506.5	0.0	0.0	57.0	0.0	0.5	0.0	68.5	0.0	0.0	0.0	0.0	0.0	234.5	140.0	0.0	0.0	541.0	377.5	0.5	0.0	71.5	0.0	0.0	1.0	60.0	0.0	0.0	0.0	0.0	1.0	217.5	110.0	0.0	0.0
PBANKA_092160	PbGEM-031085|PbGEM-240478|PBANKA_092160	ACCGCAGTCCC	1387.0	1045.0	1156.0	2879.0	3428.0	1676.0	1445.0	3294.5	3306.5	1583.0	919.5	1045.5	3007.0	2882.0	14.0	13.5	2.0	0.0	1399.0	866.5	1186.5	2847.0	3425.5	1277.0	1163.0	2754.0	2805.5	1317.0	1076.0	1052.0	2605.5	2943.5	16.5	7.5	1.0	2.0
PBANKA_092500	PBANKA_092500|PbGEM-665357|PbGEM-289969|PbGEM-289961	ACCGGGTGGTT	626.0	478.0	41.0	508.0	263.0	379.0	56.0	538.0	280.5	325.5	53.0	20.5	374.5	339.0	401.5	211.5	459.0	588.0	678.0	439.5	49.5	455.5	309.0	307.0	30.0	455.5	229.0	304.5	73.0	26.0	328.0	252.0	388.5	176.5	403.0	744.0
PBANKA_093350	PbGEM-032810|PbGEM-333051|PbGEM-239781|PBANKA_093350	CGATGGAACCC	468.0	387.5	0.0	152.0	248.0	2339.0	1.5	149.5	252.0	2497.0	0.0	2.5	80.0	136.5	346.5	338.0	1463.5	1585.5	471.5	297.5	0.5	152.5	236.5	2149.5	0.0	141.5	208.5	2080.0	0.5	1.0	96.0	135.0	406.5	277.5	1336.0	1453.5
PBANKA_093380	PBANKA_093380|PbGEM-291216|PbGEM-667573|PbGEM-291208	TACATATTGCT	659.5	553.0	321.5	2027.0	53.0	684.0	392.0	2189.5	53.0	609.0	116.0	59.5	547.0	659.0	0.0	0.0	22.0	74.5	789.5	468.5	294.5	1978.5	49.0	535.0	308.5	1726.5	44.0	562.0	146.5	51.5	511.0	601.0	1.0	1.0	24.5	57.0
PBANKA_094010	PbGEM-646986|PbGEM-033733|PbGEM-241232|PbGEM-199176|PbGEM-342364|PBANKA_094010|PbGEM-033741|PbGEM-333211	AAAGCTAACCG	773.0	614.0	356.0	1078.5	744.5	907.0	392.0	1247.5	725.5	1021.0	88.0	132.0	556.5	763.0	41.0	72.5	105.0	114.0	788.5	438.5	338.0	1017.5	758.5	805.5	394.0	922.0	533.5	780.5	150.5	135.5	493.0	611.0	43.0	46.5	96.0	125.5
PBANKA_094230	PbGEM-667629|PBANKA_094230|PbGEM-241876	ATATCCGTTAG	426.5	373.0	0.0	0.0	96.0	49.5	1.0	1.0	71.0	62.5	0.0	0.0	2.0	1.0	113.5	206.0	0.0	0.0	461.0	252.5	1.0	1.0	77.0	44.0	2.0	1.0	95.0	29.5	1.0	0.0	1.0	0.0	117.0	171.5	0.0	0.0
PBANKA_100030	PbGEM-292424|PbGEM-673077|PbGEM-535235|PbGEM-292432|PbGEM-646819|PBANKA_100030	AGATAGACATT	628.5	539.5	326.0	1193.5	69.0	1029.5	417.5	1087.5	105.0	963.5	990.5	902.0	1502.5	1530.5	117.0	215.5	1722.5	1657.5	690.0	414.5	323.0	1132.0	105.5	876.5	298.0	874.0	55.5	723.5	1098.0	970.0	1352.0	1459.0	116.5	182.0	1567.0	1564.5
PBANKA_100060	PbGEM-292472|PbGEM-292480|PBANKA_100060|PbGEM-645724|PbGEM-645670|PbGEM-292488	CGGCCTATAGG	208.5	179.5	414.0	56.5	229.5	185.5	530.0	37.5	270.5	187.0	454.0	490.0	69.5	32.5	303.5	361.0	128.0	109.5	217.0	142.5	428.0	57.5	234.5	156.0	459.5	64.5	208.5	149.0	539.0	490.5	89.5	41.0	310.5	274.0	127.5	98.0
PBANKA_100210	PbGEM-292728|PBANKA_100210|PbGEM-671389|PbGEM-333419|PbGEM-292720|PbGEM-292712	TAAGACTGTAT	533.0	432.0	66.0	683.5	146.0	855.0	65.0	768.5	125.0	842.5	103.5	152.5	959.5	1182.5	198.0	291.5	690.0	625.5	571.5	317.0	51.0	664.0	163.5	803.0	57.5	633.5	122.0	730.5	103.5	158.0	774.5	1106.5	179.0	267.5	743.5	619.0
PBANKA_101050	PbGEM-096113|PbGEM-035840|PbGEM-333699|PbGEM-262772|PBANKA_101050|PbGEM-096105	TTCCTCGGATC	584.5	476.0	0.0	150.5	118.5	103.0	0.0	155.0	132.5	104.5	0.0	0.5	14.5	0.0	16.0	6.0	125.0	171.0	551.5	354.0	0.0	170.5	97.0	109.5	0.0	166.0	107.5	110.5	0.0	0.0	11.0	5.0	25.5	8.0	149.0	188.0
PBANKA_101390	PbGEM-263012|PbGEM-036306|PbGEM-647539|PBANKA_101390|PbGEM-036314	TGACTTAACAT	520.0	393.5	332.5	0.0	114.0	154.0	467.0	3.0	148.5	140.5	446.0	615.0	0.0	1.0	202.0	193.5	135.0	251.5	516.5	312.5	347.0	0.0	105.0	150.5	386.5	0.0	94.5	100.0	552.5	638.5	1.5	1.0	231.5	154.0	124.5	243.0
PBANKA_101700	PbGEM-036782|PbGEM-528210|PbGEM-263228|PbGEM-112196|PbGEM-096460|PbGEM-333923|PbGEM-645761|PBANKA_101700|PbGEM-528069|PbGEM-528351|PbGEM-646542|PbGEM-646376|PbGEM-036774	AAATGGAACTT	592.5	497.5	3679.5	2070.0	1599.5	423.0	4577.5	2220.5	1550.0	405.0	3772.5	4738.0	3760.5	3951.5	2910.5	3710.5	320.5	331.0	550.0	396.5	3629.0	1978.5	1619.5	393.0	3587.0	1836.0	1384.0	363.0	4426.0	4904.5	3559.5	3750.5	2906.5	2945.5	278.0	359.0
PBANKA_102070	PbGEM-334035|PbGEM-295190|PBANKA_102070|PbGEM-295182	ATACCAACGCA	649.5	530.5	506.5	109.0	16.0	0.0	662.0	109.5	25.0	1.0	41.0	4.0	1.0	1.5	18.5	1.0	0.0	0.0	702.5	418.5	554.5	76.0	15.0	0.0	512.0	78.0	8.0	0.0	62.0	12.5	4.0	0.0	24.5	2.0	0.0	0.0
PBANKA_102460	PbGEM-295718|PbGEM-295702|PbGEM-295710|PBANKA_102460|PbGEM-334115	CGAGTATGCTT	567.0	933.0	2.0	476.0	143.0	82.0	0.0	633.5	155.0	70.5	0.0	0.0	382.5	357.0	230.5	210.5	125.5	205.0	533.5	725.0	0.0	483.0	148.5	81.5	2.0	459.5	139.0	68.0	0.0	0.0	374.0	328.5	243.0	207.0	121.5	186.5
PBANKA_102620	PBANKA_102620|PbGEM-645672|PbGEM-295926|PbGEM-645718|PbGEM-671341|PbGEM-295934|PbGEM-295918	GTTTAGGATCG	500.5	398.0	358.5	0.0	48.5	51.5	450.0	0.0	48.0	61.5	240.0	211.5	0.0	0.0	15.0	42.5	39.5	34.0	458.5	327.0	368.5	0.0	50.0	69.0	405.5	0.0	49.5	42.5	275.5	216.0	1.0	1.0	21.0	23.5	39.0	40.5
PBANKA_102630	PbGEM-038162|PbGEM-097088|PbGEM-647587|PbGEM-263932|PBANKA_102630	TTGTACACCCG	447.5	352.5	0.0	0.0	838.5	164.0	0.0	1.0	826.0	160.5	0.0	0.0	2.0	0.0	1020.5	1150.5	155.5	145.5	435.5	287.0	0.0	0.0	846.5	126.5	0.0	0.0	672.0	147.0	0.5	1.0	0.0	12.0	992.5	1018.0	153.0	153.0
PBANKA_102970	PbGEM-038573|PBANKA_102970|PbGEM-241496	AGTGGGTAGTG	301.5	243.5	793.5	0.0	112.0	197.5	954.0	0.0	117.0	184.0	1237.0	1302.0	0.0	0.5	163.0	197.0	344.0	458.0	305.0	152.5	764.5	0.0	98.0	154.0	736.5	0.0	109.0	118.5	1789.0	1170.5	8.0	7.0	114.0	137.0	303.5	396.0
PBANKA_103040	PbGEM-334315|PbGEM-296398|PBANKA_103040|PbGEM-647595|PbGEM-296406	AAGATGGGAAA	732.5	568.5	1609.5	962.0	290.5	1283.0	1999.5	1104.0	287.5	1202.0	1449.5	1556.5	1349.5	1388.0	36.0	70.5	216.0	296.0	755.0	450.0	1542.5	984.5	272.5	1106.5	1636.0	978.0	282.0	1097.0	1753.0	1614.0	1220.5	1248.0	40.0	60.5	192.5	199.5
PBANKA_103330	PbGEM-296822|PbGEM-334403|PbGEM-296814|PBANKA_103330|PbGEM-670301|PbGEM-296806	AACCGATGCAC	575.0	528.5	955.0	739.5	359.0	715.0	1187.0	782.5	332.5	767.5	944.0	727.0	1124.0	1247.0	376.5	403.5	454.5	507.5	662.0	420.0	858.0	745.0	374.0	658.5	923.5	579.0	291.5	647.5	1154.0	833.5	1020.5	1171.5	368.0	354.0	470.5	482.0
PBANKA_103460	PbGEM-296950|PbGEM-334467|PbGEM-296958|PBANKA_103460	ACAGACGAATT	587.5	546.0	168.5	1000.0	156.0	140.5	181.5	1113.0	136.5	94.5	346.0	417.0	1348.0	1432.0	237.5	205.0	134.0	269.5	650.5	401.0	136.0	1036.5	168.5	110.0	152.5	887.0	127.0	99.5	379.0	408.0	1224.5	1220.5	226.0	191.5	119.5	248.0
PBANKA_110320	PbGEM-244877|PbGEM-098254|PbGEM-264084|PBANKA_110320|PbGEM-040481	GTCCCGTTACT	533.5	453.0	2460.5	873.5	2168.5	2138.0	3085.5	899.5	2117.5	2069.0	1531.5	1768.5	1029.5	790.5	2604.0	2510.5	2428.5	2407.0	524.5	325.5	2365.0	850.0	2198.5	1879.5	2396.5	784.0	1914.0	1777.0	1945.5	1916.5	881.0	768.0	2473.5	2009.0	2276.5	2319.0
PBANKA_110430	PbGEM-298317|PbGEM-298325|PBANKA_110430|PbGEM-334763	GCAGGTATTAT	38.0	24.0	149.0	0.0	21.5	0.0	370.5	0.0	46.5	0.0	76.5	110.0	0.0	0.0	26.0	54.5	0.0	0.0	34.0	27.5	155.5	0.0	18.0	0.0	284.0	0.0	49.0	0.0	140.5	108.0	1.0	0.0	20.0	37.0	0.0	0.0
PBANKA_110640	PBANKA_110640|PbGEM-298557|PbGEM-298565|PbGEM-669509|PbGEM-334827	TCGGCGGAGGT	438.0	388.0	890.5	797.0	121.0	243.0	1097.0	955.5	135.5	243.5	1116.5	1358.0	1394.5	1520.0	239.0	163.0	284.0	237.5	459.5	289.0	766.0	773.5	139.5	211.5	881.0	791.5	120.0	209.0	1314.5	1386.0	1290.0	1566.5	211.0	173.5	214.0	315.0
PBANKA_110780	PbGEM-298701|PbGEM-298709|PBANKA_110780|PbGEM-298717|PbGEM-646822	ATACGCTACCG	392.5	320.0	368.5	0.0	512.5	337.5	414.5	1.0	495.0	407.5	266.0	302.0	2.0	2.0	1273.0	1229.5	437.5	565.0	384.5	230.0	312.5	0.0	500.0	331.0	354.5	1.0	446.0	342.5	272.5	353.0	0.0	8.5	1147.0	1001.0	436.0	485.0
PBANKA_110890	PBANKA_110890|PbGEM-664837|PbGEM-298845|PbGEM-298853	AATGTGTGCAG	750.0	586.0	1702.5	1112.5	410.0	687.0	2259.5	1201.5	401.5	764.0	676.5	759.5	966.0	1116.5	115.0	111.0	666.0	661.0	843.0	469.0	1672.5	1102.0	388.5	673.5	1652.0	956.5	327.0	580.5	812.0	708.5	809.0	1319.0	107.0	81.5	685.0	573.0
PBANKA_111050	PbGEM-299083|PBANKA_111050|PbGEM-299075	TCATGTACCTT	639.0	533.5	429.0	526.5	473.5	397.0	529.0	613.5	518.5	496.5	182.5	216.5	145.0	304.5	45.5	68.0	114.5	45.0	661.0	398.0	485.5	489.0	549.5	394.5	448.0	471.5	438.5	411.0	214.0	197.5	122.5	283.5	34.0	36.0	121.5	43.0
PBANKA_111090	PbGEM-647683|PBANKA_111090|PbGEM-299123|PbGEM-334995|PbGEM-299115	ACCCCCCGTGT	739.5	532.0	0.0	0.0	7.5	153.5	1.0	0.0	4.0	168.0	0.0	0.0	0.0	0.0	0.0	0.0	207.0	236.5	681.0	440.5	0.0	0.0	6.0	170.5	0.0	0.0	6.5	130.5	0.0	0.0	0.0	0.0	0.0	1.5	198.5	202.5
PBANKA_111180	PbGEM-041703|PbGEM-041695|PbGEM-243525|PBANKA_111180	TCACCTCGTGC	446.5	375.0	170.5	99.0	564.0	306.5	211.5	127.5	669.0	323.5	11.5	6.0	2.0	7.0	287.0	222.5	184.5	195.5	442.5	253.5	175.0	109.0	581.5	268.5	146.5	93.5	518.0	267.0	6.5	5.5	2.0	9.0	255.0	182.5	169.0	187.5
PBANKA_111210	PbGEM-672101|PbGEM-299227|PbGEM-299219|PbGEM-645676|PbGEM-645737|PBANKA_111210	CCTTCACGAGG	803.5	593.5	1605.5	478.5	379.5	1570.0	2007.0	518.0	372.5	1638.5	1105.0	1241.5	450.5	450.0	415.0	573.0	1726.0	1532.0	767.0	436.5	1494.5	445.5	374.0	1386.5	1690.5	412.5	325.5	1300.5	1410.5	1467.5	399.0	474.5	447.0	455.5	1586.0	1426.0
PBANKA_111370	PbGEM-668925|PbGEM-042000|PBANKA_111370|PbGEM-041992|PbGEM-244149|PbGEM-647691	TTTAGACATAC	459.5	399.5	362.5	212.0	968.5	735.5	439.5	246.0	889.0	662.0	317.0	355.5	248.5	278.0	511.0	622.5	442.5	420.0	427.5	294.5	344.0	210.5	905.0	676.5	343.5	191.0	782.5	578.5	354.0	400.0	214.5	236.5	552.0	460.5	418.0	413.5
PBANKA_111380	PbGEM-042016|PbGEM-244183|PBANKA_111380|PbGEM-647699|PbGEM-335059|PbGEM-042008	TCTCGCTGTAA	506.5	384.0	0.5	620.5	9.0	78.0	0.0	712.5	4.0	79.0	0.0	0.0	730.5	925.0	19.5	32.5	54.5	56.5	481.5	345.5	1.0	635.0	9.0	70.5	0.0	591.5	6.0	68.5	0.0	0.0	645.5	738.5	11.5	29.0	66.5	81.0
PBANKA_111510	PbGEM-121266|PbGEM-244523|PbGEM-665405|PbGEM-042217|PbGEM-121330|PBANKA_111510	TTGCTGTCGGC	565.5	459.0	0.0	0.0	124.0	0.0	2.0	0.0	78.0	0.0	0.0	0.0	0.0	0.0	0.0	0.0	0.0	0.0	547.0	324.0	0.0	0.0	98.5	0.0	0.0	1.0	80.0	0.0	0.0	0.0	0.0	1.0	0.0	0.0	0.0	0.0
PBANKA_111520	PbGEM-299555|PbGEM-299547|PbGEM-335099|PBANKA_111520|PbGEM-299563	GGCATCAACCA	749.0	641.5	676.0	0.0	185.5	0.0	868.0	0.0	155.5	1.0	2.0	0.0	0.0	1.0	0.0	0.0	0.0	0.0	766.5	486.5	687.5	0.0	194.5	0.0	759.0	0.0	173.5	0.0	0.0	0.0	0.0	3.5	0.0	0.0	0.0	0.0
PBANKA_111610	PbGEM-299651|PBANKA_111610|PbGEM-299643	CTGTCTTAGGT	544.0	432.0	297.0	817.0	279.5	677.0	363.5	906.5	308.0	648.0	264.0	219.5	579.5	656.0	128.0	114.0	818.5	1033.0	554.0	315.5	280.0	719.5	335.0	615.5	333.0	697.5	279.0	582.5	309.5	213.5	527.5	553.5	128.5	114.0	801.0	930.5
PBANKA_112020	PBANKA_112020|PbGEM-042886|PbGEM-246036|PbGEM-646709|PbGEM-042878	GCTTTCCTCCA	512.5	425.0	0.0	1293.0	0.0	21.5	0.0	1371.0	1.0	27.5	0.0	0.0	1008.0	1078.5	0.0	0.0	30.0	32.5	447.0	337.0	1.0	1186.5	0.0	19.5	2.0	1113.5	0.0	22.5	0.0	0.0	853.0	986.0	0.0	0.0	26.0	28.5
PBANKA_112230	PbGEM-647002|PBANKA_112230|PbGEM-300539|PbGEM-335323|PbGEM-300555|PbGEM-300547	CGACATTGAAG	713.0	639.0	1.0	632.0	0.0	177.0	1.0	753.5	0.0	167.5	0.0	1.0	963.5	1224.0	0.0	2.0	160.5	310.5	728.0	478.5	0.0	614.5	0.0	164.0	1.0	594.0	0.0	168.0	0.0	1.0	882.0	1145.5	0.5	1.0	159.0	228.0
PBANKA_112240	PbGEM-043181|PbGEM-043189|PBANKA_112240|PbGEM-246652|PbGEM-099490|PbGEM-646987	GGGTTTATCCG	312.0	275.0	0.0	0.0	12.0	0.0	0.0	4.5	2.5	0.0	0.0	0.0	14.0	5.5	0.0	0.0	0.0	0.0	345.5	231.0	0.0	2.0	7.0	1.0	0.0	1.0	2.0	0.0	0.0	0.0	5.0	11.0	0.0	0.0	0.0	0.0
PBANKA_112510	PbGEM-247446|PbGEM-645845|PbGEM-646460|PbGEM-043607|PbGEM-646626|PbGEM-528150|PBANKA_112510|PbGEM-528291|PbGEM-043599|PbGEM-528432	AGTACGCTGCG	476.5	431.0	2074.5	387.5	1298.0	1487.5	2594.5	435.5	1093.0	1494.5	2789.0	2724.5	372.0	261.0	4107.5	4857.0	2679.5	2801.0	497.5	309.0	1903.0	366.5	1186.0	1369.0	1992.0	335.5	1061.0	1154.0	3229.5	2863.0	319.0	308.0	4203.5	3860.5	2659.0	2720.5
PBANKA_112670	PbGEM-664717|PbGEM-342636|PBANKA_112670|PbGEM-099772|PbGEM-043846|PbGEM-099764|PbGEM-335459|PbGEM-646748|PbGEM-646991|PbGEM-247893	CTAGTAGTAGA	670.5	559.0	253.5	127.0	698.0	615.5	270.0	166.5	675.0	544.5	288.0	486.0	258.0	355.0	930.5	871.0	797.5	1073.5	670.0	475.5	188.5	129.5	699.5	520.5	226.5	115.5	610.5	516.5	385.5	398.0	218.0	312.0	940.0	801.0	716.0	861.0
PBANKA_112810	PbGEM-099891|PbGEM-044048|PbGEM-248474|PbGEM-099883|PbGEM-645637|PBANKA_112810|PbGEM-645691	GCGATCAGTTT	528.5	469.0	2.0	349.5	120.5	595.5	1.0	383.5	136.0	653.5	0.0	0.5	522.5	352.5	200.0	111.0	322.5	439.0	502.0	308.0	0.0	353.0	122.5	457.5	0.0	310.0	88.0	447.0	0.0	0.5	452.0	356.5	179.0	101.5	303.0	536.5
PBANKA_113240	PbGEM-535867|PBANKA_113240|PbGEM-335691|PbGEM-301834|PbGEM-301826	TTTAGTCCCCT	1446.0	1274.0	0.0	69.0	894.0	1096.5	3.0	69.0	843.5	1054.0	0.0	0.0	78.0	163.0	1752.0	1528.0	636.0	588.0	1545.0	1013.0	4.0	62.0	873.0	865.5	1.0	59.0	709.5	893.5	0.0	0.5	99.0	132.5	1763.0	1208.0	620.0	602.0
PBANKA_113340	PbGEM-245543|PbGEM-674837|PBANKA_113340	GACGTTGCTGA	730.5	513.0	19.0	100.0	290.5	150.5	21.0	114.5	304.5	178.0	15.0	10.5	149.5	86.5	195.5	176.0	28.0	70.0	720.5	455.5	10.0	107.5	298.0	135.5	25.0	67.5	244.5	162.0	21.0	6.5	139.0	75.0	206.5	166.5	52.0	58.0
PBANKA_113740	PbGEM-100629|PbGEM-246864|PBANKA_113740|PbGEM-045326	GAATGGAACAG	432.0	356.5	70.0	59.0	0.0	270.0	92.0	87.5	0.0	309.5	31.5	47.5	75.0	24.5	0.0	0.5	436.0	412.0	434.5	260.5	74.0	66.0	0.0	241.0	63.0	59.0	0.0	228.5	36.5	60.5	64.0	29.5	0.0	0.0	363.5	438.5
PBANKA_113950	PBANKA_113950|PbGEM-100777|PbGEM-247352|PbGEM-045641	TAGCTGAAGTA	496.5	434.5	344.0	1211.5	95.0	969.0	488.0	1367.0	81.5	992.0	444.0	486.0	1575.5	1690.0	415.0	764.0	1074.5	1072.0	489.0	324.0	400.0	1194.5	78.0	806.0	372.0	1164.0	63.5	807.0	565.0	544.5	1377.0	1794.0	438.5	549.5	1052.0	997.0
PBANKA_114140	PBANKA_114140|PbGEM-535955|PbGEM-302890|PbGEM-342756|PbGEM-647795|PbGEM-302898	AGGGTGGATCT	544.0	481.0	707.0	662.0	1667.5	499.5	810.5	757.0	1654.0	439.5	82.0	44.0	161.0	153.5	2087.5	2538.0	344.5	515.0	546.0	402.5	632.0	675.5	1630.5	421.5	730.0	605.0	1449.5	393.0	112.5	40.0	119.0	136.5	2077.0	2007.0	279.5	541.5
PBANKA_114370	PBANKA_114370|PbGEM-467252|PbGEM-303170|PbGEM-303162	GTCGGCTAGGT	758.5	602.0	0.0	82.0	492.5	63.0	0.0	94.0	494.0	56.5	0.0	0.0	171.0	151.5	896.5	743.5	66.0	55.0	803.0	444.0	0.0	97.5	469.5	55.5	0.0	77.0	457.0	51.0	1.0	0.0	147.5	134.5	936.0	618.5	61.5	46.5
PBANKA_114550	PbGEM-303402|PbGEM-303394|PbGEM-336035|PBANKA_114550	ATCGAAGGACC	759.0	600.0	0.0	1.0	175.5	290.5	1.0	0.0	143.0	225.0	0.0	0.0	0.0	0.0	51.5	53.0	42.0	76.0	745.0	490.5	0.0	0.0	160.5	248.0	0.0	0.0	124.0	192.0	0.0	0.0	0.0	4.0	40.5	42.5	30.5	77.0
PBANKA_120110	PbGEM-303642|PBANKA_120110|PbGEM-303650|PbGEM-303634	AAACCTTGGAT	833.5	575.0	1517.0	1130.5	119.0	663.5	1914.0	1268.5	126.5	724.0	1484.5	1438.5	1437.0	1319.5	170.0	215.0	641.0	460.5	803.0	465.0	1428.5	1164.5	132.5	583.0	1507.0	999.5	113.0	565.5	1772.5	1468.0	1331.0	1113.5	180.5	151.0	625.0	403.0
PBANKA_120290	PBANKA_120290|PbGEM-303874|PbGEM-303866|PbGEM-303882	TTTATCGGAAT	589.0	436.5	1137.0	611.5	180.5	93.5	1249.0	700.0	159.0	95.0	1809.0	1624.0	772.5	779.5	299.5	295.0	194.0	117.0	611.0	358.5	1084.0	556.5	171.0	85.5	1105.0	527.0	148.0	73.0	2089.0	1754.0	716.0	803.0	323.5	287.0	206.5	126.0
PBANKA_120570	PBANKA_120570|PbGEM-304362|PbGEM-304354	CCGTGGTAGTT	788.0	596.5	0.5	59.0	1342.5	167.0	1.0	71.0	1331.5	184.5	0.0	0.0	0.0	0.0	2384.0	2343.0	116.0	145.5	854.0	509.0	1.0	62.0	1351.5	129.0	0.0	49.5	1246.5	140.5	0.0	1.0	1.0	16.0	2383.0	1924.0	112.5	116.0
PBANKA_120710	PbGEM-304466|PbGEM-304482|PbGEM-646826|PbGEM-304474|PBANKA_120710|PbGEM-336251	TTAAAGATTCC	718.0	574.5	271.0	3010.5	703.0	2877.0	321.5	3385.0	688.0	2854.5	280.0	239.0	3980.0	4504.0	1678.0	1979.5	2659.5	2824.0	709.0	399.5	283.0	2954.0	736.5	2407.5	318.5	2756.5	577.5	2359.0	297.5	246.0	3576.0	4231.0	1643.5	1630.5	2399.5	2929.0
PBANKA_120800	PBANKA_120800|PbGEM-245685|PbGEM-336267|PbGEM-101938|PbGEM-047570	TGCTGTGTGCT	630.5	494.0	7.5	0.0	0.0	0.0	8.0	0.0	0.0	0.0	0.0	0.0	0.0	0.0	0.0	0.0	0.0	1.0	603.5	414.0	4.5	0.0	0.0	0.0	2.0	0.0	0.0	0.0	0.0	0.0	0.0	0.0	0.0	0.0	0.0	0.0
PBANKA_121040	PbGEM-102084|PbGEM-342804|PbGEM-102092|PBANKA_121040|PbGEM-246380	TTACAATGGAA	832.0	612.0	0.0	1.0	1713.5	861.5	0.0	0.0	1593.0	793.5	0.0	0.0	1.0	1.0	1772.5	1859.0	639.0	704.5	774.0	497.0	1.0	0.0	1721.5	754.0	0.5	1.0	1423.0	706.5	1.0	0.0	1.0	23.5	1786.0	1501.5	518.5	649.0
PBANKA_121090	PBANKA_121090|PbGEM-646751|PbGEM-305018|PbGEM-336347|PbGEM-305010|PbGEM-305002	ACCAGTAGTCG	727.5	598.0	1027.5	2036.0	809.5	72.0	1196.0	2201.0	837.5	57.0	949.0	1056.5	1989.5	1924.0	133.0	178.0	3.0	1.0	715.0	456.0	983.0	1933.5	841.5	53.5	1045.5	1916.0	700.0	43.5	1320.0	1062.0	1709.5	1622.0	150.5	156.5	5.5	2.0
PBANKA_121140	PbGEM-305074|PbGEM-305066|PbGEM-305058|PBANKA_121140|PbGEM-336355	TACGGCGCTCA	525.0	387.5	203.5	3375.0	391.5	79.0	258.0	3887.5	390.5	75.0	293.0	330.5	7290.5	7005.5	369.0	293.5	198.0	147.0	518.5	317.0	205.0	3222.0	379.5	75.0	231.0	3079.0	328.5	67.0	330.5	317.5	6200.5	6314.5	292.5	227.5	205.5	155.5
PBANKA_121180	PbGEM-305154|PbGEM-336371|PbGEM-305162|PBANKA_121180	CTCTGCCCAAG	721.5	631.0	597.5	279.5	182.0	38.0	761.0	309.5	187.0	44.0	1060.0	877.0	377.5	418.0	231.5	320.0	24.0	64.5	669.0	457.5	572.0	236.5	203.5	50.5	570.0	241.0	155.0	35.5	1245.0	877.0	329.5	331.5	208.5	290.5	22.0	54.0
PBANKA_121260	PbGEM-048208|PbGEM-336411|PbGEM-665437|PbGEM-461616|PbGEM-247068|PbGEM-646719|PbGEM-461650|PbGEM-102303|PBANKA_121260|PbGEM-102311	TTAATTGCGAC	561.0	464.5	0.0	891.5	76.0	96.0	2.0	1026.5	59.5	95.0	0.0	1.0	1125.5	1214.0	1.0	0.0	4.0	24.0	551.5	330.5	2.0	932.0	80.0	54.5	3.0	803.5	64.5	76.5	0.0	0.0	1056.5	1022.5	0.0	0.0	7.0	19.5
PBANKA_121320	PBANKA_121320|PbGEM-305346|PbGEM-305354|PbGEM-336427	GAAACCCCTCC	396.0	341.5	73.5	161.0	297.0	4.0	96.5	203.5	295.0	1.0	129.5	99.0	111.5	138.0	53.5	34.0	0.0	0.0	448.0	270.5	83.0	148.5	294.5	2.0	78.0	166.5	231.5	2.0	157.5	99.5	95.0	158.5	60.5	26.5	0.0	0.0
PBANKA_121340	PBANKA_121340|PbGEM-048328|PbGEM-247261|PbGEM-048336	CGTGCGAAATG	486.5	376.0	1.0	497.5	852.5	473.0	0.5	605.0	957.5	507.0	1.0	0.0	449.5	540.0	544.0	554.5	342.5	286.0	491.5	345.5	0.0	531.0	814.0	475.0	2.0	492.5	722.0	438.5	1.0	0.0	443.5	482.0	522.5	545.5	275.0	283.0
PBANKA_121370	PBANKA_121370|PbGEM-669069|PbGEM-048384|PbGEM-102396|PbGEM-048376|PbGEM-247341	TTACAGTCCTC	507.0	424.5	765.0	157.5	823.0	1063.5	912.5	193.0	872.0	987.0	359.0	548.5	428.5	297.5	734.0	756.0	670.0	912.5	499.0	354.5	713.5	157.5	855.0	842.5	727.0	158.5	685.5	796.0	433.0	505.0	346.0	254.5	752.5	617.5	657.0	907.0
PBANKA_121630	PbGEM-664405|PbGEM-336539|PBANKA_121630|PbGEM-305786|PbGEM-305778	GGGAAAGAACG	690.5	601.0	1.0	3.0	1.5	280.0	0.5	0.0	0.0	332.0	0.0	0.0	1.0	0.0	0.0	0.0	288.5	228.0	714.0	434.5	0.0	3.0	0.0	238.0	0.0	0.0	0.0	240.5	0.0	0.5	0.0	1.0	0.0	0.0	309.0	176.5
PBANKA_121680	PbGEM-305834|PbGEM-305842|PBANKA_121680	CTAAAGAACCT	704.5	522.0	520.5	126.5	286.0	560.5	622.0	142.5	264.0	585.0	1288.0	1419.0	170.5	139.5	1.0	1.0	2.0	0.0	726.0	435.5	508.5	101.5	264.0	438.0	500.5	110.5	258.0	520.5	1514.5	1482.0	140.5	382.5	0.0	0.0	0.0	0.0
PBANKA_121770	PbGEM-305938|PbGEM-305930|PbGEM-305946|PBANKA_121770	CCGGCTGGAGG	330.0	262.0	71.0	330.5	116.5	223.5	110.5	431.0	113.0	259.5	1.0	1.0	0.0	0.0	0.0	0.0	25.0	38.0	297.5	173.5	60.0	360.5	110.0	204.0	59.5	325.5	135.5	174.0	0.0	0.0	0.0	4.0	1.0	1.0	19.0	27.0
PBANKA_121970	PbGEM-249381|PBANKA_121970|PbGEM-049204	CATGTTTGGTC	592.5	456.5	0.0	514.0	735.5	3979.5	1.5	649.0	757.0	3906.5	1.5	0.0	447.5	608.5	810.5	798.0	5366.0	6074.0	550.5	371.5	2.0	539.5	819.5	3509.0	2.0	561.0	718.5	3249.0	1.0	3.5	412.5	587.5	794.0	691.0	5328.0	6499.5
PBANKA_122030	PbGEM-249671|PbGEM-102780|PbGEM-049300|PbGEM-102772|PbGEM-646790|PBANKA_122030	ACGGAGTTCCA	507.5	401.5	67.5	0.0	213.0	0.0	101.5	0.0	213.0	0.0	77.0	71.5	0.0	0.0	466.5	345.0	0.0	1.0	500.0	315.5	67.0	0.0	233.0	0.0	105.5	1.5	191.0	1.0	104.5	70.0	0.0	3.0	486.5	303.5	0.0	0.0
PBANKA_122510	PbGEM-667157|PbGEM-306938|PbGEM-306946|PbGEM-336811|PBANKA_122510	GGGGACGCTTA	367.0	291.0	428.0	237.5	4.0	212.0	569.5	339.5	3.0	240.5	317.5	284.0	147.0	212.0	2.0	15.0	123.5	173.0	362.5	221.0	427.5	249.0	8.0	187.5	455.5	253.5	8.0	177.0	363.5	277.5	136.0	320.0	1.0	15.0	99.0	130.5
PBANKA_122680	PbGEM-307226|PbGEM-307210|PbGEM-307218|PbGEM-307202|PBANKA_122680	CGAACACAAAT	1454.5	1147.5	299.0	726.5	673.0	174.5	408.0	908.0	702.0	225.5	13.0	21.0	35.5	24.0	706.0	901.5	501.0	377.5	1361.5	931.5	314.5	689.5	636.0	163.5	323.5	725.0	582.5	157.5	5.0	19.5	42.0	33.0	697.5	712.0	461.5	352.5
PBANKA_123230	PbGEM-051034|PbGEM-051042|PBANKA_123230|PbGEM-261148|PbGEM-645648|PbGEM-645698	GTGGTTGTAAC	580.0	493.5	219.5	1036.5	1.0	548.0	305.0	1182.5	0.5	551.5	308.0	373.0	1114.0	1059.5	0.0	0.0	832.0	969.5	628.5	393.0	216.5	938.0	1.0	466.0	236.0	899.0	1.0	412.0	381.0	391.0	973.5	1432.0	0.0	0.0	801.0	944.0
PBANKA_123590	PbGEM-308458|PbGEM-308466|PbGEM-337115|PBANKA_123590	GCCGGACAACG	463.0	334.0	120.5	321.0	448.0	172.0	137.5	358.0	426.0	165.5	1.0	0.0	0.0	1.0	0.0	0.0	0.5	0.0	457.5	260.0	109.5	292.0	449.0	148.0	108.5	309.0	404.0	165.5	0.0	0.0	0.0	6.5	0.0	0.0	0.5	0.0
PBANKA_123730	PbGEM-051749|PbGEM-103704|PbGEM-261508|PBANKA_123730|PbGEM-103712	AGCCCGTTGTA	1544.5	1205.5	799.5	2452.5	596.0	244.5	999.0	2634.5	564.5	261.5	488.5	431.0	1601.0	1924.5	338.5	395.0	70.0	60.5	1485.0	954.0	778.0	2317.0	501.0	226.0	813.5	2169.5	496.5	189.5	574.5	502.5	1509.0	1631.0	403.5	311.0	90.0	55.5
PBANKA_124380	PbGEM-337299|PBANKA_124380|PbGEM-309337|PbGEM-309329	GGGGTCCTCTG	1618.0	1289.5	2082.5	1295.0	1004.0	1695.0	2582.0	1579.0	1097.5	1838.0	2214.0	2236.5	1294.0	1414.5	1568.0	1408.0	1579.0	1544.0	1651.5	1036.5	2092.5	1297.5	1051.5	1497.0	2256.0	1331.0	831.5	1487.0	2683.5	2252.0	1107.0	1287.5	1610.0	1183.5	1568.5	1610.5
PBANKA_130790	PbGEM-536539|PbGEM-311015|PbGEM-311007|PbGEM-671149|PBANKA_130790	TTCAATAGAGA	539.5	462.5	0.0	0.0	150.0	6.0	0.0	0.0	125.5	5.0	0.0	0.0	0.0	0.0	106.5	106.0	0.0	16.0	501.0	347.5	0.0	0.0	161.0	4.0	0.0	0.0	107.0	6.0	0.0	0.0	1.0	0.0	123.5	87.5	0.0	62.5
PBANKA_131870	PbGEM-343036|PbGEM-253283|PbGEM-337875|PBANKA_131870|PbGEM-105615|PbGEM-055758|PbGEM-055750	GCCACCCGTCG	833.5	645.0	442.0	207.5	403.0	263.5	520.5	263.0	389.0	227.0	1335.5	1174.5	151.5	161.5	501.5	415.5	157.0	238.0	834.5	515.5	416.5	205.5	300.0	174.5	361.5	199.5	356.0	218.5	1643.0	1250.0	176.0	158.0	428.5	399.5	162.5	236.5
PBANKA_131940	PbGEM-312501|PbGEM-312493|PbGEM-337907|PbGEM-646979|PBANKA_131940	CGAGCCTCCCG	515.0	339.0	719.5	944.0	468.0	469.5	964.0	1190.5	540.0	586.0	1094.5	1264.5	577.0	675.5	877.0	833.5	697.5	555.0	463.5	268.0	678.0	895.5	498.5	434.5	775.0	884.5	479.0	433.5	1352.5	1239.0	500.0	781.0	809.5	748.0	678.5	541.0
PBANKA_132010	PBANKA_132010|PbGEM-312581|PbGEM-312589|PbGEM-337939	CGGGTACAGTG	693.0	594.5	796.5	1283.0	944.5	0.0	947.0	1351.5	1045.0	0.0	851.5	881.5	1108.0	1243.0	0.0	2.0	0.0	2.5	671.0	460.5	698.5	1110.5	963.5	0.0	748.0	1064.0	891.0	1.0	1219.0	848.0	1005.0	1062.0	0.0	0.0	0.0	0.0
PBANKA_132100	PbGEM-312701|PbGEM-312693|PBANKA_132100|PbGEM-337971	ATCCGGCTCTG	503.0	416.5	1054.0	89.5	326.5	516.0	1387.5	99.0	303.5	586.0	104.0	140.0	20.5	51.0	723.5	971.0	911.0	1103.5	508.5	334.5	1097.0	72.0	330.5	463.0	1105.0	83.5	268.5	383.5	106.0	131.0	28.0	54.0	774.0	750.5	936.0	1023.5
PBANKA_132320	PBANKA_132320|PbGEM-646968|PbGEM-667029|PbGEM-313053|PbGEM-313045	CGTAGAGGGCT	786.0	664.5	1095.5	2525.0	934.5	1168.5	1483.0	3129.0	998.5	1212.0	3.0	27.5	37.5	70.0	1114.5	1161.5	569.5	618.5	830.0	518.0	997.0	2536.0	960.0	990.5	1159.5	2576.0	845.5	1056.0	1.0	29.5	57.0	90.0	1156.0	994.5	549.0	537.5
PBANKA_132610	PbGEM-247673|PBANKA_132610|PbGEM-338115|PbGEM-106217	ACTTTTCACAT	381.0	344.0	0.0	555.5	91.5	814.0	0.0	566.0	90.5	813.0	0.0	0.0	829.5	813.5	18.0	30.5	155.5	246.0	380.0	232.0	1.0	514.5	83.5	773.0	1.0	454.0	99.0	735.5	0.0	0.0	700.5	734.0	11.0	27.5	132.5	324.5
PBANKA_133650	PbGEM-314709|PbGEM-314701|PBANKA_133650	GAAAGGTTCCA	784.0	595.5	990.5	650.5	611.5	0.0	1126.5	722.0	609.5	2.5	1452.5	1464.0	1094.5	1253.5	0.0	0.0	0.0	2.0	769.0	518.5	974.0	628.5	633.5	0.0	942.0	545.0	580.5	0.0	1742.5	1524.5	978.5	1298.5	1.0	0.0	0.0	0.0
PBANKA_133660	PBANKA_133660|PbGEM-058141|PbGEM-058133|PbGEM-251364	GAGGCTTAGGG	645.5	452.5	63.5	753.5	387.0	707.5	88.5	904.0	376.0	698.5	74.0	143.5	424.0	494.0	239.0	219.5	203.0	337.0	610.5	410.0	77.0	738.5	383.0	617.5	63.5	707.0	333.0	626.5	85.0	141.5	392.0	503.5	252.0	189.0	226.5	373.0
PBANKA_134040	PbGEM-675421|PbGEM-058669|PbGEM-058661|PbGEM-252826|PBANKA_134040|PbGEM-338555	GGCGTAACTTA	538.5	421.5	0.0	1.0	290.5	122.5	0.0	2.0	248.0	151.5	0.0	0.0	0.0	1.0	4.0	11.5	0.0	1.0	542.0	307.0	0.0	0.0	284.5	123.5	1.0	1.0	231.5	113.0	0.0	0.0	0.0	0.0	7.0	12.5	0.0	0.0
PBANKA_134650	PbGEM-255053|PbGEM-059559|PBANKA_134650|PbGEM-264324|PbGEM-107650	GTTATGCCTCT	809.0	619.5	564.0	528.0	732.5	341.5	707.0	572.5	673.0	410.5	479.0	641.5	692.0	695.0	1318.0	1270.0	251.0	316.0	824.0	458.5	589.0	511.5	775.0	345.5	475.5	441.5	692.5	302.5	541.5	610.5	590.0	614.0	1232.0	1000.0	223.0	301.5
PBANKA_134940	PBANKA_134940|PbGEM-059967|PbGEM-059959|PbGEM-648003|PbGEM-107848|PbGEM-249935	TCGCTGGCTGG	520.0	451.0	555.5	586.5	488.0	93.0	742.5	703.0	518.0	105.5	1440.0	1513.0	786.5	1010.5	0.0	0.0	0.0	0.0	531.5	339.5	508.5	600.0	531.0	69.0	504.5	554.5	412.0	78.0	1765.0	1571.0	658.5	837.0	0.0	0.0	0.0	0.0
PBANKA_134970	PBANKA_134970|PbGEM-316451|PbGEM-316443	CGAGTGCCTGC	683.0	586.0	1919.0	1052.0	1008.0	1210.0	2512.0	1328.0	1129.5	1288.5	840.0	971.0	362.0	265.5	13.0	40.5	37.0	12.0	699.5	394.0	1894.0	1154.0	996.5	1038.0	2058.0	1022.5	863.0	1034.5	988.5	993.5	321.0	223.0	12.5	32.5	25.0	7.0
PBANKA_135120	PbGEM-316667|PbGEM-316659|PBANKA_135120|PbGEM-338835	TATATGCGGGC	565.5	455.5	234.5	391.0	50.0	45.0	271.0	459.0	56.0	48.5	146.5	116.5	272.0	386.5	93.5	42.5	100.5	75.5	584.0	423.0	229.5	389.5	51.0	48.0	207.5	351.0	43.5	44.5	175.0	124.0	241.5	444.0	78.0	35.0	92.5	55.0
PBANKA_135750	PBANKA_135750|PbGEM-339059|PbGEM-317315|PbGEM-317331|PbGEM-664861|PbGEM-317323	CCGAAGATCCG	627.5	483.0	760.0	1113.5	749.5	447.5	970.0	1273.0	768.5	512.5	1030.0	1598.5	1657.0	1737.5	886.5	938.0	1089.5	861.5	639.0	358.0	689.0	1040.0	739.0	448.0	696.0	1123.0	630.5	381.5	1416.5	1672.0	1595.0	1524.0	896.5	979.5	992.0	854.5
PBANKA_135870	PbGEM-646834|PbGEM-317491|PbGEM-664413|PBANKA_135870|PbGEM-317499|PbGEM-646946|PbGEM-317507	AGGGGATAAAT	898.5	730.0	1658.0	1216.5	572.0	388.0	2095.0	1326.0	591.0	409.0	507.5	751.0	723.0	776.5	1066.0	1123.5	465.0	459.0	838.0	578.5	1535.5	1138.0	613.0	317.5	1712.5	1118.0	448.0	307.0	553.0	718.5	648.5	694.0	1104.0	922.5	447.5	457.5
PBANKA_135960	PbGEM-061450|PbGEM-061442|PBANKA_135960|PbGEM-253840|PbGEM-646722	CCCTCAAATAC	645.0	1073.5	1612.0	572.0	988.0	3716.0	2158.0	642.5	1071.5	3841.5	1623.5	1976.5	601.0	737.0	0.0	0.5	790.0	740.5	685.0	871.0	1636.0	518.0	1067.0	3350.5	1744.5	584.5	935.5	3188.5	1801.0	1987.5	510.0	842.5	1.5	1.5	808.0	754.5
PBANKA_135970	PbGEM-253875|PbGEM-061466|PbGEM-343204|PbGEM-646730|PBANKA_135970|PbGEM-339139|PbGEM-061458	GTTTAAGCTTT	523.0	872.5	5372.5	2363.5	3640.5	4859.5	6641.5	2598.5	3533.5	4787.5	47.5	79.0	28.0	60.5	5354.0	5731.0	5549.0	6030.0	540.5	676.0	5202.5	2287.0	3501.5	4187.5	5488.5	2164.0	3049.0	3854.0	60.0	77.5	37.5	105.0	5381.5	4620.5	5157.5	5860.0
PBANKA_136210	PbGEM-646404|PBANKA_136210|PbGEM-254684|PbGEM-645789|PbGEM-108856|PbGEM-339219|PbGEM-528378|PbGEM-528237|PbGEM-665125|PbGEM-108848|PbGEM-528096|PbGEM-646570	AAGGATCTATC	553.5	400.5	209.0	644.0	334.5	55.0	246.0	735.0	335.5	55.5	36.5	78.5	125.5	150.0	50.5	54.5	0.0	0.0	549.5	314.5	170.5	658.0	321.0	43.0	200.0	566.5	296.5	49.5	35.5	76.0	119.0	140.5	27.0	42.0	1.0	0.0
PBANKA_136370	PbGEM-226413|PBANKA_136370|PbGEM-537027|PbGEM-109007|PbGEM-255393|PbGEM-062001	ATCGACGGCTT	537.0	405.0	1118.5	1249.5	1050.0	541.5	1527.0	1367.0	867.0	492.5	1035.0	1220.0	1005.5	764.0	1349.5	1427.5	585.0	483.5	469.0	332.5	1120.5	1221.0	1047.0	429.0	1124.0	1127.5	758.5	409.0	1197.0	1119.0	860.5	671.0	1286.5	1208.5	543.0	436.5
PBANKA_140020	PbGEM-669469|PBANKA_140020|PbGEM-318395|PbGEM-318387	CAAGAAGGAAG	800.0	638.5	474.0	12.0	121.0	80.5	657.5	48.0	137.0	109.5	1886.5	1844.5	14.0	10.5	330.5	282.5	120.0	194.5	792.0	515.0	470.0	13.0	109.0	70.0	528.0	54.0	125.5	97.0	2408.0	1866.5	8.0	20.5	340.0	196.5	101.0	222.5
PBANKA_141460	PbGEM-255405|PbGEM-064305|PbGEM-064297|PBANKA_141460	CCAGAGCGGTA	573.0	485.5	42.0	0.0	0.0	175.5	79.5	0.0	0.0	193.0	81.5	154.0	0.5	0.0	0.0	0.0	258.0	234.0	538.5	383.0	53.0	0.0	0.0	158.0	58.0	0.0	0.0	154.5	104.0	169.0	0.0	0.0	0.0	0.0	210.5	224.0
PBANKA_141910	PbGEM-110413|PBANKA_141910|PbGEM-670237|PbGEM-064920|PbGEM-256541	AAGCATTTCTG	284.0	229.0	129.0	283.0	62.5	235.5	163.0	320.5	90.5	244.5	0.0	8.0	0.0	0.5	113.5	106.0	267.5	266.0	255.0	174.5	126.5	269.0	70.0	201.5	142.0	253.0	74.5	166.5	0.0	5.0	0.5	2.0	110.0	100.0	249.5	250.5
PBANKA_141930	PbGEM-064952|PbGEM-064944|PbGEM-669925|PBANKA_141930|PbGEM-110425|PbGEM-256582|PbGEM-339843	CGCACCGGCGA	113.5	107.0	0.0	10.5	176.0	43.5	0.0	11.0	190.0	53.5	0.0	0.5	0.0	0.0	222.5	261.5	73.5	73.0	162.5	76.0	0.0	7.0	177.5	45.0	0.0	6.5	133.5	46.0	0.0	0.0	0.0	6.5	285.5	224.5	91.5	85.0
PBANKA_142150	PbGEM-065275|PBANKA_142150|PbGEM-065283|PbGEM-110525|PbGEM-257060	ACTTTAAATAC	696.0	548.5	253.0	140.0	0.0	66.5	318.0	178.0	0.0	71.0	292.0	225.0	223.5	260.5	0.0	0.0	59.0	58.0	629.5	390.5	242.0	125.0	0.0	58.5	211.0	130.5	0.0	51.0	316.0	233.5	206.5	195.5	0.0	0.0	40.0	76.0
PBANKA_142210	PbGEM-321259|PBANKA_142210|PbGEM-321267|PbGEM-321251	TACCAAGCGAT	598.5	1100.0	63.0	5.0	541.0	1685.5	66.0	5.0	469.0	1567.0	170.0	134.0	20.0	37.5	482.5	751.0	1843.0	2450.0	610.5	828.5	51.5	11.5	538.5	1391.5	62.0	11.5	459.5	1323.0	194.5	91.0	16.5	34.0	490.5	548.0	1738.5	2178.0
PBANKA_142530	PbGEM-110783|PbGEM-257918|PBANKA_142530|PbGEM-264588|PbGEM-343316|PbGEM-065779	CTCTTATGCTC	1712.0	1340.0	1009.5	2230.0	1972.0	2922.5	1229.0	2496.0	1950.0	3171.0	670.0	839.0	2594.5	3065.0	5653.0	5767.5	3301.5	3212.0	1625.5	1083.5	951.0	2135.5	2022.0	2658.0	1024.5	2061.0	1742.5	2600.0	816.5	899.0	2414.0	2805.0	5304.0	4864.0	3062.5	3205.0
PBANKA_142700	PbGEM-254351|PbGEM-066023|PbGEM-340003|PbGEM-066015|PBANKA_142700	AGTTTCGGTGA	551.5	519.5	0.0	686.0	29.5	755.5	0.0	746.0	19.5	689.0	0.0	0.0	1166.0	1192.0	60.5	74.5	958.0	1105.5	599.5	384.0	0.5	630.0	29.0	590.0	0.0	558.5	17.0	632.5	0.0	1.0	1030.0	947.5	62.5	56.0	907.0	1046.0
PBANKA_142750	PbGEM-254500|PBANKA_142750|PbGEM-066075	TCGACAGAGAG	465.5	405.5	1363.0	848.0	230.0	56.0	1869.5	986.0	243.5	55.5	494.5	548.5	263.0	269.0	343.5	480.0	134.5	126.0	505.0	342.5	1411.5	899.0	211.0	58.5	1488.0	860.5	204.0	58.0	621.5	595.0	205.5	227.5	337.5	385.0	142.0	124.5
PBANKA_143500	PbGEM-322779|PBANKA_143500|PbGEM-322771	TAGCAATTTGC	659.0	500.5	1017.0	822.0	68.5	244.0	1185.5	881.5	48.0	261.0	1245.5	1274.0	833.0	764.5	46.0	146.5	334.5	283.0	682.0	383.5	966.0	746.0	64.5	202.5	965.5	807.0	59.0	214.0	1619.5	1268.0	754.5	675.5	64.0	94.0	284.5	271.5
PBANKA_143520	PbGEM-646688|PbGEM-646111|PbGEM-067210|PbGEM-646720|PbGEM-646352|PbGEM-646328|PbGEM-646087|PbGEM-256691|PbGEM-340243|PbGEM-646689|PbGEM-646686|PBANKA_143520|PbGEM-646103|PbGEM-646095|PbGEM-646687|PbGEM-067218|PbGEM-646344|PbGEM-646336|PbGEM-646700|PbGEM-646691	TTCATGAGCAT	581.0	474.5	1912.5	206.5	443.0	264.5	2485.5	216.5	404.0	252.5	0.0	1.0	0.0	0.0	466.0	344.5	193.0	262.0	606.0	353.5	1904.5	193.0	422.5	231.5	2022.0	200.0	387.5	182.5	0.0	0.0	2.0	6.5	479.5	222.0	184.5	251.0
PBANKA_143860	PbGEM-067727|PbGEM-264852|PbGEM-257514|PbGEM-340339|PBANKA_143860|PbGEM-079466	TCCCATTCCCT	1246.0	1007.0	1143.5	3087.0	2387.0	2636.0	1401.5	3139.5	2300.5	2805.0	692.0	784.0	3373.5	3328.5	2360.0	2522.0	2554.0	2704.0	1191.0	855.5	1079.0	3008.0	2334.5	2568.0	1044.0	2588.5	1901.0	2381.5	791.0	805.5	3083.0	3133.0	2175.5	2166.0	2406.0	2574.0
PBANKA_144400	PBANKA_144400|PbGEM-068546|PbGEM-258421	ACTATCGCCAA	1096.0	908.5	653.5	1152.0	180.5	1070.5	791.0	1137.5	193.0	975.0	1035.5	1193.0	1516.0	1396.5	281.5	370.0	1080.5	916.0	1137.5	791.0	621.5	1044.5	184.0	873.5	581.5	980.0	171.0	815.5	1221.0	1180.0	1332.5	1224.0	268.5	287.0	936.0	858.0
PBANKA_144490	PbGEM-258539|PBANKA_144490|PbGEM-068669|PbGEM-340531	TATACTAACAG	1435.0	1112.0	536.0	1967.5	418.5	196.5	630.0	1982.0	454.5	176.5	182.0	434.0	1191.0	1498.5	349.5	408.0	247.5	250.5	1376.0	847.0	549.0	1987.5	475.0	173.5	520.0	1684.5	384.0	136.0	258.0	545.0	1082.0	1283.0	359.5	353.0	260.0	212.0
PBANKA_144570	PbGEM-648147|PbGEM-675189|PBANKA_144570|PbGEM-324227|PbGEM-324235	CTTCTGACGTA	564.0	511.0	8.0	332.5	317.0	70.0	26.0	358.0	262.0	75.5	1.0	12.0	48.0	32.0	489.5	612.0	56.5	77.5	541.0	358.0	6.5	293.5	309.5	61.5	26.0	291.0	207.5	42.5	5.0	22.5	57.5	46.0	486.0	541.5	42.5	62.0
PBANKA_144900	PbGEM-539395|PBANKA_144900|PbGEM-256997|PbGEM-069276|PbGEM-069268|PbGEM-467274	TCACGCGATGC	359.0	296.0	400.0	558.5	544.5	178.0	523.0	555.5	576.5	157.0	444.5	555.0	702.5	726.5	215.5	248.0	40.0	39.5	343.0	236.5	432.5	571.5	549.0	140.5	408.5	497.0	455.0	157.0	605.0	629.0	597.5	801.5	245.0	170.5	30.0	45.5
PBANKA_145770	PbGEM-070570|PBANKA_145770|PbGEM-080757|PbGEM-258716	GATATTCCTCT	604.5	503.5	116.5	19.0	931.0	12.5	152.0	19.0	947.0	22.0	125.5	159.5	19.5	15.0	988.0	1003.5	7.5	11.0	545.5	396.5	119.0	21.5	941.0	22.0	124.0	24.5	810.5	22.0	128.0	144.0	25.0	25.5	959.0	806.5	2.0	5.5
PBANKA_145910	PbGEM-220771|PbGEM-070786|PbGEM-258884|PBANKA_145910|PbGEM-070794	GACCACGAGAG	659.5	470.0	2558.0	278.0	1746.0	135.5	3334.0	385.0	1729.5	126.5	2.0	0.0	0.0	0.5	0.0	0.0	0.0	3.0	634.0	423.5	2413.0	282.5	1679.5	103.0	2540.5	265.5	1364.5	126.5	1.0	2.0	2.0	23.5	0.0	0.5	0.0	1.0
PBANKA_145920	PBANKA_145920|PbGEM-070810|PbGEM-258892|PbGEM-070802|PbGEM-343452|PbGEM-080802	TTTACGGAGAT	700.0	604.0	55.5	20.0	34.5	0.0	64.5	29.0	25.0	0.0	13.0	38.0	48.5	14.5	9.0	45.0	0.0	0.0	733.5	444.5	53.5	27.5	40.0	0.0	65.0	4.0	23.5	0.0	17.0	45.0	37.5	4.0	4.0	51.0	0.0	0.0
PBANKA_145980	PbGEM-646838|PbGEM-674045|PbGEM-326043|PbGEM-326027|PbGEM-326035|PBANKA_145980|PbGEM-341067	CGGTCATCCAT	471.0	395.0	162.0	295.0	168.5	52.5	218.5	405.5	209.5	39.5	0.0	0.0	1.0	0.0	336.0	179.0	60.0	157.5	483.0	341.5	131.0	271.0	172.5	47.5	155.0	291.0	153.0	55.5	0.0	1.0	1.0	6.5	338.0	127.0	72.0	117.5
PBANKA_146370	PbGEM-326451|PbGEM-326459|PBANKA_146370|PbGEM-326443|PbGEM-326435|PbGEM-341163	CGGTGAGGCTT	584.0	426.5	456.5	666.0	0.0	68.5	556.5	840.5	0.0	71.0	500.5	542.0	1193.5	1161.0	0.0	1.0	133.5	103.0	554.5	372.0	382.5	659.5	0.0	54.5	450.0	704.5	1.0	69.0	568.0	548.5	1033.5	1053.5	0.0	0.5	117.0	82.5
