Gene	Barcodes	P19551_1001_S3_L001_R1_001_R	P19551_1001_S3_L001_R2_001_F	P19551_1001_S3_L001_R2_001_R	P19551_1002_S4_L001_R1_001_R	P19551_1002_S4_L001_R2_001_F	P19551_1003_S1_L001_R1_001_R	P19551_1003_S1_L001_R2_001_F	P19551_1004_S2_L001_R1_001_R	P19551_1004_S2_L001_R2_001_F	P19551_1005_S20_L001_R1_001_R	P19551_1005_S20_L001_R2_001_F	P19551_1006_S21_L001_R1_001_R	P19551_1006_S21_L001_R2_001_F	P19551_1007_S22_L001_R1_001_R	P19551_1007_S22_L001_R2_001_F	P19551_1008_S23_L001_R1_001_R	P19551_1008_S23_L001_R2_001_F	P19551_1009_S28_L001_R1_001_R	P19551_1009_S28_L001_R2_001_F	P19551_1010_S29_L001_R1_001_R	P19551_1010_S29_L001_R2_001_F	P19551_1011_S30_L001_R1_001_R	P19551_1011_S30_L001_R2_001_F	P19551_1012_S31_L001_R1_001_R	P19551_1012_S31_L001_R2_001_F	P19551_1013_S24_L001_R1_001_R	P19551_1013_S24_L001_R2_001_F	P19551_1014_S25_L001_R1_001_R	P19551_1014_S25_L001_R2_001_F	P19551_1015_S26_L001_R1_001_F	P19551_1015_S26_L001_R1_001_R	P19551_1015_S26_L001_R2_001_F	P19551_1015_S26_L001_R2_001_R	P19551_1016_S27_L001_R1_001_R	P19551_1016_S27_L001_R2_001_F	P19551_1017_S9_L001_R1_001_R	P19551_1017_S9_L001_R2_001_F	P19551_1018_S10_L001_R1_001_R	P19551_1018_S10_L001_R2_001_F	P19551_1019_S11_L001_R1_001_R	P19551_1019_S11_L001_R2_001_F	P19551_1020_S12_L001_R1_001_R	P19551_1020_S12_L001_R2_001_F	P19551_1021_S5_L001_R1_001_R	P19551_1021_S5_L001_R2_001_F	P19551_1022_S6_L001_R1_001_R	P19551_1022_S6_L001_R2_001_F	P19551_1023_S7_L001_R1_001_R	P19551_1023_S7_L001_R2_001_F	P19551_1024_S8_L001_R1_001_R	P19551_1024_S8_L001_R2_001_F	P19551_1025_S16_L001_R1_001_R	P19551_1025_S16_L001_R2_001_F	P19551_1026_S17_L001_R1_001_R	P19551_1026_S17_L001_R2_001_F	P19551_1027_S18_L001_R1_001_R	P19551_1027_S18_L001_R2_001_F	P19551_1028_S19_L001_R1_001_R	P19551_1028_S19_L001_R2_001_F	P19551_1029_S13_L001_R1_001_R	P19551_1029_S13_L001_R2_001_F	P19551_1030_S14_L001_R1_001_R	P19551_1030_S14_L001_R2_001_F	P19551_1031_S15_L001_R1_001_R	P19551_1031_S15_L001_R2_001_F	P19551_1032_S33_L001_R1_001_R	P19551_1032_S33_L001_R2_001_F	P19551_1033_S34_L001_R1_001_R	P19551_1033_S34_L001_R2_001_F	P19551_1034_S35_L001_R1_001_R	P19551_1034_S35_L001_R2_001_F	P19551_1035_S36_L001_R1_001_R	P19551_1035_S36_L001_R2_001_F	P19551_1036_S32_L001_R1_001_R	P19551_1036_S32_L001_R2_001_F
PbGEM-584516|PbGEM-456566|PbGEM-266028|PBANKA_010060|PbGEM-266020|PbGEM-327507	GCATTTCATGT	0	0	0	0	0	0	0	0	0	0	0	0	0	0	0	0	0	0	0	0	0	0	0	0	0	0	0	0	0	0	0	0	0	0	0	0	0	0	0	0	0	0	0	0	0	0	0	0	0	0	0	0	0	0	0	0	1	0	0	0	0	0	0	0	0	0	0	0	0	0	0	0	0	0	0
PbGEM-266060|PbGEM-266052|PBANKA_010080	CTCCAAGAACT	770	770	0	1	1	873	870	606	604	854	855	542	537	716	712	794	790	760	752	518	515	0	0	1	1	0	0	131	129	0	0	0	0	1	1	1	1	0	1	768	766	1	2	826	822	617	617	754	760	425	427	890	885	746	728	700	704	477	478	0	0	0	1	2	2	16	19	0	1	0	0	0	1	1	1
PbGEM-266100|PbGEM-266092|PbGEM-668501|PBANKA_010110	CAGCGTGATGT	748	729	0	281	277	1414	1378	1322	1283	1621	1584	2514	2477	1445	1421	1502	1487	1213	1193	2394	2345	10721	10548	12033	11753	13793	13554	11871	11601	1	9791	9634	1	10137	9942	20262	19951	24887	24429	746	721	329	325	1560	1528	1331	1306	1552	1521	2870	2819	1510	1472	1291	1276	1435	1393	4267	4171	9670	9440	15383	15109	13553	13285	13094	12822	9860	9696	9700	9453	17330	16961	23372	22955
PbGEM-584940|PbGEM-266148|PbGEM-266156|PBANKA_010170|PbGEM-649005	GTCGCGGTTCC	0	0	0	0	0	0	0	0	0	0	0	0	0	0	0	0	0	0	0	0	0	0	0	0	0	0	0	0	0	0	0	0	0	1	1	0	0	0	0	0	0	0	0	0	0	0	0	0	0	0	0	0	0	0	0	0	0	0	0	0	0	0	0	0	0	0	0	0	0	0	0	0	0	0	0
PbGEM-645656|PbGEM-266204|PBANKA_010220|PbGEM-646795|PbGEM-645735|PbGEM-266212	TTCACTCAAGT	881	868	0	0	0	563	567	397	391	304	300	170	167	628	625	826	817	452	447	348	343	1	1	1	1	0	0	152	148	0	0	0	0	0	0	1	2	0	0	803	809	0	0	588	580	437	427	255	255	233	232	849	837	656	648	421	417	196	195	0	0	0	0	3	3	9	8	1	0	0	0	0	0	1	1
PbGEM-327555|PbGEM-646128|PbGEM-266220|PbGEM-646697|PbGEM-645943|PbGEM-646168|PBANKA_010240|PbGEM-670653|PbGEM-646160|PbGEM-539507|PbGEM-646136|PbGEM-646176|PbGEM-646728|PbGEM-646706|PbGEM-646669|PbGEM-646668|PbGEM-645951|PbGEM-646144|PbGEM-646152	CGCTAAGTCCG	819	802	0	0	0	294	289	178	170	120	117	112	111	258	258	294	289	155	152	83	80	0	0	0	0	0	0	106	108	0	0	0	0	0	0	1	1	0	0	774	773	0	0	300	293	208	201	114	114	123	121	318	313	251	244	148	145	68	68	0	0	1	1	0	0	4	3	1	1	0	0	0	0	0	0
PbGEM-266587|PbGEM-266595|PbGEM-327659|PBANKA_010490	TGTCAGTTTTT	0	0	0	721	715	0	0	0	0	0	0	0	0	0	0	0	0	0	0	0	0	19	19	41	40	12	12	57	57	0	15	15	0	23	22	13	13	0	0	0	0	824	813	0	0	0	0	0	0	0	0	0	0	0	0	0	0	0	0	24	24	33	33	17	17	24	24	39	37	17	17	8	8	0	0
PbGEM-005773|PBANKA_010510|PbGEM-005781|PbGEM-227013	AGGGGTGTTGT	0	0	0	0	0	0	0	0	0	0	0	0	0	0	0	0	0	0	0	0	0	0	0	0	0	0	0	0	0	0	0	0	0	0	0	0	0	0	0	0	1	0	0	0	0	0	0	0	0	0	0	0	0	0	0	0	0	0	0	0	0	0	0	0	0	0	0	0	0	0	0	0	0	0	0
PBANKA_010620|PbGEM-327715|PbGEM-266739|PbGEM-533147|PbGEM-266747|PbGEM-667717	CCACCTGCCCA	634	639	0	0	1	430	435	454	458	483	490	456	464	402	403	492	494	463	464	326	324	0	0	0	0	0	0	110	114	0	0	0	0	0	0	1	1	0	0	670	670	1	1	469	475	446	452	419	417	275	268	490	493	373	371	426	429	241	239	0	0	0	0	4	4	5	5	0	0	0	0	0	0	1	1
PBANKA_010970|PbGEM-267147|PbGEM-665869|PbGEM-267139	GTCTTGGGGAC	0	0	0	0	0	0	0	0	0	0	0	0	0	0	0	0	0	0	0	0	0	0	0	0	0	0	0	0	0	0	0	0	0	0	0	0	0	0	0	0	0	1	1	0	0	0	0	0	0	0	0	0	0	0	0	0	0	0	0	0	0	0	0	0	0	0	0	0	0	0	0	0	0	0	0
PBANKA_020080|PbGEM-006829|PbGEM-228012	CAGCGCCGGAA	0	0	0	0	0	0	0	0	0	0	0	0	0	0	0	0	0	0	0	0	0	0	0	0	0	0	0	0	0	0	0	1	0	0	0	0	0	0	0	0	0	0	0	0	0	0	0	0	0	0	0	0	0	0	0	0	0	0	0	0	0	0	0	0	0	0	0	0	0	0	0	0	0	0	0
PbGEM-267683|PBANKA_020270|PbGEM-267699|PbGEM-267691|PbGEM-669621	CGTTTTGGGCG	1450	1426	0	1	0	505	494	562	544	680	660	201	194	498	491	624	613	524	508	452	434	1	1	0	0	0	0	263	258	0	0	0	0	0	0	2	1	0	0	1320	1288	0	0	591	565	613	595	584	562	265	255	698	687	620	594	565	564	346	336	0	0	1	0	1	1	8	8	0	0	0	0	0	0	0	0
PbGEM-267835|PbGEM-267843|PBANKA_020390	AAAACGAGGAG	2	2	0	1201	1190	0	0	0	0	0	0	0	0	0	0	0	0	0	0	1	1	11	11	8	8	8	9	0	0	0	6	6	0	7	7	1	0	1	0	0	0	1110	1088	0	0	0	0	0	0	0	0	0	0	0	0	0	0	0	0	6	5	8	8	5	3	17	16	10	11	11	11	3	3	0	0
PbGEM-267867|PbGEM-533259|PBANKA_020420|PbGEM-267883|PbGEM-267875	GGGATCTATAC	2871	3009	0	0	0	1029	1082	1006	1057	1483	1569	796	846	916	954	1120	1183	1273	1334	1112	1183	0	1	0	0	1	1	431	447	0	1	1	0	0	1	0	0	1	1	2568	2741	0	1	1057	1119	1059	1136	1315	1373	842	874	1155	1214	975	1019	1221	1281	629	657	1	2	0	0	3	4	28	29	0	0	0	0	0	0	0	0
PbGEM-533283|PbGEM-268099|PbGEM-268107|PBANKA_020600|PbGEM-533291	AGTCTGTATCG	0	0	0	0	0	0	0	0	0	0	0	0	0	0	0	0	0	0	0	0	0	0	1	0	0	0	0	0	0	0	0	0	0	0	0	0	0	0	0	0	0	0	0	0	0	0	0	0	0	0	0	0	0	0	0	0	0	0	0	0	0	0	0	0	0	0	0	0	0	0	0	0	0	0	0
PBANKA_020620|PbGEM-228711|PbGEM-082191	CTAATTAATGT	0	1	0	0	0	0	0	0	0	0	0	0	0	0	0	0	0	0	0	0	0	0	0	0	0	0	0	0	0	0	0	0	0	0	0	0	0	0	0	0	0	0	0	0	0	0	0	0	0	0	0	0	0	0	0	0	0	0	0	0	0	0	0	0	0	0	0	0	0	0	0	0	0	0	0
PbGEM-082408|PbGEM-007799|PbGEM-229203|PBANKA_020830	TAACCTCTTCT	1039	1043	0	1	1	215	215	129	130	91	91	20	20	238	242	262	265	126	124	163	165	0	0	0	0	0	1	276	282	0	0	0	0	0	1	0	0	0	0	1110	1124	0	0	213	221	149	149	98	102	157	160	238	238	218	218	122	124	92	93	0	0	0	0	0	0	3	3	0	0	1	0	0	0	0	0
PbGEM-328147|PbGEM-008117|PBANKA_021060|PbGEM-668093|PbGEM-537907|PbGEM-229769|PbGEM-341724	GCTGACGCCGT	0	0	0	589	582	0	0	0	0	0	0	0	0	0	0	0	0	0	0	0	0	34	34	33	32	34	34	0	0	0	36	36	0	38	37	25	26	5	5	0	0	595	589	0	0	0	0	1	0	1	1	0	0	0	0	0	0	0	0	40	40	44	44	33	32	13	14	47	49	28	27	15	16	0	0
PBANKA_021070|PbGEM-268787|PbGEM-268779	CGCATCGCACG	0	0	0	0	0	0	0	0	0	0	0	0	0	0	0	0	0	0	0	0	0	0	0	0	0	0	0	0	0	0	0	0	0	0	0	0	0	0	0	0	0	0	0	0	0	0	0	0	0	0	0	0	1	0	0	0	0	0	0	0	0	0	0	0	0	0	0	0	0	0	0	0	0	0	0
PbGEM-328235|PbGEM-533355|PbGEM-268971|PBANKA_021280|PbGEM-268963|PbGEM-585156	GGTGACACTGG	0	0	0	0	0	0	0	0	0	0	0	0	0	0	0	0	0	0	0	0	0	1	1	0	0	0	0	0	0	0	0	0	0	0	0	0	0	0	0	0	0	0	0	0	0	0	0	0	0	0	0	0	0	0	0	0	0	0	0	0	0	0	0	0	0	0	0	0	0	0	0	0	0	0	0
PbGEM-008580|PBANKA_021390|PbGEM-666117|PbGEM-227253|PbGEM-328275	TGTACCCTTTA	663	668	0	0	0	1191	1199	1139	1124	1402	1407	739	734	1030	1029	1352	1351	1237	1226	1579	1568	1	1	0	0	1	1	156	155	0	0	0	0	0	0	0	0	2	1	647	644	0	0	1248	1254	1131	1134	1240	1240	1458	1456	1343	1346	1155	1162	1153	1156	1497	1509	0	0	0	0	1	1	25	25	0	0	0	0	0	0	0	0
PbGEM-269419|PBANKA_030140|PbGEM-269411|PbGEM-675245|PbGEM-328363	CGACTCAGTAG	2557	2510	0	1	1	1210	1183	1481	1450	2073	2034	1319	1300	1072	1058	1202	1190	1411	1388	1035	1011	0	0	0	0	1	1	513	497	0	1	1	0	0	0	1	1	1	1	2389	2369	2	3	1287	1263	1633	1606	1894	1865	1694	1674	1356	1334	1006	986	1180	1155	862	857	1	1	0	1	1	1	20	21	0	0	0	0	0	1	0	0
PbGEM-008926|PbGEM-227638|PBANKA_030150	CCAGTTTTCTC	0	0	0	0	0	0	0	0	0	0	0	0	0	0	0	0	0	0	0	1	0	0	0	0	0	0	0	0	0	0	0	0	0	0	0	0	0	0	0	0	0	0	0	0	0	0	0	0	0	0	0	0	0	0	0	0	0	0	0	0	0	0	0	0	0	0	0	0	0	0	0	0	0	0	0
PbGEM-227680|PbGEM-008958|PBANKA_030170	TTCGCTCGGTG	1	1	0	992	974	0	0	0	0	1	1	0	0	0	0	0	0	0	0	0	0	27	26	44	44	38	37	96	94	0	44	43	0	41	41	29	28	65	65	1	1	1026	1024	0	0	0	0	0	0	0	0	0	0	0	0	0	0	0	0	17	17	49	49	50	49	76	70	29	28	24	23	25	24	66	66
PbGEM-269443|PbGEM-269451|PBANKA_030180	CAGCATACGAC	670	665	0	0	0	354	362	361	361	881	891	894	897	321	320	404	402	517	522	648	652	0	0	0	0	0	0	126	125	0	0	0	0	0	0	0	0	0	0	694	705	0	0	370	370	370	373	780	790	1113	1125	411	411	385	388	453	452	737	738	1	2	1	1	0	1	9	9	0	0	0	0	1	2	0	0
PbGEM-083015|PbGEM-227812|PbGEM-009054|PbGEM-009046|PBANKA_030230	GACGAGGGGCA	0	0	0	1161	1145	0	0	0	0	0	0	0	0	0	0	0	0	0	0	1	1	1	1	8	8	1	1	0	0	0	5	4	0	8	8	0	0	1	1	1	1	1209	1205	0	0	0	0	1	1	0	0	0	0	0	0	0	0	0	0	8	8	6	7	3	3	0	0	9	9	4	4	2	2	5	5
PbGEM-328435|PbGEM-009373|PbGEM-265332|PbGEM-647067|PbGEM-228133|PBANKA_030460	CTCACCCTAAT	0	0	0	0	0	0	0	0	0	0	0	0	0	0	0	0	0	0	0	0	0	0	0	0	0	0	0	0	0	0	0	0	0	0	0	0	0	0	0	0	0	0	0	0	0	0	0	0	0	0	0	0	0	0	0	0	0	0	0	0	0	0	0	0	0	0	0	1	0	0	0	0	0	0	0
PbGEM-670365|PbGEM-270051|PBANKA_030610|PbGEM-270035|PbGEM-270043|PbGEM-533427	TATGTTTACTG	659	652	0	0	0	312	312	245	238	292	287	500	493	271	269	359	356	301	298	814	807	0	0	1	1	0	0	117	112	0	0	0	0	0	0	1	1	0	0	671	665	0	0	274	272	255	249	258	259	570	553	305	303	271	268	256	253	949	937	0	0	0	0	1	1	3	3	0	0	0	0	0	0	0	1
PBANKA_030690|PbGEM-228650|PbGEM-083324|PbGEM-009720	ATTGGATCAGG	3	3	0	0	0	0	0	0	0	0	0	0	0	0	0	0	0	0	0	0	0	0	0	0	0	0	0	0	0	0	0	0	0	0	0	0	0	0	0	2	2	0	0	0	0	0	0	0	0	0	0	0	0	0	0	0	0	0	0	0	0	0	0	0	0	0	0	0	0	0	0	0	0	0	0
PBANKA_030890|PbGEM-533467|PbGEM-270307|PbGEM-270315|PbGEM-270299|PbGEM-328547	CTTGGGCGTGC	922	901	0	0	0	177	172	183	175	193	183	315	307	159	158	209	206	137	133	243	236	0	0	1	0	0	0	205	202	0	0	0	0	0	0	1	1	0	0	968	939	0	0	186	181	175	171	195	193	273	263	171	166	160	157	224	217	240	232	0	0	0	0	1	1	4	4	0	0	0	0	0	0	0	1
PbGEM-229158|PBANKA_030960|PbGEM-328571|PbGEM-010026|PbGEM-010018	TGATCTGCGTT	0	0	0	1035	1020	1	1	0	0	2	2	0	0	1	0	0	0	0	0	1	1	1059	1044	1009	984	768	761	412	401	0	1229	1211	0	954	940	529	515	308	304	0	0	1420	1393	1	1	2	1	1	0	0	0	1	0	1	0	2	1	0	0	884	861	1410	1392	777	766	445	438	1163	1154	1056	1035	577	568	205	201
PBANKA_031000|PbGEM-665341|PbGEM-010090|PbGEM-229258	CGGAATGCCAG	913	911	0	0	0	323	317	184	183	225	217	198	193	259	252	234	238	236	233	348	345	0	0	0	0	0	0	162	159	0	1	0	0	0	0	0	0	1	0	847	863	0	0	345	341	195	194	153	152	185	184	361	358	241	243	253	248	208	209	0	0	1	1	1	1	5	5	0	0	0	1	1	1	0	1
PBANKA_031220|PbGEM-270818|PbGEM-328643|PbGEM-270826|PbGEM-270834	GACGACACGAT	0	0	0	978	969	2	2	1	0	0	0	0	0	0	0	0	0	0	0	0	0	471	464	486	487	303	303	277	274	0	619	612	0	468	471	274	269	130	128	0	0	968	962	0	0	0	0	0	0	0	0	1	1	0	0	1	1	0	0	481	478	606	602	317	317	174	177	598	605	489	481	200	197	109	107
PbGEM-083801|PbGEM-083793|PBANKA_031270|PbGEM-646954|PbGEM-229846	GCCAGATGTAT	3	3	0	0	0	0	0	0	0	0	0	0	0	0	0	0	0	0	0	0	0	0	0	0	0	0	0	0	0	0	0	0	0	0	0	0	0	0	0	3	3	0	0	0	0	0	0	0	0	0	0	0	0	0	0	0	0	0	0	0	0	0	0	0	0	0	0	0	0	0	0	0	0	0	0
PbGEM-328675|PbGEM-533523|PbGEM-271010|PbGEM-271018|PBANKA_031360	CTATCCGCCAC	1089	1110	0	0	0	118	122	174	174	217	218	44	45	119	121	141	140	146	147	202	204	0	0	0	0	0	0	217	219	0	1	0	0	0	0	0	0	0	0	934	944	0	0	143	144	138	143	175	181	61	61	171	171	153	153	123	126	70	68	0	0	0	0	0	0	1	2	0	0	0	0	0	0	0	0
PbGEM-533531|PbGEM-271026|PbGEM-271034|PBANKA_031370|PbGEM-585348	TGGTTAGCTGT	0	0	0	0	0	0	0	0	0	1	1	0	0	0	0	0	0	0	0	0	0	0	0	0	0	0	0	0	0	0	0	0	0	0	0	0	0	0	0	0	0	0	0	0	0	0	0	0	0	0	0	0	0	0	0	0	0	0	0	0	0	0	0	0	0	0	0	0	0	0	0	0	0	0	0
PbGEM-271138|PbGEM-271130|PBANKA_031490	TCTGCTAGAAG	752	733	0	0	0	1201	1188	1036	1025	1381	1365	612	605	1060	1055	1250	1239	711	691	1204	1183	0	0	1	0	0	0	123	122	0	1	1	0	4	3	3	1	0	0	698	691	1	1	1305	1275	1094	1073	1160	1145	878	868	986	975	1152	1127	1276	1259	898	888	0	0	0	0	3	3	17	18	0	0	1	1	1	1	0	0
PbGEM-230519|PbGEM-084034|PbGEM-645653|PbGEM-645687|PBANKA_040110|PbGEM-084042|PbGEM-328763	GATCATAGGTC	1	1	0	1635	1607	1	0	0	0	0	0	0	0	0	0	0	0	0	0	1	0	140	138	139	135	77	72	91	88	0	128	129	0	108	104	60	59	29	28	2	2	1625	1593	1	2	0	0	0	0	0	0	0	0	0	0	0	0	0	0	154	152	146	142	111	105	64	64	143	136	102	101	40	41	18	17
PbGEM-011177|PbGEM-230789|PbGEM-011169|PBANKA_040230	GGCAGTATCGA	0	0	0	1563	1547	0	0	0	0	0	0	0	0	0	0	0	0	0	0	1	0	13	13	21	21	21	20	0	0	0	10	10	0	21	20	16	16	13	12	0	0	1622	1587	2	1	1	0	0	0	0	0	0	0	0	0	0	0	0	0	13	13	23	23	22	23	1	1	10	10	17	16	6	7	7	7
PbGEM-228846|PbGEM-084246|PBANKA_040430|PbGEM-533579	ATAGCCTAATA	701	690	0	1	1	573	567	507	503	805	794	163	161	552	547	597	587	677	674	549	545	0	0	0	0	0	1	181	181	0	0	0	0	1	1	0	0	0	0	637	642	0	0	602	592	565	567	809	810	292	298	645	641	569	567	585	586	386	387	0	0	2	1	1	1	7	7	0	0	0	0	0	0	0	1
PBANKA_040560|PbGEM-011621|PbGEM-229156	TAATAACCGAG	804	798	0	1	2	2235	2230	2276	2243	2508	2485	3891	3867	2062	2043	2437	2413	2359	2349	2931	2900	1	1	1	0	1	1	178	172	0	0	0	0	1	1	0	2	0	1	791	789	4	4	2283	2268	2447	2424	2270	2250	3024	3001	2592	2570	2213	2189	2422	2400	2322	2307	2	2	2	2	8	8	46	46	1	1	0	2	2	0	0	2
PbGEM-673965|PbGEM-271962|PbGEM-676077|PbGEM-533595|PBANKA_040660	TGTTCCTAAGT	0	0	0	0	0	0	0	0	0	0	0	0	0	0	0	0	0	0	0	0	0	0	0	0	0	0	0	0	0	0	0	0	0	0	0	0	0	0	0	0	0	0	0	0	0	0	0	1	1	0	0	0	0	0	0	0	0	0	0	0	0	0	0	0	0	0	0	0	0	0	0	0	0	0	0
PBANKA_040750|PbGEM-229574|PbGEM-011897	AACAGGGTTCC	1	1	0	1039	1023	3	1	1	0	3	1	0	0	3	2	2	2	2	2	2	3	1749	1715	2019	1995	1832	1806	782	758	0	2345	2299	0	2268	2221	1428	1408	349	343	0	1	1054	1033	4	1	0	0	1	1	0	0	1	1	2	0	5	5	2	2	1925	1905	2722	2663	1785	1758	895	872	2243	2216	2172	2119	1091	1077	333	326
PbGEM-229874|PbGEM-533627|PBANKA_040910	AAACGAATTGT	1	1	0	1529	1516	0	0	0	0	0	0	0	0	0	0	0	0	1	0	0	0	117	114	106	104	55	55	34	33	0	124	121	0	110	110	48	47	6	6	0	0	1565	1540	0	0	0	0	0	0	0	0	1	1	0	0	1	1	0	0	112	111	180	175	45	45	92	92	186	183	124	123	28	29	26	26
PbGEM-012556|PBANKA_041195	CACCAGAACGT	0	0	0	0	0	0	0	0	0	0	0	0	0	0	0	0	0	0	0	0	0	0	0	0	0	0	0	0	0	0	0	0	0	0	0	0	0	0	0	0	0	0	0	0	0	0	0	0	0	0	0	0	0	0	0	0	0	0	0	0	0	0	0	0	1	0	0	0	0	0	0	0	0	0	0
PbGEM-329075|PbGEM-646670|PbGEM-646698|PbGEM-646184|PbGEM-646707|PBANKA_041340|PbGEM-272706|PbGEM-646731|PbGEM-645959|PbGEM-272714	AACAATGAGGA	887	887	0	0	0	600	592	432	423	274	271	256	256	552	546	700	687	299	292	303	300	0	0	0	0	0	0	135	133	0	1	1	0	0	0	0	0	0	0	870	870	0	0	658	652	427	423	231	231	199	199	710	697	649	649	328	316	189	186	0	0	2	2	0	0	3	3	0	0	0	1	0	0	0	0
PbGEM-272858|PbGEM-272850|PBANKA_041450	GAAGCTAATGC	1	2	0	943	923	0	0	2	1	1	0	2	1	0	0	3	2	4	2	2	0	1478	1456	1840	1807	2116	2086	938	920	0	1609	1582	0	1735	1707	1692	1667	1159	1130	1	1	1043	1021	0	0	0	0	1	0	2	2	0	1	1	1	2	1	0	0	1450	1421	2249	2209	2048	2011	1023	1003	1612	1587	1782	1741	1433	1410	1046	1035
PbGEM-646464|PbGEM-645849|PbGEM-329139|PbGEM-528049|PbGEM-230967|PbGEM-461668|PbGEM-265260|PbGEM-673061|PbGEM-461634|PBANKA_041610|PbGEM-585508|PbGEM-646630|PbGEM-528331|PbGEM-013065|PbGEM-676053|PbGEM-528190	GTGCAAAACGA	0	0	0	0	0	0	0	0	0	0	0	0	0	0	0	0	0	0	0	0	0	0	0	0	0	0	0	0	0	0	0	0	0	0	0	0	0	0	0	0	0	0	0	0	0	0	0	0	0	0	0	0	0	0	0	0	0	0	0	0	0	0	0	0	0	0	0	0	0	0	0	0	0	5	5
PbGEM-085099|PbGEM-329155|PBANKA_041680|PbGEM-085107|PbGEM-231093|PbGEM-013177|PbGEM-341884	TGCGTATCCAT	747	727	0	0	0	1430	1407	1177	1156	1076	1053	1707	1691	1560	1541	1880	1851	1407	1383	1574	1547	0	0	1	1	1	1	104	101	0	1	1	0	0	0	3	1	1	1	662	651	0	0	1481	1442	1263	1238	1092	1070	1872	1847	1901	1867	1787	1749	1421	1399	2153	2111	0	0	1	1	3	2	24	24	0	0	0	0	0	1	0	0
PbGEM-231119|PBANKA_041700|PbGEM-013209|PbGEM-013201	CGCTAAGTGCG	0	0	0	0	0	0	0	0	0	0	0	0	0	0	0	0	0	0	0	0	0	0	0	0	0	0	0	0	0	0	0	0	0	0	0	0	0	0	0	1	0	0	0	0	0	0	0	0	0	0	0	1	0	0	0	0	0	0	0	0	0	0	0	0	0	0	0	0	0	0	0	0	0	0	0
PbGEM-670493|PbGEM-273226|PBANKA_041740|PbGEM-273234|PbGEM-273242	TTCATATGTTT	1	1	0	1023	1010	1	1	0	0	0	0	0	0	0	0	0	0	0	0	0	0	9	9	19	19	17	15	22	22	0	12	12	0	18	17	22	22	36	35	0	0	1078	1055	0	0	0	0	0	0	0	0	0	0	0	0	0	0	0	0	18	19	35	34	26	26	91	87	11	11	14	13	6	6	41	41
PbGEM-085158|PbGEM-585540|PbGEM-584652|PbGEM-013305|PbGEM-013297|PbGEM-231222|PBANKA_041760	TACCACAGTCG	0	0	0	0	0	0	0	0	0	0	0	0	0	0	0	1	1	0	0	0	0	0	0	0	0	0	0	0	0	0	0	0	0	0	0	0	0	0	0	0	0	0	0	0	0	0	0	0	0	0	0	0	0	0	0	0	0	0	0	1	1	0	0	2	2	0	0	0	0	0	0	0	0	12	12
PBANKA_050090|PbGEM-231517|PbGEM-013563	GGTGTAACAGC	1	0	0	0	0	0	0	0	0	0	0	0	0	0	0	0	0	0	0	0	0	0	0	0	0	0	0	0	0	0	0	0	0	0	0	0	0	0	0	0	0	0	0	0	0	0	0	0	0	0	0	0	0	0	0	0	0	0	0	0	0	0	0	0	0	0	0	0	0	0	0	0	0	0	0
PbGEM-273538|PBANKA_050120|PbGEM-273546|PbGEM-329235	CTCGGGAGGGG	685	670	0	288	283	2455	2414	2310	2262	2743	2696	5676	5611	2379	2344	2596	2561	2405	2357	5451	5358	9010	8873	11430	11220	12851	12658	14466	14133	0	8804	8652	0	9906	9713	22014	21658	27410	26875	692	687	292	282	2623	2552	2409	2360	2544	2503	5617	5544	2747	2695	2375	2323	2454	2421	5948	5845	9360	9182	14018	13759	13881	13681	15448	15163	8756	8613	9232	9003	18098	17739	26611	26175
PbGEM-273978|PbGEM-273986|PBANKA_050410	CCTTGCAAAGT	612	606	0	0	0	0	0	0	0	0	0	0	0	0	0	0	0	1	0	0	0	0	0	0	0	0	0	156	154	0	0	0	0	0	0	0	0	0	0	544	541	0	0	0	0	0	0	0	0	0	0	0	0	0	0	0	0	0	1	0	0	0	0	0	0	0	0	0	0	0	0	0	0	0	0
PbGEM-585676|PbGEM-274290|PbGEM-666541|PBANKA_050680|PbGEM-274282|PbGEM-274274	TATCGCGCAAG	0	0	0	0	0	0	0	0	0	0	0	0	0	0	0	0	0	0	0	0	0	0	0	0	0	0	0	0	0	0	0	0	0	0	0	0	0	0	0	0	0	0	0	0	0	0	0	0	0	0	0	0	0	0	0	0	0	0	0	0	0	0	0	0	0	13	13	0	0	0	0	0	0	0	0
PbGEM-274562|PbGEM-329475|PbGEM-274570|PbGEM-673917|PbGEM-652509|PbGEM-646806|PBANKA_050900	CCCCGCTCCAT	0	0	0	0	0	0	0	1	0	0	0	0	0	0	0	0	0	0	0	0	0	0	0	0	0	0	0	0	0	0	0	0	0	0	0	0	0	0	0	0	0	0	0	0	0	0	0	0	0	0	0	0	0	0	0	0	0	0	0	0	0	0	0	1	0	0	0	0	0	0	0	0	0	0	0
PbGEM-329547|PbGEM-646729|PbGEM-274850|PBANKA_051060	CGTGTGATGCC	1094	1221	0	226	249	771	859	786	881	586	663	331	367	738	809	862	938	523	614	668	748	1604	1748	2189	2446	1524	1720	1231	1392	0	1426	1583	0	2048	2290	1072	1193	249	291	1027	1158	225	249	824	912	815	929	515	566	303	336	907	1013	712	783	462	520	335	391	1665	1893	2771	3078	1421	1607	1406	1594	1333	1499	1938	2121	809	910	226	243
PBANKA_051210|PbGEM-015181|PbGEM-231655|PbGEM-015189|PbGEM-329587	GAAGAACAAGA	0	0	0	1317	1298	0	0	0	0	0	0	0	0	0	0	0	0	0	0	0	0	22	22	22	22	21	20	26	25	0	21	21	0	28	29	30	28	29	28	0	0	1350	1330	0	0	0	0	0	0	0	0	0	0	0	0	0	0	0	0	22	22	25	25	25	26	20	19	33	34	32	31	22	23	34	35
PbGEM-538099|PbGEM-275130|PbGEM-585756|PBANKA_051280|PbGEM-329611|PbGEM-275122	AAAACTGAATC	742	741	0	0	0	75	73	60	61	34	32	0	0	85	86	72	71	30	28	0	0	0	0	1	0	0	0	83	81	0	0	0	0	0	0	1	0	0	0	694	693	0	0	65	69	72	70	27	27	38	38	76	77	75	74	29	29	0	0	0	0	0	0	0	0	1	2	0	0	1	1	0	0	0	0
PbGEM-329643|PbGEM-275250|PbGEM-275258|PbGEM-671109|PBANKA_051390|PbGEM-275266	TCCCATCAAAC	0	0	0	795	811	1	1	0	0	0	0	1	1	0	0	0	0	0	0	0	1	347	349	337	346	238	241	155	160	0	419	423	0	349	360	161	163	92	93	0	0	775	783	0	0	0	0	0	0	0	0	0	0	1	1	3	3	0	0	414	413	524	531	231	239	197	202	393	400	383	383	146	152	59	60
PbGEM-538107|PbGEM-527706|PBANKA_051500|PbGEM-015569|PbGEM-015561|PbGEM-232023	AGGGTTCCTAT	0	0	0	0	0	0	0	0	0	0	0	0	0	0	0	0	0	0	0	0	0	0	0	0	0	0	0	0	0	0	0	0	0	1	1	0	0	0	0	0	0	0	0	0	0	0	0	0	0	0	0	0	0	1	1	0	0	0	0	0	0	0	0	0	0	0	0	0	0	2	2	0	0	0	0
PbGEM-232246|PbGEM-015779|PBANKA_051630	TGCGATTGGAA	0	0	0	1230	1227	3	2	2	1	2	2	1	0	1	1	2	2	1	1	3	3	2858	2830	2754	2749	2095	2091	886	882	0	3467	3433	0	3007	2997	1783	1788	1003	999	1	2	1251	1242	2	1	1	1	1	1	0	0	0	1	2	3	2	2	1	1	2836	2846	3519	3495	1825	1820	881	884	3424	3429	2804	2770	1408	1406	823	829
PbGEM-015996|PBANKA_051770|PbGEM-086344|PbGEM-232524|PbGEM-646983|PbGEM-264508	TTTGACAGGGG	1785	1749	0	2	2	3176	3138	2477	2424	2835	2782	2206	2183	2919	2865	3257	3220	2841	2768	3434	3343	1	1	3	3	4	2	387	370	0	2	2	0	1	0	1	1	1	1	1651	1613	4	3	3197	3126	2510	2465	2686	2656	2390	2324	3939	3869	2960	2911	2746	2709	1728	1690	2	1	4	1	11	12	52	48	2	0	0	0	0	1	3	1
PbGEM-585860|PbGEM-654581|PbGEM-533907|PbGEM-329771|PbGEM-533915|PBANKA_051940|PbGEM-650813|PbGEM-276074|PbGEM-276082	TGACCATTGTT	0	0	0	0	0	0	0	0	0	0	0	0	0	0	0	0	0	0	0	0	0	0	0	0	0	0	0	0	0	0	0	0	0	0	0	0	0	0	0	0	0	0	0	0	0	0	0	0	0	0	0	0	0	0	0	0	0	0	0	1	1	0	0	0	0	0	0	0	0	0	0	0	0	0	0
PBANKA_051990|PbGEM-276162|PbGEM-276170|PbGEM-276178	AATTCTCCTAG	0	0	0	1032	1025	1	1	0	0	1	0	0	0	0	0	2	2	1	1	0	0	457	454	483	482	478	470	321	318	0	645	646	0	551	547	376	374	116	115	0	0	984	969	1	1	1	0	0	0	0	0	2	2	0	0	0	0	1	1	547	541	678	676	467	462	187	186	642	631	588	580	296	294	222	220
PbGEM-585908|PbGEM-276418|PbGEM-276434|PbGEM-648461|PbGEM-677437|PbGEM-667125|PBANKA_052190|PbGEM-276426|PbGEM-533939|PbGEM-654069	CCTTCAACTCA	0	0	0	0	0	0	0	0	0	0	0	0	0	0	0	0	0	0	0	0	0	0	0	0	0	0	0	0	0	0	0	0	0	0	0	0	0	1	0	0	0	0	0	0	0	0	0	0	0	0	0	0	0	0	0	0	0	0	0	0	0	0	0	0	0	0	0	0	0	0	0	0	0	0	0
PbGEM-276482|PbGEM-585916|PbGEM-276474|PBANKA_052220	CGCTCTACTAT	0	0	0	0	0	0	0	0	0	0	0	0	0	0	0	0	0	0	0	0	0	0	0	0	0	0	0	0	0	0	0	0	0	1	1	0	0	0	0	0	0	0	0	0	0	0	0	0	0	0	0	1	1	0	0	0	0	0	0	0	0	0	0	0	0	0	0	0	0	0	0	0	0	0	0
PbGEM-276730|PBANKA_052440|PbGEM-276722|PbGEM-585956	GTAGACGAGCT	0	0	0	0	0	0	0	0	0	0	0	0	0	0	0	0	0	0	0	0	0	0	0	0	0	0	0	0	0	0	0	0	0	0	0	0	0	0	0	0	0	0	0	0	0	0	0	0	0	0	0	0	0	0	0	0	0	0	0	0	0	0	0	0	0	0	0	0	0	0	0	0	0	5	4
PbGEM-538179|PbGEM-277122|PbGEM-668237|PbGEM-277130|PbGEM-648565|PbGEM-277138|PbGEM-277146|PBANKA_060330	CACTAAACAAG	0	0	0	0	0	0	0	0	0	0	0	0	0	0	0	0	0	0	0	0	0	0	0	0	0	0	0	0	0	0	0	0	0	0	0	0	0	0	0	0	0	0	0	0	0	0	0	0	0	0	0	0	0	0	0	0	0	0	0	0	0	0	0	0	0	0	0	0	0	1	1	0	0	0	0
PBANKA_060470|PbGEM-087064|PbGEM-087072|PbGEM-232478|PbGEM-017659	AGTGCTTCAGT	567	561	0	4	1	1821	1785	1384	1352	2695	2625	3060	3008	1797	1769	1826	1785	1715	1664	2534	2465	1	1	0	0	0	0	89	87	0	0	0	0	0	0	4	2	2	3	511	503	1	1	1862	1802	1536	1497	2409	2355	3674	3595	2005	1968	1682	1647	1932	1880	2537	2497	0	0	1	0	2	2	35	34	1	1	1	1	0	0	0	0
PBANKA_060510|PbGEM-232541|PbGEM-087094|PbGEM-017723	CATGGTTCTGT	0	0	0	0	0	0	0	0	1	0	0	0	0	0	0	0	0	0	0	0	0	0	0	0	0	0	0	0	0	0	0	0	0	0	0	0	0	0	0	0	0	0	0	0	0	0	0	0	0	0	0	0	0	0	0	0	0	0	0	0	0	0	0	0	0	0	0	0	0	0	0	0	0	0	0
PbGEM-232583|PBANKA_060530|PbGEM-017755|PbGEM-087119|PbGEM-265636|PbGEM-671885	AGGACTTATAT	1	0	0	0	0	0	0	0	0	0	0	0	0	0	0	0	0	0	0	0	0	0	0	0	0	0	0	0	0	0	0	0	0	0	0	0	0	0	0	0	0	0	0	0	0	0	0	0	0	0	0	0	0	0	0	0	0	0	0	0	0	0	0	0	0	0	0	0	0	0	0	0	0	0	0
PbGEM-017899|PbGEM-087185|PBANKA_060620|PbGEM-672901|PbGEM-087193|PbGEM-232734	CAAGCCGGGCG	0	0	0	0	0	0	0	0	0	0	0	21	22	0	0	0	0	0	0	0	0	0	0	0	0	0	0	0	0	0	0	0	0	0	0	0	0	0	0	0	0	0	0	0	0	0	0	0	0	0	0	0	0	0	0	0	0	0	0	0	0	0	0	0	0	0	0	0	0	0	0	0	0	0	0
PBANKA_060930|PbGEM-018333|PbGEM-018328	CCTCTGACCCT	0	0	0	0	0	0	0	0	0	0	0	0	0	0	0	0	0	0	0	0	0	0	0	0	0	0	0	0	0	0	0	0	0	0	0	0	0	0	0	0	0	0	0	0	1	0	0	0	0	0	0	0	0	0	0	0	0	0	0	0	0	0	0	0	0	0	0	0	0	0	0	0	0	0	0
PbGEM-448900|PbGEM-072354|PbGEM-671013|PbGEM-646538|PbGEM-018467|PBANKA_061040|PbGEM-448908|PbGEM-646755|PbGEM-448892|PbGEM-528206|PbGEM-645757|PbGEM-646372|PbGEM-087402|PbGEM-528065|PbGEM-233510|PbGEM-330147|PbGEM-528347|PbGEM-448884	CTTACATTGGT	0	0	0	1699	1678	0	0	0	0	0	0	0	0	1	1	0	0	0	0	0	0	0	0	0	0	5	5	0	0	0	0	0	0	1	1	0	0	0	0	1	1	1693	1665	0	0	0	1	0	0	0	0	1	0	1	1	0	0	0	0	0	0	0	1	1	1	0	0	0	0	0	0	0	0	1	1
PbGEM-278202|PBANKA_061230|PbGEM-278194	CCAATCCTCGG	0	0	0	1285	1265	1	1	0	0	0	0	0	0	0	0	1	1	0	0	1	1	93	91	97	95	79	79	27	27	0	117	116	0	95	95	49	49	1	1	0	0	1176	1159	0	0	0	0	0	0	0	0	1	1	1	1	0	0	0	0	93	92	109	109	65	65	29	29	110	107	82	79	48	48	1	1
PbGEM-645866|PbGEM-456535|PbGEM-528308|PbGEM-456531|PbGEM-646481|PbGEM-449340|PBANKA_061520|PbGEM-467279|PbGEM-456528|PbGEM-449356|PbGEM-528167|PbGEM-456533|PbGEM-234446|PbGEM-087811|PbGEM-456532|PbGEM-456538|PbGEM-449348|PbGEM-087803|PbGEM-019124|PbGEM-528449|PbGEM-646647|PbGEM-449364	CCTCTTACCCG	1	1	0	1053	1047	1	1	0	2	3	5	0	0	6	4	2	1	0	0	8	8	5129	5080	4978	4967	4285	4278	5607	5589	0	5607	5603	0	4920	4923	2978	2982	1686	1684	2	3	1027	1017	4	3	1	4	3	3	1	1	0	0	4	6	9	8	2	4	5644	5647	6109	6095	3911	3923	5962	5952	5224	5233	4711	4666	2350	2365	1724	1718
PbGEM-646732|PbGEM-072498|PBANKA_061670	TCTCGGTTAT	625	610	0	285	271	1186	1154	1013	995	1014	984	2444	2402	1158	1127	1336	1282	1123	1093	1999	1946	2008	1958	2387	2305	2451	2392	2958	2849	0	2098	2052	0	1931	1861	3775	3677	3493	3398	615	607	309	296	1272	1207	1114	1075	930	922	1706	1665	1264	1236	1071	1038	1089	1059	2617	2543	2250	2197	3097	3015	2673	2621	2438	2373	2176	2111	2078	2000	2890	2803	3617	3534
PbGEM-019513|PbGEM-234809|PbGEM-019521|PBANKA_061790	CCTTAATGGAC	0	0	0	0	0	0	0	0	0	0	0	0	0	0	0	0	0	0	0	0	0	0	0	0	0	0	0	0	0	0	0	0	0	0	0	0	0	0	0	0	0	0	0	0	0	0	0	0	0	0	0	0	0	0	0	0	0	0	1	0	0	0	0	0	0	0	0	0	0	0	0	0	0	0	0
PBANKA_061840|PbGEM-279194|PbGEM-279186	GGTGTAAAGGC	692	659	0	0	0	698	675	825	792	1119	1079	1137	1104	711	691	882	853	994	935	763	722	0	0	0	0	0	0	157	153	0	0	0	0	0	0	1	1	0	0	643	623	0	0	768	728	944	905	1133	1089	654	630	981	947	722	696	923	887	587	562	0	0	0	0	2	2	14	14	1	1	0	0	0	0	0	0
PbGEM-586180|PbGEM-676357|PbGEM-235335|PBANKA_062040|PbGEM-019879|PbGEM-534211	AGCATGGTGCT	0	0	0	0	0	0	0	0	0	0	0	0	0	0	0	0	0	0	0	0	0	0	0	0	0	0	0	0	0	0	0	0	0	0	0	0	0	0	0	0	0	0	0	0	0	0	0	0	0	0	0	0	0	0	0	0	0	0	0	0	0	0	0	0	0	0	0	0	0	1	1	0	0	0	0
PbGEM-235589|PBANKA_062170|PbGEM-020038	GCATCAGGTAC	0	0	0	0	0	0	0	0	0	0	0	0	0	0	0	0	0	0	0	0	0	0	0	0	0	0	0	0	0	0	0	0	0	0	0	0	0	0	0	0	0	0	0	0	0	0	0	0	0	0	0	0	0	0	0	0	0	0	0	0	0	0	0	1	0	0	0	0	0	0	0	0	0	0	0
PbGEM-279674|PbGEM-673253|PBANKA_062200|PbGEM-279658|PbGEM-279666	AGAGATAGCAC	686	696	0	0	0	1023	1030	1078	1092	1290	1325	703	703	920	941	1128	1129	1253	1290	1107	1118	1	1	0	0	1	1	96	100	0	0	0	0	0	0	2	3	1	1	669	675	0	0	1020	1040	1066	1070	1379	1400	701	716	1244	1275	972	988	1073	1094	592	601	0	0	0	0	3	3	20	20	0	0	0	3	0	0	0	0
PbGEM-233044|PBANKA_070120	CGTTCGTTGTT	0	0	0	0	1	0	0	0	0	0	0	0	0	0	0	0	0	0	0	0	0	0	0	0	0	0	0	0	1	0	0	0	0	0	0	0	0	0	0	0	0	0	0	0	0	0	0	0	0	0	0	0	0	0	0	0	0	0	0	0	0	0	0	0	0	0	0	0	0	0	0	0	0	0	0
PbGEM-330515|PbGEM-645665|PbGEM-280010|PbGEM-645733|PBANKA_070120	CAAACTACGCA	0	0	0	0	0	0	0	0	0	0	0	0	0	0	0	0	0	0	0	0	0	0	0	0	0	0	0	0	0	0	0	0	0	1	1	0	0	0	0	0	0	0	0	0	0	0	0	0	0	0	0	0	0	0	0	0	0	0	0	0	0	0	0	0	0	0	0	0	0	0	0	0	0	0	0
PbGEM-330539|PbGEM-280098|PbGEM-280090|PBANKA_070200	CGGTTACCCTA	543	548	0	1	1	515	517	534	527	577	577	258	259	481	472	601	597	553	562	323	323	0	0	1	1	0	0	172	176	0	0	0	0	1	0	0	0	0	0	539	544	0	0	530	534	627	633	550	546	289	289	548	554	534	533	507	513	268	271	0	0	1	1	0	0	10	10	0	0	0	0	1	2	1	1
PbGEM-233289|PbGEM-264356|PbGEM-020532|PBANKA_070220	TTTGCGTATGT	1	1	0	1224	1196	0	0	0	0	0	0	0	0	0	0	0	0	0	0	0	0	150	148	129	127	111	109	135	131	0	237	234	0	147	146	99	98	112	109	2	2	1411	1379	0	0	0	0	0	0	0	0	1	1	1	1	3	2	0	0	144	144	183	180	85	85	90	90	182	177	155	153	79	76	93	93
PbGEM-265276|PbGEM-020884|PbGEM-233764|PBANKA_070440|PbGEM-647267	GGGTTAGAAAT	2	2	0	0	0	0	0	0	0	0	0	0	0	0	0	0	0	0	0	0	0	0	0	0	0	0	0	0	0	0	0	0	0	0	0	0	0	0	0	0	0	0	0	0	0	0	0	0	0	0	0	0	0	0	0	0	0	0	0	0	0	0	0	0	0	0	0	0	0	0	0	0	0	0	0
PBANKA_070630|PbGEM-673413|PbGEM-280690|PbGEM-280682	GTACTCCGGTT	0	0	0	1238	1214	0	0	0	0	0	0	1	0	1	0	0	0	0	0	0	0	7	7	7	7	10	10	0	0	0	5	5	0	12	11	7	7	7	7	0	0	1345	1333	0	0	0	0	1	1	0	0	0	0	0	0	0	0	0	0	3	3	10	10	13	13	16	16	4	4	6	6	4	4	14	14
PbGEM-234217|PBANKA_070640|PbGEM-021197	AAAAAGGCGAC	0	0	0	0	0	0	0	0	0	0	0	0	0	0	0	0	0	0	0	0	0	0	0	0	0	0	0	0	0	0	0	0	0	0	0	0	0	0	0	0	0	0	0	0	0	0	1	0	0	0	0	0	0	0	0	0	0	0	0	0	0	0	0	0	0	0	0	0	0	0	0	0	0	0	0
PbGEM-281042|PbGEM-281034|PbGEM-281026|PBANKA_070790|PbGEM-534299|PbGEM-672709	ACGCGGCAGTG	0	0	0	0	0	0	0	0	0	0	0	0	0	0	0	0	0	0	0	0	0	0	0	0	0	0	0	0	0	0	0	0	0	0	0	0	0	0	0	0	0	0	0	0	0	0	0	0	0	0	0	0	0	0	0	0	0	0	0	0	0	1	1	0	0	0	0	0	0	0	0	0	0	0	0
PbGEM-089045|PbGEM-647283|PbGEM-021455|PbGEM-461673|PBANKA_070810|PbGEM-461639|PbGEM-234509	CTTTCTTCGCA	612	610	0	0	0	1365	1355	1403	1400	1701	1715	799	798	1318	1310	1636	1624	1221	1216	1586	1589	0	0	0	0	1	1	82	83	0	2	2	0	0	0	2	2	1	2	594	593	1	1	1544	1554	1440	1430	1534	1532	1032	1034	1493	1475	1454	1445	1380	1377	1201	1197	1	1	1	1	3	3	23	24	0	1	0	0	0	1	7	7
PbGEM-281074|PbGEM-647291|PBANKA_070820|PbGEM-281090|PbGEM-534307|PbGEM-281082|PbGEM-667093	CACCGGTACGT	1	3	0	1070	1066	4	6	5	6	9	9	3	4	6	4	8	6	8	9	16	16	11675	11538	13755	13672	15218	15113	8348	8263	0	11403	11301	0	13637	13548	12971	12914	4581	4542	9	7	980	976	10	8	5	4	7	4	5	2	4	4	4	4	19	21	6	10	12853	12773	17982	17797	13508	13464	9105	8996	11428	11386	12584	12322	10379	10293	3681	3667
PbGEM-021641|PbGEM-234710|PBANKA_070940	GACATGGGATT	0	0	0	1303	1281	0	0	1	1	0	0	0	0	0	0	1	1	0	0	0	0	1	1	6	6	3	3	0	0	0	1	1	0	5	5	4	4	3	3	0	0	1258	1248	0	0	0	0	0	0	0	0	0	0	0	0	0	0	0	0	1	1	6	6	9	9	0	0	2	2	6	6	3	4	20	19
PBANKA_070990|PbGEM-281290|PbGEM-281298	CTAATTTTATT	1348	1337	0	0	0	278	273	252	251	233	232	200	200	282	280	370	364	199	199	211	207	0	0	0	0	0	0	260	258	0	0	0	0	0	0	0	0	0	0	1274	1271	0	0	280	281	243	242	237	235	246	245	327	326	300	297	184	180	117	117	0	0	0	0	0	0	4	4	0	0	0	0	0	1	0	0
PbGEM-281562|PbGEM-281554|PBANKA_071230	CACCCCAGGAG	1	1	0	1396	1391	1	1	0	1	1	1	0	0	0	0	2	2	3	2	5	6	2638	2608	2547	2540	2098	2098	2142	2106	0	3013	2979	0	2885	2876	1629	1624	763	759	2	1	1250	1239	2	0	3	3	1	1	1	1	2	2	1	1	4	4	1	1	2919	2922	3399	3381	1830	1820	2170	2161	3193	3184	2644	2594	1165	1167	722	723
PbGEM-330891|PbGEM-646942|PBANKA_071350	TCCGTTCCACC	291	294	0	0	0	94	94	66	66	27	27	14	14	94	95	118	117	21	21	23	23	0	0	0	0	0	0	47	46	0	0	0	0	0	0	0	0	0	0	354	352	0	0	132	137	77	78	32	30	27	27	129	132	120	121	27	27	22	21	0	0	0	0	1	1	0	0	0	0	0	0	0	0	0	0
PbGEM-022409|PBANKA_071490|PbGEM-022417|PbGEM-235774	CGGGTGTAAGT	0	0	0	0	0	0	0	0	0	0	0	0	0	0	0	0	0	0	0	0	0	0	0	0	0	0	0	0	0	0	0	0	0	0	0	0	0	0	0	0	0	0	0	0	0	0	0	0	0	0	0	0	0	0	0	0	0	0	0	0	0	0	0	0	0	0	0	0	0	0	0	0	0	1	1
PbGEM-646704|PbGEM-282066|PbGEM-646674|PbGEM-645983|PbGEM-646672|PbGEM-282058|PbGEM-282050|PbGEM-646208|PbGEM-646695|PbGEM-646192|PbGEM-646224|PbGEM-645967|PbGEM-646673|PbGEM-645975|PbGEM-646200|PbGEM-646671|PBANKA_071650|PbGEM-646216|PbGEM-645991|PbGEM-646725	CAAGTATATCG	828	813	0	0	0	864	855	637	620	391	387	582	576	760	750	909	890	511	501	815	797	0	0	0	1	1	1	180	175	0	2	2	0	0	0	2	1	1	1	811	806	0	0	905	889	629	608	435	428	582	574	1054	1035	765	759	457	452	736	727	0	0	0	0	1	1	14	13	0	0	0	1	1	1	1	1
PbGEM-282082|PBANKA_071660|PbGEM-282090|PbGEM-282074	ATGTCTTATTG	2	0	0	1076	1058	3	2	3	1	0	1	1	1	7	0	3	4	2	2	2	3	4065	4006	6232	6172	2254	2243	1066	1043	0	4892	4840	0	5889	5825	2264	2233	677	670	8	6	1228	1216	2	4	3	2	4	2	1	0	2	1	5	5	6	5	4	3	4233	4168	7732	7638	2077	2070	1276	1253	4543	4491	5478	5365	1873	1846	498	490
PBANKA_071800|PbGEM-282210|PbGEM-671501|PbGEM-282202|PbGEM-534403	ATCCCGGGCAG	0	0	0	0	0	0	0	0	0	0	0	0	0	0	0	0	0	0	0	0	0	0	0	0	0	0	0	0	0	0	0	0	0	0	0	0	0	0	0	0	0	0	0	0	0	0	0	0	0	0	0	0	0	0	0	0	0	0	0	1	1	0	0	0	0	0	0	0	0	1	1	0	0	0	0
PbGEM-664453|PbGEM-089808|PBANKA_071840|PbGEM-646784|PbGEM-236544|PbGEM-022900	TACACAAAAAG	0	0	0	1814	1792	1	1	0	0	0	0	0	0	0	0	0	0	0	0	0	0	29	29	47	47	28	28	25	25	0	57	55	0	51	51	34	33	5	5	0	0	1785	1760	0	1	0	0	0	0	1	1	0	0	1	1	1	1	0	0	48	49	60	58	40	38	1	1	69	66	42	40	33	32	29	30
PbGEM-089824|PBANKA_071850|PbGEM-236564|PbGEM-022916	AATCTTACACT	0	0	0	0	0	0	0	0	0	0	0	0	0	0	0	0	0	0	0	0	0	0	0	0	0	0	0	0	0	0	0	0	0	0	0	0	0	0	0	0	0	0	0	0	0	0	0	0	0	0	0	0	0	0	0	0	0	0	0	0	0	0	0	0	0	0	0	0	1	0	0	0	0	0	0
PbGEM-331067|PbGEM-282498|PbGEM-665925|PBANKA_072020	CGTTCGGATTT	2	1	0	1006	987	0	0	1	0	1	1	0	0	1	0	0	0	0	0	0	0	308	307	363	354	770	760	486	473	0	311	307	0	442	440	412	412	129	125	1	1	1011	1003	0	0	2	1	0	0	0	0	1	0	0	0	0	0	1	1	292	286	521	514	756	744	462	452	301	301	424	413	353	341	114	112
PbGEM-331099|PBANKA_072200|PbGEM-023301|PbGEM-237378	CGTAACTTGAT	3227	3207	1	0	0	1	1	2	2	0	0	1	0	2	2	1	1	2	2	0	0	0	0	0	0	0	0	938	928	0	0	0	0	0	0	0	0	0	0	3107	3080	1	1	2	2	2	2	1	1	0	0	3	3	1	1	1	1	0	0	0	0	0	0	0	0	1	1	0	0	0	0	0	0	0	0
PbGEM-235748|PBANKA_080340|PbGEM-023854	CACATTACTGT	0	0	0	0	0	0	0	0	0	0	0	0	0	0	0	0	0	0	0	0	0	0	0	0	0	0	0	0	0	0	0	0	0	0	0	0	0	0	0	0	0	0	0	0	0	0	0	0	0	0	0	0	0	0	0	0	0	0	0	0	0	0	0	0	0	0	0	0	0	0	1	0	0	0	0
PbGEM-090319|PbGEM-023991|PBANKA_080430|PbGEM-235933|PbGEM-193954|PbGEM-090311	CCCAGGTGTGG	0	0	0	0	0	0	0	0	0	0	0	0	0	0	0	0	0	0	0	0	0	0	0	0	0	0	0	0	0	0	0	0	0	0	0	0	0	0	0	1	0	0	0	0	0	0	0	0	0	0	0	0	0	0	0	0	0	0	0	0	0	0	0	0	0	0	0	0	0	0	0	0	0	0	0
PBANKA_080550|PbGEM-665909|PbGEM-283466|PbGEM-283458	TGCATCGGCTG	751	739	0	0	0	729	719	719	697	745	726	409	400	673	669	815	803	803	797	761	747	1	1	1	0	1	0	111	111	0	0	0	0	0	0	2	1	0	0	714	703	0	0	779	759	711	702	602	598	639	634	930	913	743	724	655	650	496	489	2	2	1	0	4	5	10	10	0	1	0	0	1	1	0	0
PbGEM-283490|PbGEM-283474|PBANKA_080580|PbGEM-665045|PbGEM-283482|PbGEM-534507	CAATTGGTCGT	2	2	0	1599	1577	0	0	0	0	0	0	0	0	1	0	0	0	0	0	1	1	509	493	616	607	474	465	385	378	0	660	648	0	668	646	521	522	399	394	2	2	1585	1547	0	0	2	1	0	0	0	0	0	0	0	0	1	1	0	0	592	587	799	783	546	531	641	625	677	663	604	591	431	414	286	282
PbGEM-024219|PBANKA_080590|PbGEM-671037|PbGEM-331371|PbGEM-236279|PbGEM-090449	ACCTTATGACG	1154	1149	0	0	0	822	828	880	881	1175	1188	1458	1458	861	864	1088	1082	1037	1035	1827	1811	0	0	0	0	0	0	217	215	0	0	0	0	0	0	0	1	3	3	1102	1112	0	0	870	870	929	940	1090	1098	1586	1588	1075	1080	911	919	932	931	1533	1530	0	0	2	2	4	3	13	13	0	0	0	0	0	0	0	0
PbGEM-024235|PBANKA_080600|PbGEM-090465|PbGEM-331379|PbGEM-236306|PbGEM-646785	ACTCAGTACAG	659	657	0	0	0	232	233	177	177	131	128	42	42	296	292	341	335	187	189	368	360	0	0	0	1	0	0	137	136	0	0	0	0	0	0	0	0	0	0	693	688	0	0	221	219	186	178	147	149	36	35	335	337	297	297	210	207	32	32	0	0	0	0	2	2	2	2	0	0	0	0	0	0	0	0
PbGEM-194170|PbGEM-024427|PbGEM-024419|PBANKA_080720|PbGEM-236591	TGAATAGAGGT	0	0	0	0	0	1	1	0	0	0	0	0	0	0	0	0	0	0	0	0	0	0	0	0	0	0	0	0	0	0	0	0	0	1	1	0	0	0	0	0	0	0	0	0	0	0	0	0	0	0	0	0	0	0	0	0	0	0	0	0	0	0	0	0	0	0	0	0	0	0	0	0	0	0	0
PbGEM-236607|PBANKA_080730|PbGEM-024443	CTTGGGAGGCG	0	0	0	0	0	0	0	0	0	0	0	0	0	0	0	0	0	0	0	0	0	0	0	0	1	0	0	0	0	0	0	0	0	1	1	0	0	0	0	0	0	0	0	0	0	0	0	0	0	0	0	0	0	0	0	0	0	0	0	0	0	0	0	0	0	0	0	0	0	0	0	0	0	0	0
PbGEM-237310|PbGEM-024851|PBANKA_081090	TCCGAGCAGGC	0	0	0	0	0	0	0	0	0	0	0	0	0	0	0	0	0	0	0	0	0	0	0	1	0	0	0	0	0	0	0	0	0	0	0	0	0	0	0	0	0	0	0	0	0	0	0	0	0	0	0	0	0	0	0	0	0	0	0	0	0	0	0	0	0	0	0	0	0	0	0	0	0	0	0
PbGEM-331491|PBANKA_081110|PbGEM-237372|PbGEM-024883|PbGEM-090742	TCCAGTCTCGG	661	653	0	0	0	195	191	135	135	144	143	162	158	178	176	236	234	148	146	376	374	0	0	0	0	1	1	139	136	0	1	1	0	0	0	0	0	0	0	638	638	0	0	177	173	132	133	114	112	171	167	254	249	221	218	139	136	233	231	0	0	0	0	0	1	1	1	0	0	0	0	0	0	1	0
PBANKA_081180|PbGEM-024995|PbGEM-237576|PbGEM-090791|PbGEM-647339	AGGTAGCACTG	735	717	0	1	1	817	819	857	843	1182	1147	1391	1381	811	804	937	925	1108	1094	1520	1499	0	0	0	0	1	2	140	132	0	1	1	0	0	0	2	1	0	0	696	693	0	0	903	887	920	903	1086	1073	1530	1506	1051	1036	814	792	1027	1015	1113	1092	0	0	2	2	3	3	14	13	1	1	0	1	0	0	1	1
PbGEM-025214|PBANKA_081330|PbGEM-237902	CGGTCTTTTTT	0	1	0	0	0	0	0	0	0	0	0	0	0	0	0	0	0	0	0	0	0	0	0	0	0	0	0	0	0	0	0	0	0	0	0	0	0	0	0	0	0	0	0	0	0	0	0	0	0	0	0	0	0	0	0	0	0	0	0	0	0	0	0	0	0	0	0	0	0	0	0	0	0	0	0
PbGEM-025246|PBANKA_081350|PbGEM-237957	GGGCGTGGTGT	0	0	0	0	0	0	0	0	0	0	0	0	0	0	0	0	0	0	0	0	0	0	0	0	0	0	0	0	0	0	0	0	0	0	0	0	0	0	0	0	0	0	0	0	0	0	0	0	0	0	0	0	0	0	0	0	0	0	0	0	0	0	0	0	0	0	0	1	0	0	0	0	0	0	0
PbGEM-284978|PbGEM-284970|PbGEM-331683|PBANKA_081940|PbGEM-284962	AGAGTTATTGC	1380	1348	0	0	0	793	779	576	565	405	389	382	377	807	791	808	792	466	456	732	709	0	0	0	0	1	1	267	259	0	1	0	0	0	0	0	0	1	0	1334	1323	1	1	822	794	524	508	319	302	452	443	956	924	777	768	433	426	371	365	0	0	0	0	0	0	7	7	0	0	0	0	0	0	0	0
PBANKA_082030|PbGEM-091248|PbGEM-239637|PbGEM-026166|PbGEM-672765	CGGTTTTTTTA	566	555	0	0	0	274	270	278	276	356	353	430	426	256	254	311	307	367	359	146	145	0	0	0	0	0	0	128	130	0	0	0	0	0	0	0	0	0	0	517	516	0	0	294	293	328	323	327	323	218	218	293	292	268	261	352	345	254	255	0	0	1	1	1	1	6	6	1	1	0	0	0	0	0	1
PBANKA_082140|PbGEM-239936|PbGEM-026278	CTTGAGGCGTG	0	0	0	0	0	0	0	0	0	0	0	0	0	0	0	0	0	0	0	0	0	0	0	0	0	0	0	0	0	0	0	0	0	0	0	0	0	0	0	0	0	0	0	0	0	0	0	0	0	0	0	0	0	0	0	0	0	0	0	0	0	0	0	0	0	0	0	0	0	0	0	0	0	0	1
PbGEM-285410|PbGEM-285418|PBANKA_082440	CGGAGATAGTA	1078	1067	0	0	0	907	903	653	650	604	595	303	298	794	782	911	900	507	501	683	677	1	1	1	1	0	0	308	296	0	0	0	0	0	0	0	0	0	0	959	958	0	0	1034	1017	689	684	470	466	458	454	1031	1013	792	780	539	529	333	332	0	0	0	0	3	3	9	9	0	0	1	1	1	0	0	0
PbGEM-285434|PbGEM-331819|PBANKA_082460|PbGEM-285426	CCAGAACTACC	703	718	0	0	0	965	976	1033	1043	1047	1068	1070	1078	884	889	1087	1091	972	978	987	1000	0	0	1	0	0	0	105	104	0	0	1	0	0	0	0	1	2	2	583	601	0	0	950	973	1068	1099	866	885	815	822	1066	1077	962	986	976	992	747	762	1	1	0	0	4	4	15	15	0	1	1	1	0	0	0	0
PbGEM-285634|PbGEM-285626|PbGEM-331827|PbGEM-665397|PBANKA_082640	CCTTTCTTGTC	1235	1241	0	0	0	1407	1416	1059	1071	1523	1533	1094	1099	1384	1384	1479	1466	1263	1264	1348	1345	0	0	3	2	0	0	185	186	0	1	1	0	0	0	1	0	2	3	1158	1162	0	0	1618	1613	1135	1135	1305	1310	1236	1248	1729	1721	1374	1380	1232	1229	1496	1487	0	0	0	0	5	5	24	24	1	3	0	0	0	0	0	0
PbGEM-259708|PBANKA_082750|PbGEM-026953|PbGEM-666501|PbGEM-026961|PbGEM-331867|PbGEM-646711	GGTCCGGTTCG	0	0	0	1193	1162	3	3	2	2	0	0	0	0	0	0	3	1	0	0	1	1	1373	1340	1409	1368	1028	1005	489	473	0	1511	1482	0	1346	1312	651	629	199	193	3	3	1189	1163	4	2	2	3	1	0	1	0	0	1	3	2	0	0	3	2	1470	1422	1815	1774	957	936	721	696	1445	1426	1170	1137	574	558	202	196
PbGEM-285754|PBANKA_082760|PbGEM-534675|PbGEM-586804|PbGEM-666509|PbGEM-285746	CGTCTACCAAG	0	0	0	0	0	0	0	0	0	0	0	0	0	0	0	0	0	0	0	0	0	0	0	0	0	0	0	0	0	0	0	0	0	0	0	0	0	0	0	0	0	0	0	0	0	0	0	0	0	0	0	0	0	0	0	0	0	0	0	0	0	0	0	0	0	0	0	0	0	0	0	0	0	7	6
PbGEM-646256|PbGEM-646248|PbGEM-646264|PBANKA_082800|PbGEM-646702|PbGEM-646693|PbGEM-646232|PbGEM-091835|PbGEM-646676|PbGEM-259748|PbGEM-646723|PbGEM-646240|PbGEM-027041|PbGEM-646007|PbGEM-645999|PbGEM-646675|PbGEM-646015|PbGEM-646677|PbGEM-331891|PbGEM-091843|PbGEM-646678|PbGEM-646023	GCATCATCCCC	1343	1342	0	0	0	171	177	124	124	80	81	41	40	161	160	196	198	87	86	203	199	0	0	0	0	0	0	278	280	0	0	0	0	1	0	0	0	0	0	1212	1217	0	1	203	203	113	112	58	57	84	83	196	193	159	161	73	75	80	81	0	1	0	0	1	0	1	2	0	0	0	0	1	1	0	0
PbGEM-285842|PbGEM-285826|PbGEM-285834|PBANKA_082820	AGAAGGAGGTC	696	678	0	0	0	473	465	529	520	543	531	441	435	434	432	570	560	527	512	335	326	0	0	0	0	0	0	169	165	0	0	0	0	0	0	0	0	1	1	681	670	0	0	567	552	551	535	533	524	350	348	580	566	480	473	524	518	308	304	1	1	1	1	0	0	11	12	1	0	1	1	0	0	0	0
PbGEM-259788|PbGEM-027123|PbGEM-675285|PBANKA_082860	GGCGCGGGGAT	0	0	0	0	0	0	0	0	0	0	0	0	0	0	0	0	0	0	0	0	0	0	0	0	0	0	0	0	0	0	0	0	0	0	0	0	0	0	0	0	0	0	0	0	0	0	0	0	0	0	0	0	0	0	0	0	0	0	0	0	0	0	0	0	0	1	0	0	0	0	0	0	0	0	0
PBANKA_083180|PbGEM-286250|PbGEM-286242|PbGEM-286234	CAAGGCAATGT	1563	1540	0	0	0	524	521	569	557	386	382	207	207	461	456	536	527	381	374	570	557	1	1	0	0	0	0	230	226	0	0	0	0	1	1	1	0	0	0	1441	1423	0	0	618	610	609	594	345	342	324	322	668	655	543	535	360	355	363	357	0	0	2	2	2	2	4	4	0	0	0	0	0	0	0	0
PBANKA_083240|PbGEM-286338|PbGEM-286322|PbGEM-286330	GACCTTTGCAG	405	409	0	0	0	363	363	353	354	387	385	250	244	315	312	400	397	335	330	497	486	0	0	0	0	0	0	10	9	0	0	0	0	1	0	0	0	1	0	382	384	0	0	385	380	401	394	370	376	413	408	386	379	355	355	444	439	367	358	0	0	0	0	0	0	2	2	0	0	1	1	0	0	0	0
PBANKA_083250|PbGEM-286362|PbGEM-286346|PbGEM-286354	GCTGTCGCGTA	1197	1176	0	0	0	1026	1014	1080	1060	1108	1081	700	694	871	856	1062	1052	1109	1080	1207	1189	1	1	0	0	1	1	221	215	0	0	0	0	0	0	0	1	1	0	1139	1125	0	1	1032	1006	1199	1177	898	887	843	836	1220	1197	1000	978	1032	1016	673	660	0	0	0	1	2	2	11	10	1	1	0	0	0	1	0	0
PbGEM-264156|PBANKA_083460|PbGEM-260252|PbGEM-092278|PbGEM-027995	TTTCCAGCTAA	1408	1406	0	0	0	1562	1557	1675	1655	1840	1823	1161	1151	1541	1534	1942	1911	1712	1697	1458	1446	1	0	1	1	1	1	214	204	0	3	3	0	0	0	1	1	1	1	1320	1322	2	2	1760	1746	1712	1684	1619	1610	1131	1123	1995	1979	1777	1763	1627	1625	1103	1086	2	2	1	1	7	7	22	21	0	0	0	0	0	0	2	2
PBANKA_083580|PbGEM-028152	CGCGGTATTGC	0	0	0	0	0	0	0	0	0	0	0	0	0	0	0	0	0	0	0	0	0	0	0	0	0	0	0	0	0	0	0	0	0	0	0	0	0	0	0	0	0	0	0	0	2	0	0	0	0	0	0	0	0	0	0	0	0	0	0	0	0	0	0	0	0	0	0	0	0	0	0	0	0	0	0
PBANKA_090060|PbGEM-676381	CAGCGAAGGAA	0	0	0	0	0	0	0	0	0	0	1	0	0	0	0	0	0	0	0	0	0	0	0	0	0	0	0	0	0	0	0	0	0	0	0	0	0	0	0	0	0	0	0	0	0	0	0	0	0	0	0	0	0	0	0	0	0	0	0	0	0	0	0	0	0	0	0	0	0	0	0	0	0	0	0
PbGEM-287282|PbGEM-287274|PBANKA_090270|PbGEM-287290	CCGAGGGCACC	1367	1375	0	2	2	3489	3472	3447	3449	5622	5601	2186	2174	3215	3204	3895	3865	4254	4242	2698	2680	1	1	0	1	0	0	217	215	0	3	2	0	0	0	0	0	2	2	1330	1330	1	0	3513	3487	3611	3586	4980	4973	2089	2080	4100	4072	3408	3390	3923	3908	1834	1835	2	2	1	3	15	13	64	62	0	0	0	0	0	1	2	2
PbGEM-287434|PbGEM-332307|PbGEM-668253|PbGEM-287426|PBANKA_090430	CTCCAATCAGC	0	0	0	1220	1216	0	0	0	0	0	0	0	0	0	0	0	0	0	0	0	0	19	19	35	35	52	53	97	98	0	20	20	0	32	30	31	32	118	115	0	0	1187	1170	0	0	0	0	0	0	0	0	1	0	0	0	0	0	0	0	20	20	43	43	33	33	107	105	21	21	19	18	43	42	84	85
PbGEM-287442|PbGEM-287450|PBANKA_090440|PbGEM-332315|PbGEM-647395	ATGGTCCTAGC	0	0	0	1287	1263	0	0	1	0	0	0	0	0	0	1	0	0	0	0	0	0	101	100	110	108	96	99	412	405	0	92	92	0	106	105	117	117	199	195	1	1	1292	1264	0	0	0	0	0	0	0	0	0	0	0	0	1	1	0	0	91	90	144	144	127	126	335	322	83	82	102	100	91	88	171	168
PbGEM-287482|PbGEM-287474|PbGEM-647411|PBANKA_090460	CCTTGAGTGAC	594	595	0	0	0	684	686	764	756	907	902	642	636	686	693	923	917	837	837	396	393	0	0	0	0	0	0	94	89	0	0	0	0	0	0	1	0	0	0	595	598	0	0	830	822	780	780	770	768	353	351	915	906	735	727	884	878	711	709	0	0	1	0	3	3	10	10	1	1	0	0	0	0	1	1
PbGEM-287546|PbGEM-287554|PBANKA_090510|PbGEM-287562	AGCATACACTT	109	113	0	0	0	284	286	222	225	357	353	558	559	274	276	317	319	283	281	764	772	0	0	0	0	0	0	27	27	0	0	0	0	0	0	0	0	0	0	109	109	0	0	287	288	231	231	273	278	457	455	327	321	270	272	250	254	541	540	0	0	0	0	1	1	8	10	0	0	0	0	0	0	0	0
PbGEM-028988|PbGEM-092809|PBANKA_090520|PbGEM-260748	GGTTTGTTTCC	0	0	0	0	0	0	0	0	0	0	0	0	0	0	0	0	0	0	0	0	0	0	0	1	0	0	0	0	0	0	0	0	0	0	0	0	0	0	0	0	0	0	0	0	0	0	0	0	0	0	0	0	0	0	0	0	0	0	0	0	0	0	0	0	0	0	0	0	0	0	0	0	0	0	0
PBANKA_090720|PbGEM-287842|PbGEM-587004|PbGEM-287834|PbGEM-534835|PbGEM-667557	TAAAATTCAAC	0	0	0	0	0	0	0	0	0	0	0	0	0	0	0	0	0	0	0	0	0	0	0	0	0	0	0	0	0	0	0	0	0	1	1	0	0	0	0	0	0	0	0	0	0	0	0	0	0	0	0	0	0	0	0	0	0	0	0	0	0	0	0	0	0	0	0	0	0	0	0	0	0	0	0
PbGEM-673469|PbGEM-332387|PbGEM-288034|PBANKA_090830|PbGEM-288026|PbGEM-587020|PbGEM-288042	GTCTTTGCTTC	0	0	0	0	0	0	0	0	0	0	0	0	0	0	0	0	0	0	0	0	0	2	2	0	0	0	0	0	0	0	0	0	0	0	0	0	0	0	0	0	0	0	0	0	0	0	0	0	0	0	0	0	0	0	0	0	0	0	0	0	0	0	0	0	0	0	0	0	0	0	0	0	0	0	0
PbGEM-029396|PbGEM-332395|PbGEM-237320|PBANKA_090850|PbGEM-665693|PbGEM-029404	AGCGACGTAGC	1331	1309	0	0	0	283	280	317	305	479	469	561	558	255	255	332	324	365	363	292	278	1	1	0	0	0	0	261	256	0	0	0	0	0	0	1	1	0	0	1265	1250	0	0	308	300	338	335	468	460	501	495	314	311	295	293	326	325	216	213	0	0	0	0	4	4	8	8	0	0	1	1	0	0	1	0
PbGEM-288226|PbGEM-288218|PBANKA_091010|PbGEM-288210	TCTGAGCACTG	0	0	0	645	635	0	0	0	0	0	0	0	0	0	0	0	0	0	0	0	0	23	22	36	36	36	36	11	11	0	44	41	0	24	25	14	14	1	1	0	0	630	619	0	0	0	0	0	0	0	0	0	0	0	0	0	0	0	0	41	41	35	37	29	30	8	8	31	30	31	30	11	11	7	7
PbGEM-332531|PBANKA_091270|PbGEM-093197|PbGEM-342196|PbGEM-264660|PbGEM-666909|PbGEM-238284|PbGEM-030052	CTCGCAGCAAA	0	0	0	0	0	0	0	0	0	0	0	0	0	0	0	0	0	0	0	0	0	0	0	0	0	0	0	0	0	0	0	0	0	0	0	0	0	0	0	0	0	0	0	0	0	0	0	0	0	0	0	0	0	0	0	0	0	0	0	0	0	0	0	0	0	0	0	1	0	0	0	0	0	0	0
PbGEM-288578|PbGEM-647435|PbGEM-288570|PBANKA_091280	CATTGGGTCAA	2	1	0	1197	1183	0	0	2	2	0	0	0	0	0	0	1	1	0	0	2	2	829	819	1191	1173	1699	1678	660	643	0	640	631	0	1207	1191	1530	1508	1034	1025	0	0	1252	1236	1	1	1	0	1	0	0	1	0	0	0	0	0	0	0	0	748	741	1645	1622	1561	1535	809	796	712	707	1142	1121	1265	1242	756	748
PbGEM-288594|PBANKA_091300|PbGEM-288586	TTCACTGCATG	601	599	0	0	0	191	191	178	176	351	351	530	528	159	162	233	232	196	193	223	222	0	0	0	0	0	0	128	130	0	0	0	0	0	0	0	0	1	1	577	569	0	0	154	152	173	167	314	319	306	306	173	173	147	147	262	261	324	323	0	0	0	0	1	1	4	4	0	0	0	0	0	0	0	0
PbGEM-031085|PbGEM-240478|PBANKA_092160	ACCGCAGTCCC	3446	3415	0	3	4	4767	4735	5059	5005	7024	6972	4034	4017	4422	4388	5271	5209	5733	5680	4891	4843	4	4	3	1	2	1	767	757	0	2	2	0	2	2	2	2	1	2	3120	3108	1	1	4867	4815	5538	5487	6330	6308	4702	4687	5724	5678	4705	4664	5196	5183	3443	3423	2	2	3	3	13	13	94	90	1	3	2	2	0	2	1	1
PbGEM-290600|PbGEM-672285|PbGEM-332923|PbGEM-290608|PBANKA_092890	ATCACGACACC	2	2	0	990	992	0	0	0	0	0	0	0	0	0	0	0	0	0	0	0	0	99	98	119	119	90	94	32	33	0	150	149	0	124	125	65	64	45	45	0	0	991	999	0	0	0	0	0	0	0	0	0	0	0	0	0	0	0	0	107	106	159	157	79	84	2	2	149	150	127	124	53	54	18	20
PBANKA_092930|PbGEM-290648|PbGEM-290656	AAAAAGGTATA	685	656	0	1	1	1048	1015	1117	1070	1168	1133	1538	1516	941	914	1284	1256	1133	1103	1304	1268	0	0	1	0	0	0	104	102	0	1	1	0	0	0	1	0	1	1	706	675	3	3	1140	1090	1141	1099	1063	1042	2064	2011	1145	1116	1049	1021	1131	1092	1368	1323	3	3	0	0	2	2	16	11	0	0	1	1	0	0	0	1
PBANKA_093080|PbGEM-032387|PbGEM-238983|PbGEM-032395	TCTCGGGCCAT	645	632	0	0	0	893	881	841	823	651	644	405	396	776	761	879	871	572	561	262	260	0	0	0	0	0	0	117	115	0	0	1	0	0	0	1	1	0	0	644	641	1	1	852	840	896	884	547	542	566	559	840	828	832	828	548	548	421	412	2	0	1	1	2	2	9	9	0	0	0	0	0	0	0	0
PbGEM-239595|PbGEM-032706|PbGEM-645629|PBANKA_093290|PbGEM-032714|PbGEM-645697	TTCGGGATACG	0	0	0	0	0	0	0	0	0	0	0	0	0	0	0	0	0	0	0	0	0	0	0	0	0	0	0	0	0	0	0	0	0	0	0	0	0	0	0	0	0	0	0	0	0	0	0	0	0	38	38	0	0	0	0	0	0	0	0	0	0	0	0	0	0	0	0	0	0	0	0	0	1	0	0
PBANKA_093360|PbGEM-291184|PbGEM-291192|PbGEM-291200	TGAAGTGAACC	751	749	0	1	1	1594	1593	1521	1512	1373	1379	847	834	1584	1581	1877	1856	1434	1421	1787	1768	0	0	1	1	0	0	63	60	0	0	0	0	0	0	1	0	0	0	696	682	1	1	1597	1586	1659	1657	1419	1405	1305	1294	1926	1917	1581	1570	1299	1293	1364	1340	2	1	0	1	6	5	20	20	0	0	0	0	1	1	0	0
PbGEM-239850|PbGEM-646718|PbGEM-032842|PbGEM-112363|PbGEM-111778|PBANKA_093370	GAGTAGATCTG	693	684	0	1	1	761	753	602	584	881	864	441	439	753	738	773	760	805	786	573	568	0	0	1	2	0	0	146	143	0	0	0	0	0	0	0	1	1	1	606	595	2	1	816	798	668	646	833	809	295	291	979	957	694	681	714	705	329	322	0	0	0	0	1	1	7	7	0	0	0	0	0	0	0	0
PBANKA_093380|PbGEM-291216|PbGEM-667573|PbGEM-291208	TACATATTGCT	870	862	0	0	0	794	786	718	713	1054	1053	1554	1555	772	764	897	892	855	846	1358	1349	0	0	0	0	1	1	221	217	0	2	1	0	1	1	0	0	1	2	809	808	0	0	858	848	770	762	982	975	1437	1431	936	923	834	831	847	841	978	969	0	0	0	0	5	5	26	26	1	1	0	0	0	0	0	1
PbGEM-535091|PBANKA_093460|PbGEM-291360|PbGEM-291352|PbGEM-666333|PbGEM-333075|PbGEM-587276	CCTCCGTAGTC	0	0	0	0	0	0	0	0	0	0	0	0	0	0	0	0	0	0	0	0	0	0	0	0	0	0	0	0	0	0	0	0	0	0	0	0	0	0	0	0	0	0	0	0	0	0	0	0	0	0	0	0	0	0	0	0	0	0	0	0	0	0	0	0	0	1	0	0	0	0	0	0	0	0	0
PbGEM-291872|PbGEM-291880|PBANKA_093890	ATCTTTTATGT	1	1	0	2152	2132	0	0	1	2	0	0	0	0	0	0	2	1	1	1	3	3	1357	1345	1610	1596	1265	1256	951	946	0	1812	1792	0	1760	1746	1063	1053	271	264	4	2	2157	2131	0	0	1	1	1	0	2	2	0	0	1	0	1	1	0	0	1460	1446	1921	1900	1313	1303	708	693	1859	1849	1659	1636	868	864	275	274
PbGEM-646986|PbGEM-033733|PbGEM-241232|PbGEM-199176|PbGEM-342364|PBANKA_094010|PbGEM-033741|PbGEM-333211	AAAGCTAACCG	782	775	0	0	0	776	769	596	589	1127	1116	860	852	782	770	807	801	875	866	830	820	0	0	0	0	0	1	180	176	0	1	1	0	0	0	1	0	0	0	642	632	1	1	774	770	625	615	1080	1068	580	573	1041	1026	768	756	838	838	1063	1053	0	0	0	0	0	0	9	10	0	1	0	0	0	0	0	0
PBANKA_094020|PbGEM-033757|PbGEM-241251	CGAATCATTGT	1335	1323	0	0	0	570	561	481	478	460	451	562	560	550	541	674	665	603	599	511	511	0	0	0	0	1	1	133	131	0	0	0	0	0	0	0	0	0	0	1237	1232	0	0	641	625	512	504	435	429	502	499	761	744	562	556	485	486	916	897	0	0	1	2	0	0	10	9	1	1	0	0	0	0	0	0
PbGEM-667629|PBANKA_094230|PbGEM-241876	ATATCCGTTAG	1028	1019	0	0	0	395	392	432	431	696	693	120	119	398	387	501	492	552	547	405	403	0	0	0	0	0	0	160	159	0	0	0	0	0	0	0	0	1	1	918	911	1	1	458	447	463	452	641	641	194	191	522	519	393	390	529	522	236	234	1	1	0	0	3	3	10	10	0	0	0	0	0	0	0	0
PbGEM-670549|PbGEM-034187|PbGEM-333307|PbGEM-242212|PBANKA_094350|PbGEM-095209	GATGCGAAAAA	0	0	0	0	0	0	0	0	1	0	0	0	0	0	0	0	0	0	0	0	0	0	0	0	0	0	0	0	0	0	0	0	0	0	0	0	0	0	0	0	0	0	0	0	0	0	0	0	0	0	0	0	0	0	0	0	0	0	0	0	0	0	0	0	0	0	0	0	0	0	0	0	0	0	0
PbGEM-292840|PbGEM-292832|PbGEM-535275|PBANKA_100290|PbGEM-341563	ATCGAGTCGAC	0	0	0	0	0	0	0	0	0	0	0	0	0	0	0	0	0	0	0	0	0	0	0	0	0	0	0	0	0	0	0	0	0	0	0	0	0	0	0	1	1	0	0	0	0	0	0	0	0	0	0	0	0	0	0	0	0	0	0	0	0	0	0	0	0	0	0	0	0	0	0	0	0	0	0
PbGEM-293384|PBANKA_100610|PbGEM-669413|PbGEM-293400|PbGEM-293392	CAACCGAAGTG	0	0	0	1370	1342	0	0	0	0	0	0	0	0	0	0	0	0	0	0	0	0	71	70	92	88	63	62	73	71	0	72	70	0	97	96	56	54	7	8	0	0	1296	1274	0	0	0	0	0	0	0	0	0	0	0	0	0	0	0	0	76	76	138	133	68	68	63	65	57	58	84	81	48	46	20	19
PbGEM-333635|PbGEM-293776|PbGEM-293760|PbGEM-293768|PBANKA_100890	TAAGAGATCAG	0	0	0	0	0	0	0	0	0	0	0	0	0	0	0	0	0	0	0	0	0	0	0	0	0	0	0	0	0	0	0	0	0	0	0	0	0	0	0	0	0	0	0	0	0	0	0	0	0	0	0	0	0	0	0	0	0	0	0	0	0	0	0	0	0	0	0	0	0	0	0	0	0	5	5
PBANKA_100970|PbGEM-293896|PbGEM-293888	CAAACACGGTA	0	0	0	1894	1906	0	1	0	0	0	0	0	0	0	0	1	1	0	0	0	0	233	231	271	271	316	317	616	607	0	282	283	0	283	280	307	306	267	269	1	1	1937	1920	0	1	0	0	2	2	0	0	0	0	0	0	0	0	1	1	253	259	384	381	269	266	358	357	296	296	271	268	261	260	377	375
PbGEM-293968|PbGEM-654389|PbGEM-293960|PBANKA_101070|PbGEM-333715|PbGEM-293976|PbGEM-651165	TCTGGGCGGGG	0	0	0	0	0	0	0	0	0	0	0	0	0	0	0	0	0	0	0	0	0	0	0	0	0	0	0	0	0	0	0	0	0	0	0	0	0	0	0	0	0	0	0	0	0	0	0	0	0	0	0	0	0	0	0	0	0	0	0	0	0	0	0	0	0	0	0	0	0	0	0	0	0	15	15
PbGEM-333763|PbGEM-294264|PbGEM-294256|PbGEM-294248|PBANKA_101240|PbGEM-674037|PbGEM-535371	ATCCATGTCGG	0	0	0	1114	1099	0	0	1	0	0	0	0	0	1	0	2	2	0	0	0	0	285	278	358	351	332	323	135	134	0	407	403	0	371	365	305	302	177	170	1	1	1033	1025	0	0	0	0	0	0	0	0	0	0	1	0	1	1	0	0	344	339	436	436	289	280	256	249	428	413	326	323	216	211	362	352
PBANKA_101430|PbGEM-036378|PbGEM-263044	CCCAGAGCAAT	0	0	0	0	0	0	0	0	0	0	1	0	0	0	0	0	0	0	0	0	0	0	0	0	0	0	0	0	0	0	0	0	0	0	0	0	0	0	0	0	0	0	0	0	0	0	0	0	0	0	0	0	0	0	0	0	0	0	0	0	0	0	0	0	0	0	0	0	0	0	0	0	0	0	0
PbGEM-263108|PbGEM-036515|PbGEM-669125|PBANKA_101520	ATATGAGAGGT	0	0	0	1080	1056	1	0	1	0	0	0	1	1	1	1	0	0	0	0	0	0	303	300	327	312	213	213	59	58	0	394	380	0	351	344	174	168	58	55	0	0	1012	995	0	0	0	0	0	0	0	0	1	0	0	0	1	1	0	0	338	332	380	370	205	202	79	77	388	375	315	310	111	105	60	59
PBANKA_101650|PbGEM-294656|PbGEM-675597|PbGEM-294664	GGCCGGGCCCA	2	2	0	2876	2845	1	1	0	0	0	0	0	0	0	0	0	0	0	0	1	1	48	48	54	54	34	32	13	13	0	39	40	0	59	59	47	46	26	25	1	1	3183	3141	1	0	0	0	0	0	0	0	1	1	0	0	0	0	0	0	37	35	70	69	35	36	28	25	47	46	43	40	43	41	51	49
PbGEM-036911|PbGEM-096550|PbGEM-036919|PbGEM-263300|PBANKA_101800	GCCCGGTACTC	0	0	0	1193	1190	0	0	3	3	0	0	0	0	0	0	0	0	3	1	1	1	143	142	180	175	243	241	467	460	0	189	189	0	183	177	261	256	535	529	1	1	1088	1094	0	0	0	0	0	0	0	0	0	0	0	0	1	1	0	0	165	163	267	267	193	188	285	283	153	153	165	161	240	238	537	530
PbGEM-096577|PbGEM-263324|PBANKA_101830|PbGEM-096569	CCGCTTGTACA	851	847	0	0	0	299	296	247	242	245	241	136	140	245	238	284	282	160	157	81	81	0	0	0	0	0	0	164	165	0	0	0	0	0	0	0	0	0	0	868	864	0	0	258	253	212	206	234	230	151	149	235	226	222	221	240	239	159	155	0	0	0	0	0	0	0	1	1	1	1	1	0	0	1	0
PbGEM-294886|PbGEM-294878|PBANKA_101840|PbGEM-294894	CCTCGCCGGCA	0	1	0	940	930	1	3	0	0	2	2	1	1	0	0	1	1	1	1	2	1	1719	1696	1864	1850	1368	1353	735	722	0	1742	1732	0	1579	1564	1009	1009	286	286	1	1	889	877	1	0	1	1	0	0	2	2	0	1	0	0	3	4	2	1	1851	1835	2519	2499	1377	1370	642	642	1644	1643	1555	1532	874	860	312	305
PbGEM-294974|PbGEM-294982|PBANKA_101900	CAGTTAACGCG	538	532	0	0	0	944	920	996	974	1686	1650	642	637	931	915	985	973	1265	1246	513	500	1	0	1	0	0	0	101	97	0	0	0	0	0	0	1	2	1	0	483	476	1	1	996	972	1092	1069	1368	1346	471	462	1070	1051	960	933	1141	1126	487	477	1	1	0	0	1	1	18	17	0	1	0	0	0	0	0	0
PbGEM-677261|PbGEM-295302|PbGEM-295294|PbGEM-334043|PBANKA_102160	TGTCTGCGCAG	0	0	0	0	0	0	0	0	0	0	0	0	0	0	0	0	0	0	0	0	0	0	0	0	0	0	0	0	0	0	0	0	0	1	1	0	0	0	0	0	0	0	0	0	0	0	0	0	0	0	0	0	0	0	0	0	0	0	0	0	0	0	0	0	0	0	0	0	0	0	0	0	0	0	0
PbGEM-295718|PbGEM-295702|PbGEM-295710|PBANKA_102460|PbGEM-334115	CGAGTATGCTT	601	594	0	235	238	182	182	138	137	192	190	407	405	172	168	166	166	169	163	465	451	682	670	753	737	761	737	750	730	0	695	688	0	687	679	943	932	1119	1100	557	551	281	271	166	160	169	165	167	161	321	313	197	194	185	178	167	162	482	474	723	717	973	950	766	753	422	413	648	631	605	599	812	798	856	844
PBANKA_102820|PbGEM-241140	CTCTCGAATAC	0	0	0	0	0	0	0	0	0	0	1	0	0	0	0	0	0	0	0	0	0	0	1	0	1	0	0	0	0	0	0	0	0	0	0	0	1	0	0	0	0	0	0	0	1	0	0	0	0	0	0	0	0	0	0	0	0	0	0	0	0	0	1	0	1	0	0	0	0	0	0	0	1	0	0
PbGEM-038637|PbGEM-097333|PBANKA_103010|PbGEM-241608	CGCTCACTGGT	614	611	0	1	1	765	764	646	640	579	570	222	219	664	660	831	823	530	524	409	409	0	0	1	0	0	0	69	66	0	0	1	0	0	0	0	0	0	0	526	529	0	0	782	770	688	679	440	439	273	270	829	824	712	710	518	526	406	404	0	1	0	0	1	1	16	14	0	0	0	0	1	1	1	1
PbGEM-334315|PbGEM-296398|PBANKA_103040|PbGEM-647595|PbGEM-296406	AAGATGGGAAA	682	674	0	0	0	579	578	628	616	895	888	402	395	579	573	732	720	760	748	553	547	0	0	1	0	0	0	105	105	0	0	0	0	1	1	1	0	2	3	647	650	0	0	701	686	651	640	764	758	433	431	806	788	618	610	731	714	492	493	0	0	0	0	3	2	12	12	2	1	0	0	0	0	0	0
PBANKA_103080|PbGEM-296462|PbGEM-296470	CCTTAGGAATG	1	2	0	669	663	2	2	2	1	1	2	0	0	0	1	1	1	2	1	4	1	2196	2162	2233	2212	2112	2097	1465	1443	0	2196	2165	0	2177	2131	1929	1907	1147	1136	1	0	722	716	3	2	0	0	0	0	0	0	1	0	2	1	3	1	2	2	2336	2310	2835	2796	2139	2114	1215	1200	2126	2110	1831	1800	1440	1417	815	797
PbGEM-296550|PbGEM-296558|PBANKA_103150	CTTTACGGAAG	335	329	0	0	0	56	54	54	53	106	105	153	151	55	55	54	55	62	61	61	58	0	0	0	0	0	0	32	30	0	1	0	0	0	0	1	1	0	0	317	312	0	0	68	67	58	58	104	103	127	127	75	72	52	52	65	64	136	136	0	0	0	0	0	0	0	0	0	0	0	0	0	0	0	0
PbGEM-672317|PbGEM-039214|PBANKA_103410|PbGEM-242674	AGGGAATGTCG	0	2	0	1230	1208	1	0	4	3	4	2	0	0	5	4	3	2	3	3	2	2	1602	1594	2393	2331	3490	3439	3133	3065	0	1773	1742	0	2200	2172	2813	2756	3716	3668	2	1	1178	1149	2	0	4	4	1	1	2	2	1	1	0	1	3	3	5	4	1836	1812	2954	2899	3562	3495	4277	4217	1824	1787	2001	1968	2268	2226	3753	3703
PbGEM-646501|PbGEM-334459|PbGEM-645886|PbGEM-226437|PbGEM-242723|PbGEM-528328|PbGEM-528187|PBANKA_103430|PbGEM-039246|PbGEM-646667|PbGEM-528469	CCATAGTCTGG	0	0	0	2139	2105	1	0	3	3	2	2	0	0	1	1	1	1	1	1	0	0	539	532	533	517	754	746	586	574	0	552	547	0	509	498	570	561	550	546	1	0	2232	2210	0	0	0	0	0	0	2	2	1	1	0	0	1	1	0	0	570	562	686	677	750	741	528	520	518	510	495	478	481	474	652	641
PbGEM-039262|PbGEM-039254|PbGEM-527259|PbGEM-242747|PBANKA_103440|PbGEM-527722|PbGEM-527267	CGGAGTACGTT	0	0	0	0	0	0	0	0	0	0	0	0	0	0	0	0	0	0	0	0	0	1	1	0	0	0	0	0	0	0	0	0	0	0	0	0	0	0	0	0	0	0	0	0	0	0	0	0	0	0	0	0	0	0	0	0	0	0	0	0	0	0	0	0	0	0	0	0	0	0	0	0	0	0	0
PBANKA_103480|PbGEM-296966|PbGEM-647603|PbGEM-334475|PbGEM-296974	AGGTCGTAAGA	533	530	0	1	0	655	645	795	774	1342	1315	1206	1186	550	542	624	615	902	883	1064	1036	2	2	0	0	1	1	118	110	0	1	1	0	1	0	0	0	0	0	578	566	1	1	710	698	838	825	1304	1277	1472	1440	675	663	642	629	841	819	597	586	0	0	0	0	3	3	16	15	0	0	0	0	1	1	0	0
PbGEM-645872|PbGEM-646487|PbGEM-646653|PbGEM-297310|PbGEM-334547|PbGEM-528455|PbGEM-297286|PbGEM-528173|PbGEM-297294|PbGEM-528314|PBANKA_103750|PbGEM-297302	AGATCTAATTC	0	0	0	0	0	0	1	0	0	0	0	0	0	0	0	0	0	0	0	0	0	0	0	0	0	0	0	0	0	0	0	0	0	0	0	0	0	0	0	0	0	0	0	0	0	0	0	0	0	0	0	0	0	0	0	0	0	0	0	0	0	0	0	0	0	0	0	0	0	0	0	0	0	0	0
PbGEM-243448|PbGEM-097812|PBANKA_103760|PbGEM-039725	ACTGAAGAAGG	1	1	0	3815	3748	2	1	2	1	0	0	2	2	0	0	2	1	2	2	4	3	858	847	1252	1231	1773	1745	3715	3619	0	841	819	0	1023	1001	1175	1165	2142	2110	3	3	3448	3395	0	0	0	0	0	0	0	0	4	4	0	0	3	3	2	2	899	880	1561	1526	1534	1511	4022	3940	878	857	950	926	962	948	2117	2092
PbGEM-097830|PbGEM-538699|PbGEM-527714|PBANKA_103780|PbGEM-243516|PbGEM-039757|PbGEM-097822|PbGEM-467284	ACACGACAAGC	0	0	0	0	0	0	0	0	0	0	0	0	0	0	0	0	0	0	0	0	0	0	0	0	0	0	0	0	0	0	0	0	0	0	0	0	0	0	0	0	0	0	0	0	0	0	0	0	0	0	0	0	0	0	0	0	0	0	0	0	0	0	0	0	0	0	0	0	0	2	2	0	0	0	0
PbGEM-243650|PBANKA_103820|PbGEM-039813|PbGEM-039821|PbGEM-342532	GTGCCGGAGTG	1505	1466	0	0	0	350	342	364	353	452	443	320	312	296	293	376	366	413	402	560	550	1	1	0	0	0	0	336	326	0	0	0	0	2	2	0	0	1	1	1484	1455	0	0	360	350	375	355	371	363	247	238	386	371	392	385	364	349	527	516	1	0	1	1	2	2	9	7	0	0	0	0	0	0	0	0
PbGEM-647627|PBANKA_103850|PbGEM-297446|PbGEM-297438	TTTAATTACGT	0	0	0	0	0	0	0	0	0	0	0	0	0	0	0	1	1	0	0	0	0	0	0	0	0	0	0	0	0	0	0	0	0	0	0	0	0	0	0	0	0	0	0	1	1	1	1	0	0	26	26	1	1	0	0	0	0	0	0	0	0	0	0	0	0	0	0	0	0	0	0	0	0	0	0
PBANKA_103870|PbGEM-297470|PbGEM-334571	TACTGCCCTAC	517	534	0	1	1	654	675	716	731	569	587	211	213	672	684	739	747	409	413	349	353	0	0	0	0	0	1	89	89	0	1	1	0	0	1	0	0	0	0	482	502	0	0	718	722	704	716	503	517	268	280	689	700	623	631	440	448	231	235	0	0	0	1	4	5	6	6	0	0	0	0	0	0	0	1
PbGEM-334611|PbGEM-297638|PbGEM-297622|PbGEM-297630|PBANKA_104000	TGACGGGGCTC	46	46	0	0	0	192	188	219	219	112	110	55	55	206	204	237	234	117	114	100	103	0	0	0	0	0	0	6	6	0	0	0	0	0	0	0	0	0	0	59	62	0	0	200	203	277	279	141	140	90	88	323	318	257	250	95	91	34	34	0	0	0	0	0	0	0	0	0	0	0	0	0	0	0	0
PbGEM-456543|PbGEM-040069|PbGEM-040061|PbGEM-456534|PbGEM-456539|PbGEM-342540|PbGEM-456541|PbGEM-449388|PBANKA_104010|PbGEM-244180|PbGEM-456537|PbGEM-449396|PbGEM-334619|PbGEM-456536|PbGEM-449380|PbGEM-449372	CACCAAAGTCC	1	1	0	1442	1432	0	0	0	0	0	0	0	0	0	0	0	0	1	0	0	0	0	0	3	3	0	0	1	1	0	1	0	0	4	4	0	0	0	0	0	0	1416	1397	0	0	0	0	0	0	0	0	0	0	1	0	1	0	0	0	1	1	1	1	0	0	0	0	0	0	2	2	0	0	0	0
PbGEM-297885|PbGEM-297877|PbGEM-334667|PBANKA_110150	GTACCAGTCGA	731	715	0	0	0	1130	1116	1198	1182	787	776	419	416	965	943	1206	1196	837	815	761	755	0	0	0	0	0	0	227	226	0	0	0	0	0	0	0	0	2	2	647	641	0	0	1181	1144	1199	1178	750	744	350	349	1235	1209	965	949	701	703	536	538	1	1	0	0	6	6	10	9	1	1	0	0	0	0	1	2
PBANKA_110230|PbGEM-298021|PbGEM-298013|PbGEM-334675	CCTACGGCATA	987	990	0	1	1	423	417	445	440	613	612	334	335	379	377	490	483	455	456	633	622	0	0	0	0	0	0	154	149	0	0	0	0	0	0	0	0	1	1	899	896	0	0	409	403	456	458	518	518	361	364	518	512	457	449	427	430	285	291	0	0	0	0	1	1	3	2	0	0	0	0	1	0	0	0
PbGEM-298085|PbGEM-298093|PbGEM-655205|PbGEM-587916|PbGEM-653629|PBANKA_110270|PbGEM-334691	CTCGAGGGATG	0	0	0	0	0	0	0	0	0	0	0	0	0	0	0	0	0	0	0	0	0	0	0	0	0	0	0	0	0	0	0	0	0	0	0	0	0	0	0	0	0	0	0	0	0	0	0	0	0	0	0	0	1	0	0	0	0	0	0	0	0	0	0	0	0	0	0	0	0	0	0	0	0	0	0
PbGEM-098363|PbGEM-040681|PbGEM-645848|PbGEM-334787|PBANKA_110480|PbGEM-245297|PbGEM-646629|PbGEM-646463|PbGEM-646938|PbGEM-528294|PbGEM-528435|PbGEM-528153	TTAGCAGGCCG	588	579	0	0	0	782	784	537	525	478	469	283	283	667	658	819	808	473	472	433	422	1	1	0	0	1	0	48	47	0	0	0	0	0	0	0	0	1	1	520	510	0	0	750	742	611	596	374	370	174	171	871	853	758	738	443	432	310	306	0	0	1	1	2	2	13	12	0	0	0	0	0	0	0	0
PBANKA_110510|PbGEM-098382|PbGEM-040729|PbGEM-098390|PbGEM-245374	CTACTCTGATG	0	0	0	0	0	0	0	0	0	0	0	0	0	0	1	0	0	0	0	0	0	0	0	0	0	0	0	0	0	0	0	0	0	0	0	0	0	0	0	0	0	0	0	0	0	0	0	0	0	0	0	0	0	0	0	0	0	0	0	0	0	0	0	0	0	0	0	0	0	0	0	0	0	0	0
PbGEM-298789|PBANKA_110820|PbGEM-334907|PbGEM-298781	GGGTGAGACCA	517	505	0	0	0	297	293	237	233	266	261	357	347	280	276	303	294	243	237	213	206	0	0	0	0	1	1	152	150	0	0	0	0	0	0	0	0	1	0	476	467	0	1	287	275	241	237	229	227	271	265	408	398	263	264	213	207	157	148	0	0	0	0	0	0	8	8	0	0	0	0	0	0	1	0
PbGEM-298829|PbGEM-647651|PbGEM-298837|PBANKA_110880	CTTGATTCAAC	1053	1043	0	0	0	934	933	915	904	828	825	698	698	977	975	1177	1179	567	565	836	833	0	0	0	0	1	1	239	242	0	0	0	0	0	0	0	1	0	0	1065	1075	2	2	1047	1039	858	861	809	808	783	789	975	967	921	912	839	839	679	689	0	0	1	0	1	1	15	14	0	0	0	0	0	0	0	0
PBANKA_110960|PbGEM-298933|PbGEM-334955|PbGEM-298925	CTCTGTATGTC	1100	1088	0	0	0	610	601	561	546	762	756	747	738	539	528	621	615	537	527	144	142	0	0	1	0	0	0	69	70	0	0	0	0	0	0	0	0	1	1	1071	1063	0	0	512	512	618	605	639	639	474	467	599	597	470	463	587	584	316	312	0	0	0	0	0	0	6	6	0	0	0	0	0	0	0	0
PbGEM-299083|PBANKA_111050|PbGEM-299075	TCATGTACCTT	623	616	0	0	0	211	207	153	151	180	182	242	241	223	225	268	268	178	179	295	291	0	0	1	0	0	0	83	84	0	0	0	0	0	0	0	0	0	0	567	570	0	0	191	195	187	183	173	175	425	423	297	298	224	222	133	131	364	363	0	0	0	0	1	0	2	2	0	0	0	0	1	0	0	0
PbGEM-041538|PBANKA_111060|PbGEM-041546|PbGEM-243214|PbGEM-334979	ACAGTTGCCTC	701	685	0	0	0	644	639	581	569	584	583	1000	984	613	602	678	663	602	590	962	950	0	0	0	0	0	0	150	147	0	0	0	0	0	0	1	0	0	0	613	601	0	0	627	613	577	565	525	522	1292	1276	728	723	614	609	491	486	1455	1432	0	0	0	0	1	1	9	10	0	0	0	0	0	0	0	1
PbGEM-647683|PBANKA_111090|PbGEM-299123|PbGEM-334995|PbGEM-299115	ACCCCCCGTGT	0	0	0	0	0	0	0	0	0	0	0	0	0	0	0	0	0	0	0	0	0	0	0	0	0	0	0	0	0	0	0	0	0	0	0	0	0	0	0	0	0	0	0	0	0	0	0	0	0	0	0	0	0	1	1	0	0	0	0	0	0	0	0	0	0	0	0	0	0	0	0	0	0	0	0
PBANKA_111340|PbGEM-041952|PbGEM-467251|PbGEM-244050|PbGEM-041944	GGCCAGGAAAG	0	0	0	0	0	0	0	0	0	0	0	21	21	0	0	0	0	0	0	0	0	0	0	0	0	0	0	0	0	0	0	0	0	0	0	0	0	0	0	0	0	0	0	0	0	0	0	0	0	0	0	0	0	0	0	0	0	0	0	0	0	0	0	0	0	0	0	0	0	0	0	0	0	0	0
PbGEM-121266|PbGEM-244523|PbGEM-665405|PbGEM-042217|PbGEM-121330|PBANKA_111510	TTGCTGTCGGC	1454	1421	0	0	0	521	518	360	355	225	215	63	62	465	462	503	493	274	265	202	203	0	0	1	1	0	0	222	216	0	0	0	0	0	0	0	1	0	0	1310	1278	0	0	535	524	390	378	188	184	21	20	642	635	471	467	195	192	214	209	0	0	0	1	0	0	5	5	0	0	0	0	0	0	0	0
PbGEM-299555|PbGEM-299547|PbGEM-335099|PBANKA_111520|PbGEM-299563	GGCATCAACCA	1348	1342	0	0	0	527	527	383	384	591	597	285	284	458	458	530	526	434	431	401	399	1	1	0	0	0	0	351	348	0	0	0	0	0	0	0	0	0	0	1276	1286	0	0	625	628	442	438	466	469	217	216	621	616	521	517	406	419	208	212	0	0	0	0	2	2	8	8	1	1	0	1	0	0	0	0
PBANKA_111970|PbGEM-335243|PbGEM-300147|PbGEM-646823|PbGEM-300131|PbGEM-300139	GTAGCTTCTAC	3	2	0	2423	2418	1	2	2	2	1	1	0	0	0	0	2	3	0	0	1	0	1285	1279	1287	1265	936	932	388	382	0	1660	1645	0	1387	1374	820	813	167	166	1	1	2678	2652	0	0	0	0	0	0	0	0	1	1	2	1	2	2	0	0	1363	1364	1622	1606	901	906	530	526	1682	1674	1274	1265	564	554	158	159
PbGEM-043567|PbGEM-247392|PBANKA_112490|PbGEM-043575	TCGCGTAAAGA	2	1	0	1122	1099	0	0	0	0	0	0	0	0	0	0	1	1	0	0	0	0	19	18	21	21	34	34	99	98	0	18	18	0	22	22	23	22	115	113	1	1	1213	1196	1	0	0	0	0	0	0	0	0	0	0	0	0	0	1	1	20	21	46	45	52	52	71	72	16	15	14	14	12	11	64	63
PbGEM-301858|PbGEM-335707|PbGEM-301842|PBANKA_113280|PbGEM-301850	GCCTATCCTAT	727	719	0	0	0	968	971	904	896	398	390	215	216	889	880	1097	1095	491	490	477	475	0	0	0	0	0	0	173	170	0	0	0	0	0	0	0	0	0	2	643	644	1	1	1003	993	939	929	387	387	231	230	1028	1028	1022	1016	516	507	374	376	0	0	0	0	1	1	9	8	0	0	0	0	0	0	0	0
PbGEM-044715|PbGEM-044723|PbGEM-245580|PBANKA_113350	CCTGGGAGGCA	0	0	0	0	0	0	0	0	0	0	0	0	0	0	0	0	0	0	0	0	0	0	0	0	0	0	0	0	0	0	0	0	0	0	0	0	0	0	0	0	0	0	0	0	0	0	0	0	0	0	0	0	0	0	0	0	0	0	0	0	0	0	1	0	0	0	0	0	0	0	0	0	0	0	0
PbGEM-246246|PBANKA_113550|PbGEM-045022	GCAGATCGTGG	830	811	0	2	2	740	722	857	833	1082	1046	956	946	704	692	796	776	971	949	856	830	0	0	0	0	2	0	151	147	0	1	1	0	0	0	0	0	1	1	727	713	2	1	807	797	918	897	1104	1076	1219	1192	816	793	744	729	812	800	841	823	0	0	1	0	1	0	19	18	1	1	0	0	0	0	1	0
PbGEM-045681|PbGEM-045689|PBANKA_113980|PbGEM-247428	CATGGATGGGC	1321	1296	0	0	0	1388	1357	1269	1246	1213	1187	1861	1854	1342	1327	1602	1573	1131	1113	2043	2012	0	0	0	0	0	0	298	291	0	0	0	0	1	1	1	1	2	2	1229	1233	1	1	1478	1452	1217	1194	1142	1131	2314	2285	1643	1623	1428	1409	1202	1178	2718	2689	2	2	1	0	5	4	23	22	2	1	1	1	1	0	0	0
PbGEM-303114|PbGEM-303122|PbGEM-335947|PbGEM-647811|PbGEM-303106|PBANKA_114320	AAAATCATTTA	739	742	0	1	1	804	798	497	493	283	275	188	193	751	753	806	803	349	348	362	363	0	0	1	1	0	0	117	112	0	0	0	0	0	0	0	1	0	0	741	732	0	0	809	796	531	519	268	263	339	338	970	960	763	756	381	381	341	345	0	0	0	0	5	5	5	5	1	1	0	0	1	1	0	0
PBANKA_114370|PbGEM-467252|PbGEM-303170|PbGEM-303162	GTCGGCTAGGT	854	834	0	0	0	471	463	450	442	506	492	956	943	484	476	535	522	523	509	727	713	0	0	1	1	1	1	165	162	0	0	0	0	0	0	0	0	1	1	816	799	1	1	507	497	408	400	498	487	840	820	599	585	434	424	496	484	902	886	0	0	1	1	2	3	14	13	1	1	0	0	0	0	0	0
PbGEM-336059|PBANKA_120030|PbGEM-588444|PbGEM-303506|PbGEM-652589|PbGEM-303514	CGTGACACATT	67	65	0	0	0	39	39	48	46	50	47	379	377	29	28	53	53	49	47	84	86	0	0	0	0	0	0	55	53	0	1	0	0	0	0	0	0	0	0	71	70	0	0	33	33	45	45	39	39	142	142	41	43	39	37	57	57	77	76	0	0	0	0	0	0	1	1	0	0	0	0	0	0	1	0
PBANKA_120120|PbGEM-249940|PbGEM-336083|PbGEM-536011	ACGTAGTGGAT	0	0	0	0	0	0	0	0	0	0	0	0	0	0	0	0	0	0	0	0	0	0	0	0	0	0	0	0	0	0	0	0	0	2	2	0	0	0	0	0	0	0	0	0	0	0	0	0	0	0	0	0	0	0	0	0	0	0	0	0	0	0	0	0	0	0	0	0	0	0	0	0	0	0	0
PbGEM-303794|PBANKA_120230|PbGEM-303786|PbGEM-647835	TCAACACCGCG	253	256	0	0	0	608	610	637	635	653	655	507	504	567	567	714	708	696	690	589	596	0	0	0	1	0	0	44	44	0	0	0	0	0	1	0	0	0	1	240	238	0	0	590	599	685	684	557	558	501	502	717	709	666	665	613	608	395	396	0	0	0	0	5	6	10	10	0	0	0	0	0	0	0	1
PbGEM-666725|PbGEM-304074|PbGEM-304058|PbGEM-304050|PbGEM-304066|PBANKA_120390	GACTCAATTTG	0	0	0	0	0	0	0	0	0	3	3	0	0	0	0	0	0	0	0	0	0	0	0	0	0	0	0	0	0	0	0	0	0	0	0	0	0	0	0	0	0	0	0	0	0	0	0	0	0	0	0	0	0	0	0	0	0	0	0	0	0	0	0	0	0	0	0	0	0	0	0	0	0	0	0
PbGEM-304154|PbGEM-304162|PbGEM-651069|PbGEM-588468|PBANKA_120430|PbGEM-654693|PbGEM-304146	CTGGCATTGCC	0	0	0	0	0	0	0	0	0	0	0	0	0	0	0	0	0	0	0	0	0	0	0	0	0	0	0	0	0	0	0	0	0	1	1	0	0	0	0	0	0	0	0	0	0	0	0	0	0	0	0	0	0	1	1	0	0	0	0	0	0	0	0	0	0	0	0	0	0	0	0	0	0	0	0
PbGEM-304242|PbGEM-336179|PBANKA_120500|PbGEM-304250	CAGGTGTCCGG	0	0	0	1426	1380	0	0	1	1	0	0	0	0	0	0	0	0	0	0	1	1	30	30	48	46	30	29	0	0	0	35	35	0	36	35	20	20	6	6	0	0	1262	1230	1	1	0	0	0	0	0	0	0	0	0	0	0	0	0	0	48	44	36	35	18	19	12	12	22	23	31	30	11	10	15	16
PbGEM-047180|PBANKA_120530|PbGEM-647867|PbGEM-251303|PbGEM-047172|PbGEM-671973	TCGGGCAGAGC	263	260	0	0	0	368	360	395	384	684	675	208	209	382	369	395	391	457	452	389	379	0	0	0	0	1	1	68	65	0	1	1	0	0	0	0	0	0	0	213	209	1	1	398	392	472	464	581	571	209	206	430	422	374	368	438	433	180	172	0	0	0	0	2	2	4	4	0	0	0	0	0	0	0	0
PbGEM-649245|PBANKA_120600|PbGEM-677621|PbGEM-304386|PbGEM-304402|PbGEM-536099|PbGEM-304394	ACACCCTTTAA	0	0	0	0	0	0	0	0	0	0	0	0	0	0	0	0	0	0	0	0	0	0	0	0	0	0	0	0	0	0	0	0	0	0	0	0	0	0	0	0	0	0	0	0	0	0	0	0	0	0	0	0	0	0	0	0	0	0	0	0	0	0	0	0	0	0	0	0	0	1	1	0	0	0	0
PBANKA_121090|PbGEM-646751|PbGEM-305018|PbGEM-336347|PbGEM-305010|PbGEM-305002	ACCAGTAGTCG	672	658	0	0	0	800	786	707	689	914	912	1128	1122	715	710	808	799	729	716	869	853	1	1	2	2	1	0	183	180	0	0	0	0	2	2	2	1	0	0	636	623	0	0	845	824	813	798	863	857	734	721	944	933	739	726	675	670	710	706	4	4	0	0	0	0	12	12	1	1	0	0	1	1	0	0
PbGEM-048208|PbGEM-336411|PbGEM-665437|PbGEM-461616|PbGEM-247068|PbGEM-646719|PbGEM-461650|PbGEM-102303|PBANKA_121260|PbGEM-102311	TTAATTGCGAC	1377	1369	0	1	1	680	681	616	619	644	643	1071	1069	608	604	673	669	641	632	1026	1033	0	0	1	1	0	0	359	355	0	0	0	0	1	1	0	0	0	0	1216	1220	0	0	749	741	634	628	617	618	1184	1176	730	727	651	646	554	554	1123	1123	0	0	0	0	2	2	13	12	1	1	0	0	0	1	0	0
PBANKA_121320|PbGEM-305346|PbGEM-305354|PbGEM-336427	GAAACCCCTCC	664	670	0	0	0	393	396	349	354	472	471	493	496	345	342	384	385	447	452	371	382	1	0	0	0	0	0	82	79	0	0	0	0	0	0	0	0	1	1	607	619	0	0	378	388	372	379	409	417	456	468	450	455	353	362	374	385	349	355	0	1	0	0	0	2	1	2	0	0	0	0	0	0	0	0
PbGEM-305690|PBANKA_121590|PbGEM-336523	ACGAGCGAACG	714	710	0	0	0	403	394	387	385	292	290	233	229	363	357	389	386	308	305	319	317	0	0	0	0	1	1	105	103	0	0	0	0	0	0	0	0	0	0	610	602	1	1	403	404	443	435	275	273	151	150	418	414	348	342	312	315	366	361	0	0	0	0	0	0	5	5	0	0	0	0	0	0	0	0
PbGEM-664405|PbGEM-336539|PBANKA_121630|PbGEM-305786|PbGEM-305778	GGGAAAGAACG	0	0	0	0	0	0	0	0	0	0	0	0	0	0	0	0	0	0	0	0	0	0	0	0	0	0	0	0	0	0	0	0	0	0	0	0	0	0	0	0	0	0	0	0	0	0	0	2	2	0	0	0	0	0	0	0	0	0	0	0	0	0	0	0	0	0	0	0	0	0	0	0	0	0	0
PbGEM-305834|PbGEM-305842|PBANKA_121680	CTAAAGAACCT	514	512	0	0	0	350	343	348	342	379	377	197	196	317	314	367	368	339	341	257	256	2	2	1	0	0	0	57	54	0	0	0	0	0	0	0	0	0	0	524	522	0	0	351	349	324	315	362	364	84	84	426	422	374	368	287	286	199	192	0	0	0	0	0	0	10	10	0	0	0	0	0	0	1	1
PbGEM-305874|PbGEM-305882|PbGEM-305866|PbGEM-588652|PBANKA_121700|PbGEM-336563	TGAAATGTGAT	0	0	0	0	0	0	0	0	0	1	1	0	0	0	0	0	0	0	0	0	0	0	0	0	0	0	0	0	0	0	0	0	0	0	0	0	0	0	0	0	0	0	0	0	0	0	0	0	0	0	0	0	0	0	0	0	0	0	0	0	0	0	0	0	0	15	15	0	0	0	0	0	0	0	0
PbGEM-305938|PbGEM-305930|PbGEM-305946|PBANKA_121770	CCGGCTGGAGG	830	816	0	1	1	729	710	589	575	387	386	284	281	727	722	892	886	496	484	533	523	0	0	0	0	0	0	84	83	0	0	0	0	1	1	0	1	0	0	731	724	0	0	782	760	586	575	327	325	544	536	934	931	796	776	480	474	570	553	0	0	0	0	1	1	1	1	0	0	0	0	0	0	0	0
PbGEM-249071|PbGEM-049083|PBANKA_121890	CAGGTACAGTG	5	5	0	0	0	3	3	5	4	4	3	1	1	4	4	4	4	1	1	5	3	0	0	0	0	0	0	0	1	0	0	0	0	0	0	0	0	0	0	2	1	0	0	5	5	7	7	1	0	1	1	2	1	1	1	1	0	1	1	0	0	0	0	0	0	0	0	0	0	0	0	0	0	0	0
PbGEM-664565|PBANKA_122200|PbGEM-306506|PbGEM-306498	CCCCTCTGGTT	7	4	0	1206	1198	4	3	4	4	2	1	3	3	6	3	1	1	2	2	5	4	4948	4897	5265	5236	4222	4192	2921	2898	0	4953	4931	0	5052	5020	3088	3071	855	842	2	1	1245	1226	1	1	0	0	5	6	3	2	3	3	3	3	9	10	4	2	5408	5382	6896	6815	4045	4012	2450	2433	4779	4760	4596	4518	2531	2518	788	785
PbGEM-674789|PBANKA_122300|PbGEM-306618|PbGEM-306626	GCGAAGGATAA	0	0	0	0	0	0	0	0	0	1	1	0	0	0	0	0	0	0	0	0	0	0	0	0	0	0	0	0	0	0	0	0	0	0	0	0	0	0	0	0	0	0	0	0	0	0	0	0	0	0	0	0	0	0	0	0	0	0	0	0	0	0	0	0	0	0	0	0	0	0	0	0	0	0	0
PBANKA_122410|PbGEM-306770|PbGEM-306762|PbGEM-306778	GGATCTGGCAT	1	1	0	1093	1077	2	1	4	2	4	4	0	0	4	3	3	2	2	0	6	5	3751	3688	4368	4318	5534	5462	4556	4462	0	3246	3205	0	3917	3857	3634	3599	3821	3774	6	4	1078	1066	6	1	3	2	3	3	2	0	1	1	3	4	8	7	4	3	3548	3492	5766	5674	5653	5581	6142	6032	3268	3227	3684	3606	3081	3026	3200	3167
PbGEM-307962|PbGEM-588884|PBANKA_123260|PbGEM-307978|PbGEM-307970|PbGEM-307954	TGTCTGCTTGA	0	0	0	0	0	0	0	0	0	0	0	0	0	0	0	0	0	0	0	0	0	0	0	0	0	0	0	0	0	0	0	0	0	1	1	0	0	0	0	0	0	0	0	0	0	0	0	0	0	0	0	0	0	0	0	0	0	0	0	0	0	0	0	0	0	0	0	0	0	0	0	0	0	0	0
PbGEM-261188|PBANKA_123280|PbGEM-103510	GCACTCCGGCT	0	0	0	0	1	0	0	0	0	0	0	0	0	0	0	0	0	0	0	0	0	0	0	0	0	0	0	0	0	0	0	0	0	0	0	0	0	0	0	0	0	0	0	0	0	0	0	0	0	0	0	0	0	0	0	0	0	0	0	0	0	0	0	0	0	0	0	0	0	0	0	0	0	0	0
PBANKA_123340|PbGEM-308114|PbGEM-308106|PbGEM-670789	AATAGCACACT	574	579	0	0	0	1175	1173	794	803	1145	1143	1183	1169	1084	1076	1165	1165	1145	1137	1029	1027	0	0	1	1	0	0	54	54	0	0	0	0	0	2	0	1	4	4	563	568	0	0	1201	1209	945	941	976	983	1115	1111	1364	1365	1009	1002	1014	1019	921	925	0	0	0	0	3	3	19	18	2	3	1	0	0	1	0	0
PbGEM-261284|PbGEM-051286|PBANKA_123400	GGTTAAGCTTT	0	4	0	0	4	0	2	0	5	1	3	3	2	0	2	0	0	0	2	2	6	0	2	2	13	1	15	2	8	0	2	6	0	2	12	4	13	5	9	0	2	0	0	2	2	1	3	0	1	2	4	0	1	0	1	0	2	3	3	0	8	2	9	4	15	3	15	1	8	3	4	0	8	0	6
PbGEM-308394|PBANKA_123560|PbGEM-308410|PbGEM-308402	CGGAGGTTTAT	1277	1256	0	0	0	200	194	143	142	138	137	140	139	238	230	368	365	137	135	160	158	1	1	0	0	0	0	346	334	0	0	0	0	0	0	0	0	1	0	1224	1205	0	0	203	192	170	166	119	117	217	212	286	285	275	266	179	172	276	278	1	2	0	0	1	1	6	6	0	0	0	0	0	0	0	2
PbGEM-308458|PbGEM-308466|PbGEM-337115|PBANKA_123590	GCCGGACAACG	1123	1106	0	0	0	211	212	162	159	128	121	175	172	227	220	297	291	150	147	116	112	0	0	0	0	1	0	262	257	0	0	0	0	0	0	0	0	0	0	1039	1022	0	0	202	195	180	179	117	109	160	157	269	267	235	231	113	111	155	151	0	0	0	0	0	0	4	4	0	0	0	0	0	0	0	0
PBANKA_124430|PbGEM-309425|PbGEM-309433	CAGGCAAAAAC	0	0	0	0	0	0	0	0	0	0	0	0	0	0	0	0	0	0	0	0	0	0	0	0	0	0	0	0	0	0	0	0	0	1	0	0	0	0	0	0	0	0	0	0	0	0	0	0	0	0	0	0	0	0	0	0	0	0	0	0	0	0	0	0	0	0	0	0	0	0	0	0	0	0	0
PbGEM-666261|PbGEM-648805|PbGEM-309577|PbGEM-309593|PbGEM-309585|PbGEM-589076|PbGEM-309569|PBANKA_124520	CTACCTATGTT	0	0	0	0	0	0	0	0	0	0	0	0	0	0	0	0	0	0	0	0	0	1	1	0	0	0	0	0	0	0	0	0	0	0	0	0	0	0	0	0	0	0	0	0	0	0	0	0	0	0	0	0	0	0	0	0	0	0	0	0	0	0	0	0	0	0	0	0	0	0	0	0	0	0	0
PbGEM-104302|PBANKA_124592	GCCGCCACGAT	0	0	0	0	0	0	0	0	0	0	0	0	0	0	0	0	0	0	0	0	0	0	0	0	0	0	0	0	0	0	0	0	0	0	0	1	0	0	0	0	0	0	0	0	0	0	0	0	0	0	0	0	0	0	0	0	0	0	0	0	0	0	0	0	0	1	0	0	0	0	0	0	0	0	0
PbGEM-309911|PbGEM-309895|PbGEM-309903|PBANKA_130050	CCGTGATTAAT	792	781	0	4	4	3547	3487	3625	3558	4231	4174	2640	2625	3083	3061	3710	3671	3916	3842	3274	3216	1	1	2	1	3	1	215	209	0	3	2	0	4	5	2	3	1	1	705	706	1	0	3622	3563	3892	3800	3901	3827	2654	2618	4081	4018	3349	3290	3524	3472	2280	2250	4	4	1	1	4	4	64	62	3	0	1	1	2	1	3	4
PbGEM-310327|PBANKA_130310|PbGEM-310335|PbGEM-664253|PbGEM-310319	TTATCTTCCGC	1424	1403	0	0	0	2261	2246	2313	2304	2308	2302	1157	1149	2138	2132	2382	2371	2282	2269	2500	2478	0	0	0	0	0	0	166	160	0	0	0	0	1	0	0	0	3	0	1269	1260	1	1	2287	2267	2400	2374	1924	1934	1096	1088	2375	2385	2198	2174	2045	2034	1746	1730	0	0	1	1	8	8	44	41	3	2	0	0	2	0	1	1
PBANKA_130440|PbGEM-310519|PbGEM-310535|PbGEM-310527	AAATAAATTAG	691	685	0	0	0	476	470	548	540	676	664	515	511	502	498	567	556	644	628	492	490	0	0	0	0	1	1	101	97	0	0	0	0	1	1	1	2	0	0	618	605	0	0	564	552	572	560	589	582	680	662	715	710	546	538	548	539	686	677	1	1	1	0	4	4	7	8	0	0	0	0	0	0	0	0
PbGEM-247801|PBANKA_130450|PbGEM-104653|PbGEM-053692|PbGEM-053684	CAACTCGGATG	555	555	0	0	0	1105	1100	1162	1165	1224	1223	1206	1204	1258	1244	1529	1518	931	933	1237	1229	0	0	0	0	0	0	132	129	0	1	1	0	1	1	1	1	2	5	642	643	0	0	1179	1166	1263	1250	913	912	1686	1678	1169	1172	1192	1191	1043	1054	1537	1532	2	1	1	2	1	1	17	17	2	1	0	0	1	1	1	1
PBANKA_130540|PbGEM-536499|PbGEM-310671|PbGEM-310679	CAGCTATCTCC	0	0	0	0	0	0	0	0	0	0	0	0	0	0	0	0	0	0	0	0	0	0	0	0	0	0	0	0	0	0	0	0	0	0	0	0	0	0	0	0	0	0	0	0	0	0	0	0	0	0	0	0	0	0	0	0	0	0	0	0	0	0	0	0	0	0	0	0	0	0	0	0	0	16	15
PbGEM-054071|PbGEM-248815|PBANKA_130700	CCGTCTGGGTG	0	0	0	0	0	0	1	0	0	0	0	0	0	0	0	0	0	0	0	0	0	0	0	0	0	0	0	0	0	0	0	0	0	0	0	0	0	0	0	0	0	0	0	0	0	0	0	0	0	0	0	0	0	0	0	0	0	0	0	0	0	0	0	0	0	0	0	0	0	0	0	0	0	0	0
PbGEM-054441|PBANKA_130940|PbGEM-249819	TCAAGGTACCC	0	0	0	0	0	0	0	0	0	1	0	0	0	0	0	0	0	0	0	0	0	0	0	0	0	0	0	0	0	0	0	0	0	0	0	0	0	0	0	0	0	0	0	0	0	0	0	0	0	0	0	0	0	0	0	0	0	0	0	0	0	0	0	0	0	0	0	0	0	0	0	0	0	0	0
PbGEM-311533|PBANKA_131200|PbGEM-311517|PbGEM-311525|PbGEM-337699	TCGTCCCGATA	1202	1175	0	0	0	72	70	65	65	143	140	86	85	68	69	87	85	67	63	24	24	0	0	0	0	1	1	238	236	0	0	0	0	0	0	2	1	0	0	1192	1187	0	0	58	58	54	53	129	123	100	99	55	56	69	68	69	68	102	101	0	0	0	0	0	0	3	2	1	1	0	0	0	0	0	0
PbGEM-311613|PBANKA_131270|PbGEM-311605|PbGEM-311621	CAATAGGCGAC	594	600	0	0	0	965	966	983	981	459	461	550	542	895	883	1139	1133	541	529	653	646	0	0	1	0	0	0	106	104	0	0	0	0	1	1	0	0	0	0	583	588	1	0	1063	1056	1042	1037	389	385	476	475	1155	1154	998	1004	518	525	285	285	1	0	0	0	5	5	12	11	0	0	0	0	0	0	1	1
PbGEM-312029|PBANKA_131610|PbGEM-312021	AACTACATAGT	0	0	0	1284	1277	0	0	0	0	0	0	0	0	0	0	0	0	0	0	0	0	12	12	15	16	7	7	0	0	0	21	21	0	18	17	12	13	30	29	0	0	1207	1191	0	0	1	0	1	1	0	0	0	0	0	0	0	0	0	0	19	20	17	18	6	7	0	0	17	17	12	12	10	10	23	22
PbGEM-312061|PbGEM-337811|PbGEM-667205|PbGEM-312069|PBANKA_131630|PbGEM-312077	ATATTAAGTAA	1	1	0	1652	1636	0	0	0	0	0	0	0	0	0	0	0	0	0	0	0	0	75	75	85	83	51	51	0	1	0	86	85	0	69	67	21	21	10	10	0	0	1665	1642	0	0	0	0	0	0	0	0	0	0	0	0	0	0	0	0	73	73	93	93	63	62	46	45	86	86	68	65	23	24	7	6
PbGEM-312157|PbGEM-312149|PBANKA_131670	CCCCCACCGCT	0	0	0	997	991	0	0	1	1	0	0	0	0	0	0	0	0	0	0	2	1	317	318	340	338	215	215	144	142	0	456	455	0	382	377	131	130	86	87	1	1	1121	1118	0	1	2	2	0	1	0	0	0	0	1	2	0	0	0	1	323	322	395	394	161	166	135	134	446	459	385	376	99	100	31	32
PbGEM-312181|PBANKA_131700	TGCACGGGATC	0	0	0	0	0	0	0	0	1	0	0	0	0	0	0	0	0	0	0	0	0	0	0	0	0	0	0	0	0	0	0	0	0	0	0	0	0	0	0	0	0	0	0	0	0	0	0	0	0	0	0	0	0	0	0	0	0	0	0	0	0	0	0	0	0	0	0	0	0	0	0	0	0	0	0
PbGEM-105606|PbGEM-589388|PbGEM-253247|PBANKA_131860|PbGEM-105598|PbGEM-337867|PbGEM-672301|PbGEM-055742	TTGAGAATGGC	0	0	0	0	0	0	0	0	0	0	0	0	0	0	0	0	0	0	0	0	0	0	0	0	0	0	0	0	0	0	0	0	0	2	2	0	0	0	0	0	0	0	0	0	0	0	0	0	0	0	0	0	0	0	0	0	0	0	0	0	0	0	0	0	0	0	0	0	0	0	0	0	0	8	8
PbGEM-647931|PbGEM-337891|PBANKA_131900|PbGEM-312421|PbGEM-312405|PbGEM-312413|PbGEM-312429	GCTTTTGCCCT	0	0	0	0	0	0	0	0	0	0	0	0	0	0	0	0	0	0	0	0	0	0	0	0	0	0	0	0	0	0	0	0	0	0	0	0	0	0	0	0	0	0	0	0	0	0	0	0	0	0	0	0	0	0	0	0	0	0	0	0	0	0	0	0	0	0	0	1	0	0	0	0	0	0	0
PBANKA_132010|PbGEM-312581|PbGEM-312589|PbGEM-337939	CGGGTACAGTG	1548	1522	0	0	0	706	692	828	813	1307	1276	332	329	642	631	724	714	999	975	865	843	0	0	0	0	0	0	295	284	0	1	2	0	0	0	2	0	0	0	1354	1342	0	0	796	777	872	851	1155	1125	601	589	944	920	703	693	899	888	390	388	1	1	2	1	2	2	14	14	1	0	0	0	1	0	0	0
PBANKA_132050|PbGEM-253763|PbGEM-056046|PbGEM-337963|PbGEM-105805	CTCTCCCTTAC	0	0	0	0	0	0	0	0	0	0	0	0	0	0	0	0	0	0	0	0	0	0	0	0	0	0	0	0	0	0	0	0	0	0	0	0	0	0	0	0	0	0	0	0	0	0	0	0	0	0	0	0	0	0	0	0	0	0	0	0	0	0	0	0	1	0	0	0	0	0	0	0	0	0	0
PBANKA_132090|PbGEM-105855|PbGEM-253918	GTGACCCTAAA	2	2	0	1102	1078	1	1	1	2	1	1	1	1	0	0	1	1	0	0	1	1	533	520	733	732	907	903	2066	2014	0	553	540	0	625	614	686	676	1727	1700	0	0	1184	1173	0	0	2	1	0	0	0	0	0	0	1	1	1	2	0	0	552	552	961	946	808	804	2639	2586	552	551	640	624	557	549	1403	1384
PbGEM-312877|PBANKA_132220|PbGEM-312869|PbGEM-338003	TGAAGACCATC	3179	3130	0	0	0	277	271	259	260	422	418	268	269	242	238	307	301	311	309	276	271	0	0	0	0	0	0	590	575	0	0	0	0	0	0	0	0	2	2	2915	2906	0	0	305	304	320	317	386	381	120	118	323	320	285	280	249	249	235	232	0	0	0	0	1	1	7	7	0	0	0	0	1	1	0	0
PbGEM-056477|PbGEM-255151|PbGEM-056485|PBANKA_132390	GCCCGGCACGT	0	0	0	0	0	0	0	0	0	0	0	0	0	0	0	0	0	0	0	0	0	0	0	0	0	0	0	0	0	0	0	0	0	0	0	0	0	0	0	0	0	0	0	0	0	0	0	0	0	0	0	0	0	0	0	0	1	0	0	0	0	0	0	0	0	0	0	0	0	0	0	1	0	0	0
PbGEM-313165|PbGEM-313181|PBANKA_132400|PbGEM-668245|PbGEM-313173	GTTGGGGCCCT	0	0	0	887	861	0	0	1	1	0	0	0	0	0	0	1	0	0	0	0	0	52	52	64	63	60	57	178	174	0	63	63	0	76	75	116	115	128	127	1	1	859	846	0	0	0	0	0	0	0	0	0	0	0	0	0	0	0	0	53	51	83	78	82	81	126	121	50	51	69	67	110	108	116	117
PbGEM-106362|PBANKA_132760|PbGEM-248136	TACTCTACGTT	0	0	0	0	0	0	0	0	0	0	0	0	0	0	0	0	0	0	0	0	0	0	0	0	0	0	0	0	0	0	0	0	0	0	1	0	0	0	0	0	0	0	0	0	0	0	0	0	0	0	0	0	0	0	0	0	0	0	0	0	0	0	0	0	0	0	0	0	0	0	0	0	0	0	0
PbGEM-671549|PbGEM-313773|PbGEM-313781|PBANKA_132900|PbGEM-313765	ATATATGTTGC	783	774	0	3	4	1304	1294	1140	1117	1387	1362	1917	1898	1269	1252	1326	1306	1269	1235	1739	1693	0	0	1	1	0	0	98	98	0	0	0	0	0	0	3	1	1	1	704	694	2	1	1415	1372	1229	1212	1169	1156	1745	1727	1507	1488	1270	1254	1168	1147	1675	1637	0	0	1	1	3	2	23	22	1	1	0	0	0	0	0	0
PBANKA_132960|PbGEM-313861|PbGEM-313869|PbGEM-338227|PbGEM-313877|PbGEM-667413	TCTAGCAGCTG	1116	1107	0	0	0	133	130	121	114	132	128	226	223	126	125	127	124	128	125	277	273	0	0	0	0	0	0	408	401	0	0	0	0	1	0	1	1	0	0	1037	1020	0	0	112	107	116	116	137	134	297	291	170	166	124	123	117	115	185	181	0	0	0	0	0	0	3	3	0	0	0	0	0	0	0	0
PbGEM-057214|PBANKA_132980|PbGEM-226357	CCTCGCCGCCA	0	0	0	0	0	0	0	0	0	0	0	0	0	0	0	0	0	0	0	0	0	0	0	1	0	0	1	0	0	0	0	1	0	1	1	0	0	2	0	0	0	1	0	0	0	0	0	0	0	0	0	0	0	0	0	0	0	0	0	1	0	0	0	0	0	1	0	1	3	2	0	0	1	0	0
PBANKA_133180|PbGEM-057429|PbGEM-249676	CTACCTACAAA	0	0	0	1149	1152	1	2	0	0	2	3	0	0	0	0	1	1	0	0	1	1	823	818	826	830	651	650	383	380	0	1372	1358	0	1126	1111	669	668	457	457	1	2	1209	1204	1	1	1	1	0	0	0	0	2	2	1	1	1	2	1	1	810	817	1156	1155	630	629	378	372	1350	1340	1146	1130	524	521	404	407
PbGEM-314709|PbGEM-314701|PBANKA_133650	GAAAGGTTCCA	1544	1530	0	0	0	480	472	546	536	979	955	375	377	456	443	596	587	760	748	451	444	0	0	0	0	0	0	299	293	0	1	0	0	0	0	1	1	0	0	1448	1423	0	0	541	540	611	601	919	910	413	406	613	608	523	516	672	663	470	462	0	0	0	0	1	1	16	16	0	0	0	0	1	1	0	1
PbGEM-314757|PbGEM-338419|PbGEM-314765|PBANKA_133690|PbGEM-647987	ACAATTGACGG	651	650	0	0	0	625	616	634	618	800	792	1086	1080	534	526	671	662	657	656	1123	1109	0	1	0	0	0	0	151	151	0	0	0	0	1	1	1	0	0	0	517	521	0	0	612	596	688	684	735	720	801	790	689	688	565	568	646	639	805	784	1	2	0	0	0	0	12	12	0	0	0	0	0	0	0	0
PbGEM-675421|PbGEM-058669|PbGEM-058661|PbGEM-252826|PBANKA_134040|PbGEM-338555	GGCGTAACTTA	1333	1311	0	0	0	129	127	136	136	160	156	159	158	116	115	145	148	148	148	238	232	1	1	0	0	0	0	390	380	0	0	0	0	0	0	0	0	0	0	1171	1164	0	0	166	166	166	165	196	194	131	126	168	167	169	166	152	151	126	125	0	0	0	0	1	1	3	3	0	0	0	0	0	0	0	0
PbGEM-059447|PbGEM-254772|PbGEM-107580|PBANKA_134580	TCCGCCAAAAA	0	0	0	0	0	0	0	0	0	0	0	1	0	0	0	0	0	0	0	0	0	0	0	0	0	0	0	0	0	0	0	0	0	0	0	0	0	0	0	0	0	0	0	0	0	0	0	0	0	0	0	0	0	0	0	0	0	0	0	0	0	0	0	0	0	0	0	0	0	0	0	0	0	0	0
PbGEM-255291|PbGEM-668973|PbGEM-059650|PbGEM-343156|PbGEM-338755|PbGEM-264628|PBANKA_134720|PbGEM-647995	GTAATGGCAAG	3	1	0	1171	1142	0	0	4	2	1	1	0	0	0	0	0	0	1	0	2	2	633	614	617	597	545	539	228	226	0	691	674	0	713	693	650	635	602	585	0	0	1206	1166	1	0	0	0	1	1	1	1	0	0	1	0	1	0	0	0	680	667	783	770	529	516	442	428	751	737	597	579	530	520	538	525
PBANKA_134940|PbGEM-059967|PbGEM-059959|PbGEM-648003|PbGEM-107848|PbGEM-249935	TCGCTGGCTGG	1217	1186	0	0	0	422	411	281	277	269	264	314	310	435	436	477	463	295	288	401	391	1	0	1	1	0	1	134	132	0	0	0	0	0	0	0	0	0	0	1113	1085	0	0	518	512	314	305	222	217	280	269	548	529	453	448	261	256	363	360	0	0	0	0	1	1	3	2	0	0	0	0	0	0	0	0
PBANKA_134970|PbGEM-316451|PbGEM-316443	CGAGTGCCTGC	606	598	0	0	0	644	628	435	430	418	410	114	114	547	544	634	630	323	320	396	388	0	0	0	0	0	1	120	120	0	0	0	0	0	1	0	0	0	0	553	550	0	0	629	619	505	497	428	419	573	562	746	733	589	578	347	344	335	326	2	1	0	0	0	1	6	6	0	0	0	0	0	0	0	0
PbGEM-252460|PBANKA_135580|PbGEM-060858	ACAGATCACTC	0	0	0	0	0	0	0	0	0	0	0	0	0	0	0	0	0	0	0	0	0	0	0	0	0	0	0	0	0	0	0	0	0	0	0	0	0	0	0	0	0	0	0	0	0	0	0	0	0	0	0	0	0	0	1	0	0	0	0	0	0	0	0	0	0	0	0	0	0	0	0	0	0	0	0
PbGEM-060922|PbGEM-252689|PbGEM-108389|PbGEM-338987|PBANKA_135620	CTCTCGTTTTT	0	0	0	1027	1016	1	1	1	2	1	1	0	0	2	2	3	2	3	3	0	1	1408	1383	1359	1326	920	901	433	425	0	1948	1923	0	1371	1336	801	784	436	429	1	1	1046	1035	2	1	2	1	1	0	0	1	0	0	1	1	0	0	2	1	1367	1350	1874	1835	775	769	475	458	1871	1837	1575	1549	633	623	429	422
PbGEM-317355|PbGEM-317363|PBANKA_135780|PbGEM-667149	GAACCGTAAAT	0	0	0	1169	1155	0	0	1	1	0	0	0	0	0	0	1	1	0	1	1	1	326	324	351	347	908	892	411	406	0	259	254	0	353	344	410	412	98	96	2	2	1274	1259	0	0	0	0	0	1	0	0	1	2	0	0	0	0	1	2	306	303	464	457	909	903	406	398	303	296	362	358	391	383	80	80
PbGEM-317603|PbGEM-317595|PBANKA_135940|PbGEM-670261|PbGEM-317587	CCGCATGTGGG	0	0	0	934	920	1	1	0	0	0	0	0	0	0	0	0	0	0	0	1	1	198	195	179	171	91	86	30	30	0	226	220	0	217	210	66	64	45	45	1	0	945	930	0	0	0	0	1	0	0	0	0	0	0	0	0	0	0	0	208	203	223	215	82	80	41	39	241	236	173	167	50	48	14	14
PbGEM-061450|PbGEM-061442|PBANKA_135960|PbGEM-253840|PbGEM-646722	CCCTCAAATAC	1542	1579	0	302	314	2079	2115	1965	1983	2487	2545	4921	4969	2018	2045	2338	2374	2118	2154	4236	4318	6284	6277	6364	6469	6582	6723	6193	6263	0	6383	6448	0	6124	6247	8707	8918	11310	11580	1424	1465	302	306	2248	2290	2184	2222	2252	2320	5005	5063	2643	2694	2176	2200	1849	1894	4928	5003	6300	6453	8552	8665	5936	6042	5877	5986	6330	6433	6038	6013	7200	7316	9456	9695
PbGEM-253875|PbGEM-061466|PbGEM-343204|PbGEM-646730|PBANKA_135970|PbGEM-339139|PbGEM-061458	GTTTAAGCTTT	602	587	0	247	242	1689	1662	1457	1426	1948	1907	3209	3180	1526	1513	1819	1783	1390	1370	3719	3630	6170	6087	6591	6440	7046	6931	6630	6512	0	5992	5883	0	5796	5680	8709	8575	11180	10978	551	542	292	284	1750	1721	1518	1490	1751	1721	3101	3072	1913	1893	1542	1519	1501	1476	4126	4069	5546	5455	8750	8616	6768	6659	5803	5669	6092	6007	5749	5632	7256	7120	9859	9733
PbGEM-108799|PbGEM-254320|PBANKA_136100|PbGEM-061653	AAGAATAGGAG	0	0	0	0	0	0	0	0	0	0	0	0	0	0	0	0	0	0	0	0	0	0	0	0	0	0	0	0	0	0	0	0	0	0	0	0	0	0	0	0	1	0	0	0	0	0	0	0	0	0	0	0	0	0	0	0	0	0	0	0	0	0	0	0	0	0	0	0	0	0	0	0	0	0	0
PbGEM-646404|PBANKA_136210|PbGEM-254684|PbGEM-645789|PbGEM-108856|PbGEM-339219|PbGEM-528378|PbGEM-528237|PbGEM-665125|PbGEM-108848|PbGEM-528096|PbGEM-646570	AAGGATCTATC	1275	1263	0	0	0	977	962	728	721	1143	1136	1663	1655	929	923	935	920	1006	988	1469	1436	0	0	2	2	1	1	299	292	0	1	2	0	0	1	0	0	1	1	1216	1213	1	1	1008	991	819	806	987	972	1194	1180	1217	1207	902	881	883	867	1631	1608	0	0	0	0	3	3	14	13	1	1	0	0	0	1	1	1
PbGEM-061956|PbGEM-255124|PbGEM-646793|PBANKA_136320|PbGEM-648019|PbGEM-108933|PbGEM-108941	AATGACTGCTC	2	1	0	845	851	0	0	1	1	0	0	0	0	1	1	2	1	1	1	1	1	1460	1447	1489	1488	1420	1417	1276	1273	0	1631	1621	0	1503	1510	1255	1261	674	678	0	0	938	936	1	1	0	0	0	0	1	1	0	1	3	3	1	2	0	0	1568	1565	1941	1926	1379	1378	1577	1565	1460	1462	1366	1346	1002	1001	581	583
PbGEM-527738|PBANKA_140160|PbGEM-645682|PbGEM-062484|PbGEM-062476|PbGEM-256353|PbGEM-645699	AACACAACCGC	2	2	0	1174	1176	1	0	1	1	0	0	0	0	0	0	0	0	1	1	3	3	984	969	1278	1289	3518	3526	1196	1206	0	1126	1120	0	1713	1709	2480	2487	843	841	1	1	1045	1038	0	2	1	0	0	0	1	1	0	0	2	3	1	1	2	1	1041	1044	1580	1585	3625	3656	1256	1264	1115	1116	1548	1522	1897	1899	713	718
PbGEM-256400|PbGEM-062516|PBANKA_140180	CCGTCGTTTTT	0	0	0	0	0	0	0	0	0	0	0	0	0	0	0	0	0	0	0	0	0	0	0	0	0	0	0	0	0	0	0	0	0	0	0	0	0	0	0	0	0	0	0	0	0	0	0	0	0	0	0	0	0	0	0	0	0	0	0	0	0	0	0	0	0	0	0	1	0	0	0	0	0	0	0
PbGEM-665589|PbGEM-318699|PbGEM-339371|PbGEM-318691|PBANKA_140240	CTGGAGTAGTG	858	844	0	1	0	1386	1350	853	831	746	720	766	753	1207	1186	1241	1217	777	758	991	964	0	0	0	0	0	1	212	202	0	1	1	0	1	0	0	0	2	2	799	777	2	2	1399	1369	915	890	695	689	779	759	1470	1446	1189	1171	746	727	818	801	1	1	1	1	2	1	13	12	0	0	0	0	0	0	0	0
PbGEM-318795|PbGEM-673845|PbGEM-339395|PbGEM-318803|PBANKA_140310	GCTCATCACCA	1	1	0	1316	1332	0	1	1	1	1	1	0	0	1	1	1	0	0	1	2	2	667	655	785	791	1263	1265	1119	1116	0	639	637	0	784	793	1870	1864	2675	2674	2	0	1430	1429	0	1	0	0	0	0	0	0	2	2	0	0	2	2	0	0	660	657	1090	1088	1237	1242	1614	1643	603	605	670	658	1449	1467	2337	2344
PbGEM-320315|PbGEM-320323|PBANKA_141440	CGTGCGCCCAC	1	1	0	754	764	0	0	0	0	0	0	0	0	0	0	0	0	0	0	0	0	284	278	284	283	224	228	87	85	0	375	375	0	337	340	161	161	34	34	0	0	690	696	0	0	0	0	0	0	0	0	1	1	0	0	1	2	0	0	278	289	370	373	204	206	78	78	387	390	309	303	135	133	47	49
PbGEM-064313|PbGEM-646777|PbGEM-255451|PbGEM-343260|PbGEM-064321|PBANKA_141470	GCTGCCACAAA	1821	1802	0	4	4	4446	4415	4090	4052	3718	3674	3113	3085	4055	4013	5105	5047	3226	3207	3032	3001	2	1	2	1	1	1	407	398	0	2	0	0	1	0	1	2	8	5	1702	1701	4	5	4459	4431	4201	4163	3359	3343	3670	3645	4880	4825	4487	4424	3262	3229	3382	3367	1	1	2	3	12	11	58	61	1	2	1	1	3	4	2	5
PbGEM-339795|PbGEM-537195|PBANKA_141770|PbGEM-320699|PbGEM-320707	CCCATACTGTA	1399	1391	0	0	0	211	211	206	199	237	236	122	123	218	216	245	243	237	239	121	119	0	0	0	0	0	0	415	413	0	1	1	0	0	0	1	1	0	0	1308	1314	0	0	217	218	212	213	202	204	0	0	250	252	245	246	205	205	143	142	0	0	0	0	1	1	5	5	0	0	0	0	1	1	0	0
PBANKA_141790|PbGEM-256211|PbGEM-064770	CCGCTAATATG	0	0	0	0	0	0	0	0	0	0	0	0	0	0	0	0	0	0	0	0	0	0	0	0	0	0	0	0	0	0	0	0	0	0	0	0	0	0	0	0	0	0	0	0	0	0	0	0	0	0	0	0	0	0	0	0	0	0	0	0	0	0	0	0	1	0	0	0	0	0	0	0	0	0	0
PbGEM-321259|PBANKA_142210|PbGEM-321267|PbGEM-321251	TACCAAGCGAT	710	701	0	229	231	511	506	434	435	607	597	1027	1028	423	421	572	561	420	414	612	602	714	706	762	761	788	783	733	720	0	681	673	0	733	729	1122	1114	1163	1159	697	690	264	261	546	537	514	511	539	532	879	881	588	586	486	481	411	412	1034	1037	728	727	957	952	850	837	777	763	664	660	675	659	926	919	1078	1075
PbGEM-321659|PbGEM-321651|PbGEM-673213|PBANKA_142580	ATTCGCAGACA	1521	1505	0	0	0	526	521	528	519	682	672	446	442	476	473	560	555	548	543	409	408	0	0	0	0	1	1	223	217	0	0	0	0	0	0	0	0	0	0	1350	1340	0	0	565	562	558	548	583	579	464	457	583	575	515	513	508	500	302	297	0	0	0	0	0	0	9	8	0	0	0	0	0	0	0	0
PbGEM-065847|PbGEM-065839|PbGEM-339979|PBANKA_142590|PbGEM-253888|PbGEM-665797	CTCTACTTCTG	0	0	0	1161	1153	0	0	0	0	0	0	0	0	0	0	0	0	1	0	0	0	143	143	134	137	115	114	72	72	0	142	140	0	103	99	64	64	23	21	1	1	1193	1193	1	0	1	1	0	0	0	1	0	0	0	0	0	0	0	0	156	157	191	190	96	96	129	129	107	108	130	131	58	58	40	41
PbGEM-254427|PbGEM-664325|PBANKA_142720|PbGEM-066047|PbGEM-066055	CGTAAGCTGAC	135	144	0	0	0	110	120	98	109	112	118	55	56	105	112	133	140	97	104	151	162	0	0	0	0	0	0	3	5	0	0	0	0	0	0	0	0	0	0	133	146	0	0	111	126	120	128	96	99	45	53	165	169	96	102	96	103	115	131	0	0	0	0	0	0	2	2	0	0	0	0	0	0	0	0
PbGEM-537299|PBANKA_142800|PbGEM-321811|PbGEM-321819|PbGEM-321803|PbGEM-664373|PbGEM-590444|PbGEM-650461	GGAATCACCGG	0	0	0	0	0	0	0	0	0	0	0	0	0	0	0	0	0	0	0	0	0	0	0	0	0	0	0	0	0	0	0	0	0	0	0	0	0	0	0	0	0	0	0	0	0	0	0	0	0	0	0	0	0	0	0	0	0	0	0	0	0	0	0	0	0	0	0	0	0	0	0	0	0	3	3
PbGEM-111156|PbGEM-066481|PBANKA_143030|PbGEM-255535|PbGEM-111148	CCGACAATTTG	0	0	0	0	0	0	0	0	0	0	0	0	0	0	0	0	0	0	0	0	0	0	0	0	0	0	0	0	0	0	0	0	0	0	0	0	0	0	0	0	0	0	0	0	0	0	0	0	0	0	0	0	0	0	0	0	0	0	0	0	0	1	1	0	0	0	0	0	0	0	0	0	0	0	0
PbGEM-322195|PbGEM-322187|PBANKA_143090|PbGEM-322203|PbGEM-648091	GGAATCGAGTC	778	769	0	0	0	344	345	430	429	461	451	719	711	443	444	483	478	401	404	595	582	0	0	0	0	0	0	141	135	0	0	0	0	0	0	1	1	0	0	704	691	0	0	367	358	409	408	365	361	499	497	598	589	437	425	395	390	488	490	1	0	0	0	2	2	7	6	0	0	0	0	0	0	1	1
PbGEM-322243|PBANKA_143120|PbGEM-322251	GCGTCAGAGTC	756	751	0	0	0	1857	1825	1759	1732	2383	2362	938	938	1659	1645	2044	2020	1732	1702	1236	1218	2	2	0	0	0	0	186	181	0	0	0	0	1	1	1	2	1	2	717	714	2	1	2006	1980	1788	1778	2096	2080	1105	1094	2279	2255	1817	1795	1593	1574	1022	1007	0	0	1	0	7	6	26	28	0	0	0	0	0	0	1	0
PbGEM-255858|PBANKA_143150|PbGEM-666037|PbGEM-066674|PbGEM-066682	CGCACGGTTGA	79	77	0	0	0	195	193	210	203	287	285	74	74	202	202	230	227	197	190	99	96	0	0	0	0	0	0	16	15	0	0	0	0	1	1	0	0	0	0	71	72	0	0	205	206	227	224	239	237	164	157	242	237	192	186	177	177	92	92	0	0	0	0	2	2	5	5	0	0	0	0	0	0	0	0
PbGEM-322539|PbGEM-322523|PBANKA_143320|PbGEM-340155|PbGEM-322531|PbGEM-672173	CCCAAGCCTCT	655	650	0	0	0	1083	1071	922	914	690	697	334	336	958	962	1168	1165	771	771	595	591	0	0	1	1	0	0	65	68	0	0	1	0	2	2	0	0	1	1	613	615	2	2	1078	1074	1072	1073	655	651	600	594	1322	1314	1074	1079	691	685	413	410	0	0	0	0	2	2	10	10	2	2	0	0	0	1	0	0
PbGEM-322747|PbGEM-664317|PbGEM-590516|PbGEM-322731|PbGEM-652709|PbGEM-322739|PbGEM-537387|PbGEM-340203|PBANKA_143450	CTCAGGCTTTA	0	0	0	0	0	0	0	0	0	0	0	0	0	0	0	0	0	0	0	0	0	0	0	0	0	0	0	0	0	0	0	0	0	0	1	0	0	0	0	0	0	0	0	0	0	0	0	0	0	0	0	0	0	0	0	0	0	0	0	0	0	0	0	0	0	0	0	0	0	0	0	0	0	0	0
PbGEM-079288|PbGEM-067458|PbGEM-257140|PBANKA_143670	CGCTCGGGTCC	0	0	0	0	0	0	0	0	0	0	0	0	0	0	0	0	0	1	1	0	0	0	0	0	0	0	0	0	0	0	0	0	0	0	0	0	0	0	0	0	0	0	0	0	0	1	0	0	0	0	0	0	0	0	0	0	0	0	0	0	0	0	0	0	0	0	0	0	0	0	0	0	0	0	0
PbGEM-067586|PbGEM-528326|PbGEM-528185|PbGEM-528467|PbGEM-646665|PbGEM-646705|PbGEM-645884|PbGEM-646499|PbGEM-646696|PbGEM-646727|PbGEM-669773|PBANKA_143750|PbGEM-340307|PbGEM-226429	GGGAATTAAGA	748	747	0	0	0	859	848	635	628	353	352	259	255	839	830	1086	1078	462	457	217	212	0	0	0	0	0	0	175	171	0	0	0	0	0	0	0	0	0	0	693	687	0	0	895	886	600	586	324	321	246	241	1151	1142	991	983	431	424	377	376	0	0	0	0	4	4	4	4	0	0	0	0	0	0	0	0
PbGEM-068124|PBANKA_144110|PbGEM-258036|PbGEM-265660|PbGEM-646778	CGCTCCGGTCC	637	627	0	0	0	633	629	467	465	476	473	376	376	617	620	747	741	414	412	468	466	0	0	0	0	0	0	89	86	0	0	0	0	0	0	0	0	0	0	579	580	1	1	677	674	507	498	358	355	317	313	749	738	656	653	435	434	356	356	1	1	0	0	1	1	5	5	1	1	0	0	0	0	0	0
PBANKA_144280|PbGEM-323851|PbGEM-323843|PbGEM-323859	ACCGAGGCGGG	59	59	0	0	0	91	87	113	109	118	108	123	122	79	75	87	84	106	103	0	0	0	0	0	0	0	0	5	5	0	0	0	0	0	0	0	0	0	0	47	46	0	0	85	78	98	97	117	117	26	25	90	85	59	56	100	96	113	102	0	0	0	0	0	0	0	0	0	0	0	0	0	0	0	0
PbGEM-323947|PbGEM-537539|PbGEM-675405|PBANKA_144340|PbGEM-323955	ACCTCAACACT	0	0	0	0	0	0	0	0	0	0	0	0	0	0	0	0	0	0	0	0	0	0	0	0	0	0	0	0	0	0	0	0	0	0	0	0	0	0	0	0	0	0	0	0	0	0	0	0	0	0	0	0	0	0	0	0	0	0	0	0	0	0	0	0	0	0	1	0	0	0	0	0	0	0	0
PbGEM-645751|PbGEM-528200|PbGEM-121338|PBANKA_144610|PbGEM-258727|PbGEM-646532|PbGEM-646366|PbGEM-265644|PbGEM-528059|PbGEM-068847|PbGEM-079924|PbGEM-528341	CAGGGAGGGGC	0	0	0	0	0	0	0	0	0	0	0	0	0	0	0	0	0	0	0	0	0	0	0	0	0	0	0	0	0	0	0	0	0	0	0	0	0	0	0	0	0	0	0	1	0	0	0	0	0	0	0	0	0	0	0	0	0	1	0	0	0	0	0	0	0	0	0	0	0	0	0	0	0	0	0
PBANKA_144710|PbGEM-664613|PbGEM-324419|PbGEM-324427|PbGEM-340627	GGAGCGGGAGA	0	0	0	1338	1316	0	0	0	0	0	0	0	0	0	0	0	0	0	0	0	0	79	77	72	70	38	36	30	28	0	110	106	0	89	88	40	39	21	21	0	0	1458	1427	0	0	0	1	0	0	0	0	0	0	0	0	0	0	0	0	83	83	78	77	42	42	45	46	107	105	61	60	34	33	27	27
PBANKA_144790|PbGEM-646945|PbGEM-324547|PbGEM-324539|PbGEM-340675	TAGGCAACACT	1	1	0	884	878	1	1	0	0	0	0	0	0	0	0	0	0	1	1	0	0	898	881	774	757	588	581	289	297	0	892	874	0	779	773	402	404	122	120	1	0	941	932	0	0	1	1	0	0	0	0	1	0	0	0	2	2	0	0	897	900	1132	1119	538	533	291	290	913	913	637	628	363	360	124	127
PBANKA_144860|PbGEM-590748|PbGEM-324643|PbGEM-324651|PbGEM-653205	GAAATCGTCGC	0	0	0	0	0	0	0	0	0	0	0	0	0	0	0	0	0	0	0	0	0	0	0	0	0	0	0	0	0	0	0	0	0	0	0	0	0	0	0	0	0	0	0	0	0	0	0	1	0	0	0	0	0	0	0	0	0	0	0	0	0	0	0	0	0	0	0	0	0	0	0	0	0	0	0
PbGEM-324875|PbGEM-324867|PBANKA_145070	AGGAGTATACT	0	0	0	1355	1333	0	0	0	0	0	0	0	0	0	0	0	0	0	0	0	0	17	17	23	23	15	15	0	0	0	26	25	0	30	29	9	10	3	3	0	0	1426	1415	0	0	0	0	0	0	0	0	0	0	0	0	0	0	0	0	23	21	37	37	13	13	0	0	25	26	18	18	5	5	11	11
PbGEM-258213|PbGEM-646119|PBANKA_145480|PbGEM-070126|PbGEM-646360|PbGEM-080560|PbGEM-646690|PbGEM-070134	GATAACGCAAT	0	0	0	0	0	0	0	0	0	0	0	0	0	0	0	0	0	1	0	0	0	0	0	0	0	0	0	0	0	0	0	0	0	0	0	0	0	0	0	0	0	0	0	0	0	0	0	0	0	0	0	0	0	0	0	0	0	0	0	0	0	0	0	0	0	0	0	0	0	0	0	0	0	0	0
PbGEM-258412|PBANKA_145590|PbGEM-070303	AGGAAATGTCA	0	0	0	0	0	0	0	0	0	0	0	0	0	0	0	0	0	0	0	0	0	0	0	0	1	0	0	0	0	0	0	0	0	0	0	0	0	0	0	0	0	0	0	0	0	0	0	0	0	0	0	0	0	0	0	0	0	0	0	0	0	0	0	0	0	0	0	0	0	0	0	0	0	0	0
PbGEM-220771|PbGEM-070786|PbGEM-258884|PBANKA_145910|PbGEM-070794	GACCACGAGAG	723	720	0	0	0	468	466	301	296	218	215	189	190	420	416	463	457	269	268	192	190	0	0	0	0	0	0	111	108	0	0	0	0	0	0	0	0	0	0	696	694	0	0	526	525	313	315	187	187	71	70	549	543	405	404	231	227	24	24	0	0	1	1	2	2	5	6	0	0	0	0	0	0	0	0
PbGEM-326147|PbGEM-326155|PbGEM-326139|PbGEM-661475|PbGEM-648741|PBANKA_146120|PbGEM-668333|PbGEM-539451|PbGEM-591052	GCCTAGAAGTA	0	0	0	0	0	0	0	0	0	0	0	0	0	0	0	0	0	0	0	0	0	0	0	0	0	0	0	0	0	0	0	0	0	0	0	0	0	0	0	0	0	0	0	0	0	0	0	0	0	0	0	0	0	0	0	0	0	0	0	0	0	0	0	0	0	0	0	0	0	0	0	0	0	10	10
PBANKA_146260|PbGEM-259108|PbGEM-080970	AACTCATGCAC	0	0	0	0	0	0	0	0	0	0	0	0	0	0	0	0	0	0	0	0	0	0	0	0	0	0	0	0	0	0	0	0	0	0	1	0	0	0	0	0	0	0	0	0	0	0	0	0	0	0	0	0	0	0	0	0	0	0	0	0	0	0	0	0	0	0	0	0	0	0	0	0	0	0	0
PbGEM-071416|PbGEM-259164|PBANKA_146350|PbGEM-264404	AGGATACCAAC	2	2	0	3310	3340	1	0	0	1	0	0	0	0	0	0	0	0	0	1	1	1	175	177	168	167	127	127	102	97	0	307	308	0	272	281	114	113	18	19	0	0	3407	3434	0	0	1	1	1	1	1	1	0	1	1	1	2	2	0	0	201	202	245	243	96	98	8	9	281	280	244	235	76	77	39	39
PBANKA_146460|PbGEM-326539|PbGEM-665621|PbGEM-326555|PbGEM-326547|PbGEM-646976	GCTGGGCAGTT	693	686	0	1	1	2645	2602	1875	1832	1350	1316	1144	1124	3304	3258	3922	3854	2001	1961	1851	1805	0	0	4	3	1	1	104	102	0	2	0	0	0	1	1	2	1	2	653	644	0	0	2672	2600	1959	1913	1265	1250	817	801	4365	4290	3673	3600	1989	1959	1887	1863	1	1	1	1	10	9	35	32	0	0	0	0	2	3	1	1
