Gene	Barcodes	P19651_1001_S17_L001_R1_001_R	P19651_1001_S17_L001_R2_001_F	P19651_1002_S5_L001_R1_001_R	P19651_1002_S5_L001_R2_001_F	P19651_1003_S6_L001_R1_001_F	P19651_1003_S6_L001_R1_001_R	P19651_1003_S6_L001_R2_001_F	P19651_1003_S6_L001_R2_001_R	P19651_1004_S7_L001_R1_001_R	P19651_1004_S7_L001_R2_001_F	P19651_1005_S8_L001_R1_001_F	P19651_1005_S8_L001_R1_001_R	P19651_1005_S8_L001_R2_001_F	P19651_1005_S8_L001_R2_001_R	P19651_1006_S1_L001_R1_001_F	P19651_1006_S1_L001_R1_001_R	P19651_1006_S1_L001_R2_001_F	P19651_1006_S1_L001_R2_001_R	P19651_1007_S2_L001_R1_001_R	P19651_1007_S2_L001_R2_001_F	P19651_1008_S3_L001_R1_001_F	P19651_1008_S3_L001_R1_001_R	P19651_1008_S3_L001_R2_001_F	P19651_1008_S3_L001_R2_001_R	P19651_1009_S4_L001_R1_001_F	P19651_1009_S4_L001_R1_001_R	P19651_1009_S4_L001_R2_001_F	P19651_1009_S4_L001_R2_001_R	P19651_1010_S13_L001_R1_001_F	P19651_1010_S13_L001_R1_001_R	P19651_1010_S13_L001_R2_001_F	P19651_1010_S13_L001_R2_001_R	P19651_1011_S14_L001_R1_001_F	P19651_1011_S14_L001_R1_001_R	P19651_1011_S14_L001_R2_001_F	P19651_1011_S14_L001_R2_001_R	P19651_1012_S15_L001_R1_001_R	P19651_1012_S15_L001_R2_001_F	P19651_1013_S16_L001_R1_001_R	P19651_1013_S16_L001_R2_001_F	P19651_1014_S9_L001_R1_001_F	P19651_1014_S9_L001_R1_001_R	P19651_1014_S9_L001_R2_001_F	P19651_1014_S9_L001_R2_001_R	P19651_1015_S10_L001_R1_001_F	P19651_1015_S10_L001_R1_001_R	P19651_1015_S10_L001_R2_001_F	P19651_1015_S10_L001_R2_001_R	P19651_1016_S11_L001_R1_001_R	P19651_1016_S11_L001_R2_001_F	P19651_1017_S12_L001_R1_001_F	P19651_1017_S12_L001_R1_001_R	P19651_1017_S12_L001_R2_001_F	P19651_1017_S12_L001_R2_001_R	P19651_1018_S22_L001_R1_001_R	P19651_1018_S22_L001_R2_001_F	P19651_1019_S23_L001_R1_001_R	P19651_1019_S23_L001_R2_001_F	P19651_1020_S24_L001_R1_001_F	P19651_1020_S24_L001_R1_001_R	P19651_1020_S24_L001_R2_001_F	P19651_1020_S24_L001_R2_001_R	P19651_1021_S25_L001_R1_001_F	P19651_1021_S25_L001_R1_001_R	P19651_1021_S25_L001_R2_001_F	P19651_1021_S25_L001_R2_001_R	P19651_1022_S18_L001_R1_001_R	P19651_1022_S18_L001_R2_001_F	P19651_1023_S19_L001_R1_001_F	P19651_1023_S19_L001_R1_001_R	P19651_1023_S19_L001_R2_001_F	P19651_1023_S19_L001_R2_001_R	P19651_1024_S20_L001_R1_001_F	P19651_1024_S20_L001_R1_001_R	P19651_1024_S20_L001_R2_001_F	P19651_1024_S20_L001_R2_001_R	P19651_1025_S21_L001_R1_001_F	P19651_1025_S21_L001_R1_001_R	P19651_1025_S21_L001_R2_001_F	P19651_1025_S21_L001_R2_001_R	P19651_1026_S29_L001_R1_001_R	P19651_1026_S29_L001_R2_001_F	P19651_1027_S30_L001_R1_001_R	P19651_1027_S30_L001_R2_001_F	P19651_1028_S31_L001_R1_001_F	P19651_1028_S31_L001_R1_001_R	P19651_1028_S31_L001_R2_001_F	P19651_1028_S31_L001_R2_001_R	P19651_1029_S32_L001_R1_001_F	P19651_1029_S32_L001_R1_001_R	P19651_1029_S32_L001_R2_001_F	P19651_1029_S32_L001_R2_001_R	P19651_1030_S26_L001_R1_001_R	P19651_1030_S26_L001_R2_001_F	P19651_1031_S27_L001_R1_001_R	P19651_1031_S27_L001_R2_001_F	P19651_1032_S28_L001_R1_001_R	P19651_1032_S28_L001_R2_001_F
PbGEM-265828|PBANKA_010010	ATGGATACGGC	0	0	0	0	0	1	0	0	0	0	0	0	0	0	0	0	0	0	0	0	0	0	0	0	0	0	0	0	0	0	0	0	0	0	0	0	0	0	0	0	0	0	0	0	0	0	0	0	0	0	0	0	0	0	0	0	0	0	0	0	0	0	0	0	0	0	0	0	0	0	0	0	0	0	0	0	0	0	0	0	0	0	0	0	0	0	0	0	0	0	0	0	0	0	0	0	0	0
PbGEM-266060|PbGEM-266052|PBANKA_010080	CTCCAAGAACT	0	0	0	0	0	0	0	0	0	0	0	0	0	0	0	0	0	0	0	0	0	0	0	0	0	0	0	0	0	0	0	0	0	0	0	0	0	0	0	0	0	0	0	0	0	0	0	0	0	0	0	0	0	0	0	0	0	0	0	0	0	0	0	0	0	0	0	0	0	0	0	0	0	0	0	0	0	0	0	0	0	0	0	0	0	0	0	0	0	0	0	0	0	1	0	0	0	0
PbGEM-266100|PbGEM-266092|PbGEM-668501|PBANKA_010110	CAGCGTGATGT	6891	6712	6106	5960	0	18248	17951	0	15431	14965	1	4582	5737	1	0	15514	15201	0	13479	13845	0	8953	9685	0	2	37307	36241	2	1	44127	42913	1	0	28540	28670	0	35901	34881	46421	45290	1	41937	40479	1	0	45731	44687	0	42869	41713	0	7107	6948	0	7451	7267	18552	18131	0	10088	9838	0	1	9457	9404	1	8	8	0	33690	32818	0	0	16548	16396	0	2	41901	40597	2	42590	41564	38225	37138	2	39130	38091	2	0	41441	40298	0	49975	48739	44709	43565	44037	42670
PbGEM-081248|PBANKA_010140|PbGEM-226685|PbGEM-005301	GCCGCCATAAG	0	0	0	0	0	0	0	0	0	0	0	0	0	0	0	0	0	0	0	0	0	0	0	0	0	1	0	0	0	0	0	0	0	0	0	0	0	0	0	0	0	0	0	0	0	0	0	0	0	0	0	0	0	0	0	0	0	0	0	0	0	0	0	0	0	0	0	0	0	0	0	0	0	0	0	0	0	0	0	0	0	0	0	0	0	0	0	0	0	0	0	0	0	0	0	0	0	0
PbGEM-327555|PbGEM-646128|PbGEM-266220|PbGEM-646697|PbGEM-645943|PbGEM-646168|PBANKA_010240|PbGEM-670653|PbGEM-646160|PbGEM-539507|PbGEM-646136|PbGEM-646176|PbGEM-646728|PbGEM-646706|PbGEM-646669|PbGEM-646668|PbGEM-645951|PbGEM-646144|PbGEM-646152	CGCTAAGTCCG	0	0	0	0	0	2	2	0	3	3	0	10	12	0	0	3	3	0	12	14	0	3	3	0	0	10	10	0	0	4	4	0	0	4	4	0	1	1	2	2	0	9	7	0	0	0	0	0	3	3	0	0	0	0	0	0	2	2	0	1	1	0	0	38	35	0	0	0	0	6	6	0	0	9	8	0	0	5	5	0	2	2	1	0	0	2	2	0	0	0	0	0	10	10	2	2	1	1
PBANKA_010330|PbGEM-005549|PbGEM-226813	CATCGTAAGCT	1	0	0	0	0	0	0	0	0	0	0	0	0	0	0	0	0	0	0	0	0	0	0	0	0	0	0	0	0	0	0	0	0	0	0	0	0	0	0	0	0	0	0	0	0	0	0	0	0	0	0	0	0	0	0	0	0	0	0	0	0	0	0	0	0	0	0	0	0	0	0	0	0	0	0	0	0	0	0	0	0	0	0	0	0	0	0	0	0	0	0	0	0	0	0	0	0	0
PbGEM-266675|PbGEM-266667|PbGEM-327683|PBANKA_010550	TTCTAGTTCAT	0	0	0	0	0	0	0	0	0	0	0	0	0	0	0	0	0	0	0	0	0	0	0	0	0	0	1	0	0	0	0	0	0	0	0	0	0	0	0	0	0	0	0	0	0	0	0	0	0	0	0	0	0	0	0	0	0	0	0	0	0	0	0	0	0	0	0	0	0	0	0	0	0	0	0	0	0	0	0	0	0	0	0	0	0	0	0	0	0	0	0	0	0	0	0	0	0	0
PbGEM-646547|PbGEM-528356|PbGEM-528215|PbGEM-006162|PbGEM-227381|PbGEM-528074|PbGEM-006154|PbGEM-646381|PbGEM-645766|PBANKA_010770	CGCTGCAAACG	1840	1820	1590	1571	0	9	8	0	13	13	0	5	5	0	0	1	0	0	6	5	0	7	8	0	0	0	0	0	0	0	0	0	0	1	2	0	0	0	0	0	0	0	1	0	0	0	0	0	0	0	0	1821	1802	0	1825	1793	28	26	0	9	7	0	0	1	1	0	0	0	0	14	14	0	0	7	7	0	0	0	0	0	1	0	0	0	0	0	0	0	0	0	1	0	0	0	0	0	0	0
PbGEM-006202|PBANKA_010800|PbGEM-227421|PbGEM-006210	CGCGTGTGATT	0	0	0	0	0	0	0	0	0	1	0	0	0	0	0	0	0	0	0	0	0	0	0	0	0	0	2	0	0	0	0	0	0	0	0	0	0	0	0	0	0	0	0	0	0	0	0	0	0	0	0	0	0	0	0	0	0	0	0	0	0	0	0	0	1	0	0	0	0	0	0	0	0	0	0	0	0	0	0	0	0	1	0	0	0	0	0	0	0	0	0	0	0	0	0	0	0	1
PbGEM-112204|PbGEM-082161|PBANKA_020580|PbGEM-667693|PbGEM-328019|PbGEM-007462|PbGEM-228615	GGAGAAACGGA	2667	2612	2244	2225	0	67	65	0	169	162	0	68	86	0	0	5	5	0	5	4	0	36	39	0	0	115	110	0	0	154	149	0	0	63	64	0	57	55	31	32	0	1	1	0	0	2	1	0	220	219	0	2580	2544	0	2763	2738	134	131	0	88	88	0	0	84	85	0	0	0	0	20	18	0	0	35	35	0	0	157	152	0	194	193	53	52	0	53	50	0	0	42	41	0	1	1	0	0	206	207
PbGEM-082408|PbGEM-007799|PbGEM-229203|PBANKA_020830	TAACCTCTTCT	1802	1817	1798	1787	0	604	617	0	254	255	0	94	119	0	0	240	232	0	187	197	0	256	301	0	0	45	44	0	0	20	19	0	0	89	93	0	16	18	58	60	0	5	5	0	0	104	104	0	161	158	0	2075	2071	0	1773	1781	608	607	0	151	152	0	0	150	152	0	0	0	0	474	478	0	0	572	591	0	0	38	37	0	16	16	101	104	0	21	22	0	0	49	51	0	4	4	101	100	151	154
PbGEM-269355|PbGEM-269371|PbGEM-269363|PBANKA_030110	CCGCATGACAT	0	0	0	0	0	0	0	0	2	0	0	0	1	0	0	0	0	0	0	0	0	0	0	0	0	0	0	0	0	0	0	0	0	0	0	0	0	0	0	0	0	0	0	0	0	0	0	0	1	0	0	0	0	0	0	0	0	0	0	0	0	0	0	0	0	0	0	0	0	0	0	0	0	1	0	0	0	0	0	0	0	0	0	0	0	0	0	0	0	0	0	0	0	0	1	0	0	0
PbGEM-083015|PbGEM-227812|PbGEM-009054|PbGEM-009046|PBANKA_030230	GACGAGGGGCA	1891	1839	1747	1735	0	1	1	0	50	49	0	6	7	0	0	32	33	0	30	31	0	0	2	0	0	6	5	0	0	6	6	0	0	5	4	0	0	0	21	21	0	49	47	0	0	44	45	0	34	30	0	1890	1874	0	2242	2227	8	7	0	28	27	0	0	18	21	0	0	0	0	77	77	0	0	3	3	0	0	19	19	0	15	14	12	13	0	0	0	0	0	9	9	0	67	65	56	55	35	34
PbGEM-270259|PbGEM-646997|PbGEM-270251|PbGEM-646928|PBANKA_030820|PbGEM-270243	GTTAGCATGCA	2550	2512	2710	2657	0	1838	1834	0	2210	2165	0	631	780	0	0	2037	1995	0	1627	1689	0	1006	1097	0	0	4197	4108	0	0	4450	4301	0	0	3055	3057	0	4101	3956	6092	5973	0	5100	4946	0	0	5356	5234	0	4582	4479	0	2477	2448	0	3181	3113	1977	1935	0	1514	1480	0	0	1419	1404	0	2	2	0	3707	3603	0	0	1595	1584	0	0	4384	4248	0	4642	4526	4578	4463	0	4625	4540	0	0	5586	5440	0	6548	6421	5270	5129	5352	5198
PbGEM-083568|PBANKA_030980|PbGEM-010058|PbGEM-083560|PbGEM-229205	TTCGGGTAACG	0	0	0	0	0	0	0	0	0	0	0	0	0	0	0	0	0	0	0	0	0	0	0	0	0	0	0	0	0	0	2	0	0	0	0	0	0	0	0	0	0	0	3	0	0	0	0	0	0	0	0	0	0	0	0	0	0	0	0	0	0	0	0	0	0	0	0	0	0	0	0	0	0	0	0	0	0	0	0	0	0	0	0	1	0	0	1	0	0	0	1	0	0	0	0	2	0	0
PbGEM-010304|PbGEM-229581|PBANKA_031160	TTTGACGTGGA	0	0	0	0	0	0	0	0	0	0	0	0	0	0	0	0	0	0	0	0	0	0	0	0	0	0	0	0	0	0	0	0	0	0	0	0	0	0	0	0	0	1	0	0	0	0	0	0	0	0	0	0	0	0	0	0	0	0	0	0	0	0	0	0	0	0	0	0	0	0	0	0	0	0	0	0	0	0	0	0	0	0	0	0	0	0	0	0	0	0	0	0	0	0	0	0	0	0
PBANKA_031170|PbGEM-010320|PbGEM-083690|PbGEM-229604	ACGCGTGATCT	0	0	0	0	0	0	0	0	0	0	0	0	1	0	0	0	0	0	0	0	0	0	0	0	0	1	0	0	0	0	0	0	0	0	0	0	0	0	0	0	0	0	0	0	0	0	0	0	0	0	0	0	0	0	0	0	0	0	0	0	0	0	0	0	0	0	0	0	0	0	0	0	0	0	0	0	0	0	0	0	0	0	0	0	0	0	0	0	0	0	0	0	0	0	0	0	0	0
PbGEM-083801|PbGEM-083793|PBANKA_031270|PbGEM-646954|PbGEM-229846	GCCAGATGTAT	1748	1714	1459	1413	0	3543	3520	0	4152	4002	0	1158	1498	0	0	1911	1860	0	1306	1337	0	1910	2080	0	0	2056	1983	0	0	3180	3085	0	0	1923	1897	0	2612	2520	1849	1775	0	1730	1653	0	0	2139	2063	0	2044	1996	0	1680	1614	0	1811	1753	3994	3910	0	2696	2618	0	0	2039	2029	0	0	0	0	3540	3409	0	0	3384	3317	0	0	2319	2250	0	3209	3095	2757	2638	0	2879	2801	0	0	1750	1690	0	2103	2015	2168	2074	2542	2438
PbGEM-646965|PbGEM-647083|PbGEM-270954|PbGEM-270946|PBANKA_031330|PbGEM-328667|PbGEM-270938	TTTGTTTAACC	1843	1821	1680	1643	0	988	979	0	751	732	0	195	241	0	0	312	300	0	192	193	0	446	493	0	0	658	637	0	0	473	464	0	0	294	292	0	335	326	218	216	0	157	148	0	0	320	309	0	741	704	0	1833	1787	0	2072	2037	811	793	0	508	507	0	0	418	425	0	0	0	0	590	578	0	0	736	741	0	0	764	746	0	477	474	387	386	0	400	396	0	0	167	164	0	204	202	336	326	898	868
PbGEM-341820|PBANKA_031380|PbGEM-230078|PbGEM-010621|PbGEM-668989|PbGEM-646764|PbGEM-010613	ACCGCCATCCA	4144	4111	3622	3603	0	20	18	0	298	291	0	62	85	0	0	39	42	0	34	35	0	11	11	0	0	240	241	0	0	190	185	0	0	89	89	0	336	327	33	34	0	2	2	0	0	45	44	0	11	10	0	3951	3924	0	4400	4341	29	28	0	197	195	0	0	166	165	0	0	0	0	27	26	0	0	16	18	0	0	260	247	0	173	169	112	110	0	327	322	0	0	25	25	0	11	10	36	34	20	20
PbGEM-011177|PbGEM-230789|PbGEM-011169|PBANKA_040230	GGCAGTATCGA	2144	2084	1777	1744	0	0	0	0	14	13	0	9	11	0	0	55	54	0	40	40	0	0	0	0	0	4	4	0	0	58	56	0	0	0	0	0	11	10	8	9	0	79	72	0	0	4	4	0	70	72	0	2100	2061	0	2279	2220	12	12	0	6	6	0	0	30	30	0	0	0	0	161	156	0	0	0	0	0	0	5	4	0	66	66	0	0	0	22	23	0	0	9	9	0	124	127	6	6	98	92
PbGEM-645633|PbGEM-645694|PbGEM-011493|PbGEM-011485|PbGEM-674229|PbGEM-228942|PBANKA_040480	GGCCGACTGCG	1688	1632	1369	1322	0	533	531	0	712	686	0	196	227	0	0	354	338	0	280	281	0	221	239	0	0	95	84	0	0	183	170	0	0	77	74	0	400	393	184	177	0	64	58	0	0	141	140	0	170	167	0	1563	1514	0	1715	1653	525	508	0	416	405	0	0	335	329	0	0	0	0	831	805	0	0	391	381	0	0	137	135	0	192	186	120	116	0	424	401	0	0	159	153	0	70	69	139	135	196	187
PbGEM-341844|PBANKA_040630|PbGEM-585444|PbGEM-328915|PbGEM-271930|PbGEM-271922	CGTTCTGGATC	0	0	0	0	0	0	0	0	0	0	0	0	0	0	0	0	0	0	0	0	0	0	0	0	0	0	0	0	0	0	0	0	0	0	0	0	0	0	0	0	0	0	0	0	0	0	0	0	0	0	0	0	0	0	0	0	0	0	0	0	0	0	0	0	0	0	0	0	0	3	3	0	0	0	0	0	0	0	0	0	0	0	0	0	0	0	0	0	0	0	0	0	0	0	0	0	0	0
PbGEM-538051|PbGEM-528296|PbGEM-528155|PbGEM-467278|PbGEM-645854|PbGEM-111826|PBANKA_040820|PbGEM-539483|PbGEM-084520|PbGEM-229765|PbGEM-011988|PbGEM-646469|PbGEM-528437|PbGEM-646635	AATCCTTTACT	358	352	295	292	0	510	505	0	938	933	0	187	252	0	0	434	435	0	397	406	0	183	204	0	0	647	650	0	0	1250	1236	0	0	738	748	0	1590	1578	982	965	0	773	755	0	0	855	840	0	758	755	0	338	334	0	416	410	471	462	0	590	586	0	0	534	538	0	0	0	0	990	985	0	0	373	363	0	0	788	776	0	1208	1192	1058	1051	0	1898	1859	0	0	1010	1002	0	917	895	860	849	1124	1099
PBANKA_040980|PbGEM-646996|PbGEM-272234|PbGEM-272242	GGAGAGCGGAG	2179	2138	1982	1956	0	533	533	0	778	757	0	257	321	0	0	824	811	0	860	879	0	281	305	0	0	20	20	0	0	68	64	0	0	0	0	0	0	0	217	213	0	209	205	0	0	140	138	0	71	72	0	2167	2133	0	2304	2244	691	677	0	459	453	0	0	516	514	0	1	1	0	2304	2236	0	0	602	595	0	0	22	23	0	59	57	1	2	0	1	1	0	0	252	240	0	326	319	141	137	116	109
PbGEM-673157|PbGEM-272434|PBANKA_041150|PbGEM-272426	CTCGAGGTCCT	0	0	0	0	0	0	0	0	0	0	0	0	0	0	0	0	0	0	0	0	0	0	0	0	0	0	1	0	0	0	0	0	0	0	0	0	0	0	0	0	0	0	0	0	0	0	0	0	0	0	0	0	0	0	0	0	0	0	0	0	0	0	0	0	0	0	0	0	0	0	0	0	0	0	0	0	0	0	0	0	0	0	0	0	0	0	0	0	0	0	0	0	0	0	0	0	0	1
PBANKA_041190|PbGEM-272490|PbGEM-272482	AGAGTTTCGGA	0	0	0	0	0	0	0	0	0	0	0	0	0	0	0	0	0	0	0	0	0	0	0	0	0	0	0	0	0	0	0	0	0	0	0	0	0	0	0	0	0	0	0	0	0	0	0	0	0	0	0	0	0	0	0	0	4	4	0	0	0	0	0	0	0	0	0	0	0	0	0	0	0	0	0	0	0	0	0	0	0	0	0	0	0	0	0	0	0	0	0	0	0	0	0	0	0	0
PBANKA_041350|PbGEM-230494|PbGEM-012712|PbGEM-121274	CTGGCCGCTAA	1761	1776	1524	1534	0	1867	1895	0	3188	3205	0	956	1235	0	0	2018	2045	0	1582	1651	0	976	1059	0	0	2	2	0	0	1	1	0	0	2	1	0	1	1	1	3	0	2	2	0	0	0	0	0	1	2	0	1705	1714	0	1926	1935	1973	1975	0	2168	2163	0	0	1920	1957	0	1	0	0	3906	3926	0	0	1670	1691	0	0	2	2	0	0	0	0	0	0	0	0	0	0	1	0	0	0	0	0	0	1	1
PbGEM-013401|PBANKA_041820|PbGEM-231324	ATTGTCATCCA	0	0	0	0	0	0	0	0	0	0	0	0	0	0	0	0	0	0	0	0	0	0	0	0	0	0	0	0	0	0	0	0	0	0	0	0	0	0	0	0	0	0	0	0	0	0	0	0	0	0	0	0	0	0	0	0	0	0	0	0	0	0	0	0	0	0	0	0	0	0	0	0	0	0	0	0	0	0	0	0	0	0	0	0	0	0	1	0	0	0	0	0	0	0	0	0	0	0
PbGEM-273538|PBANKA_050120|PbGEM-273546|PbGEM-329235	CTCGGGAGGGG	0	0	0	0	0	0	0	0	0	0	0	0	0	0	0	0	0	0	0	0	0	0	0	0	0	0	0	0	0	0	0	0	0	0	1	0	0	0	0	0	0	0	0	0	0	0	0	0	0	0	0	0	0	0	0	0	0	0	0	0	0	0	0	0	0	0	0	0	0	0	0	0	0	0	0	0	0	0	0	0	0	0	0	0	0	0	0	0	0	0	0	0	0	0	0	0	0	0
PbGEM-013663|PBANKA_050170|PbGEM-341900|PbGEM-646981|PbGEM-231633|PbGEM-085340|PbGEM-646744	ATGTCTGCCTA	4857	4771	4083	4026	0	8844	8797	0	8286	8165	0	2513	3175	0	0	6321	6231	0	5977	6178	0	4583	5041	0	0	373	370	0	0	661	649	0	0	620	613	0	1092	1073	65	65	0	25	26	0	0	53	50	0	33	31	0	4770	4693	0	5223	5140	8995	8835	0	5936	5831	0	0	4684	4680	0	1	1	0	13715	13380	0	0	9115	9141	0	0	516	506	0	661	661	898	884	0	1123	1100	0	0	48	47	0	23	24	50	46	60	54
PbGEM-085413|PBANKA_050250|PbGEM-013791|PbGEM-231771	AAGCGTTCCAC	0	0	0	0	0	0	1	0	0	0	0	0	0	0	0	0	0	0	0	0	0	0	0	0	0	0	0	0	0	0	0	0	0	0	0	0	0	0	0	0	0	0	0	0	0	0	0	0	0	0	0	0	0	0	0	0	0	0	0	0	0	0	0	0	0	0	0	0	0	0	0	0	0	0	0	0	0	0	0	0	0	0	0	0	0	0	0	0	0	0	0	0	0	0	0	0	0	0
PbGEM-273778|PbGEM-273770|PBANKA_050250|PbGEM-273786	GATGATCCGTT	2494	2406	2166	2115	0	152	151	0	112	107	0	122	148	0	0	1185	1160	0	839	862	0	64	72	0	0	373	357	0	0	430	418	0	0	12	11	0	179	173	689	671	0	758	724	0	0	769	742	0	404	398	0	2406	2320	0	2668	2575	168	159	0	71	64	0	0	239	238	0	0	0	0	2102	2040	0	0	165	166	0	0	299	293	0	390	371	41	38	0	149	144	0	0	678	652	0	823	789	735	700	476	461
PbGEM-014224|PBANKA_050550|PbGEM-230737	GGTAAGTGTCC	0	0	0	1	0	0	0	0	0	0	0	0	0	0	0	0	0	0	0	0	0	0	0	0	0	0	0	0	0	0	0	0	0	0	0	0	0	0	0	0	0	0	0	0	0	0	0	0	0	0	0	0	0	0	0	0	0	0	0	0	0	0	0	0	0	0	0	0	0	0	0	0	0	0	0	0	0	0	0	0	0	0	0	0	0	0	0	0	0	0	0	0	0	0	0	0	0	0
PbGEM-230925|PBANKA_050650|PbGEM-014384|PbGEM-329403	CTTCAAGCCGT	2126	2104	2008	1994	0	31040	30902	0	50605	49526	0	24572	30362	0	1	53002	52176	1	41991	43350	0	11896	12967	0	0	25721	25261	0	0	34873	34287	0	0	22601	22835	0	31762	31096	38332	37679	1	32349	31534	1	0	33928	33442	0	24705	24259	0	2172	2108	0	2331	2311	30785	30311	1	35263	34625	1	0	43457	43507	0	13	12	0	98125	96758	0	1	20936	20866	1	0	27171	26584	0	34646	34021	28269	27795	0	34473	33822	0	3	37369	36690	3	38917	38065	34674	34125	28334	27755
PbGEM-015996|PBANKA_051770|PbGEM-086344|PbGEM-232524|PbGEM-646983|PbGEM-264508	TTTGACAGGGG	5667	5517	5560	5415	1	11324	11185	1	12108	11723	0	3130	3894	0	0	8214	8007	0	6982	7149	0	5388	5866	0	0	1543	1500	0	0	1654	1603	0	0	1259	1267	0	1398	1343	2742	2670	0	1503	1437	0	0	2608	2568	0	2106	2029	0	5874	5733	0	6521	6361	11426	11172	0	6485	6315	0	0	6287	6187	0	2	2	0	17207	16781	0	0	11524	11345	0	0	1699	1633	0	1591	1534	1788	1722	0	1567	1527	0	0	2979	2865	0	1815	1753	2556	2490	2492	2406
PbGEM-646807|PbGEM-275850|PBANKA_051820|PbGEM-275834|PbGEM-329739|PbGEM-275858|PbGEM-275842	TGTTTCCGTTG	1826	1739	1930	1850	0	1730	1671	0	1685	1602	0	459	550	0	0	629	610	0	451	454	1	705	770	1	0	777	745	0	0	730	704	0	0	480	460	0	650	621	682	646	0	445	419	0	0	597	564	0	429	407	0	2053	1955	0	1800	1742	1540	1483	0	1210	1149	0	0	906	894	0	0	0	0	1096	1061	0	0	1321	1282	0	0	648	621	0	696	653	685	652	0	571	549	0	0	753	723	0	605	582	476	452	547	510
PbGEM-585860|PbGEM-654581|PbGEM-533907|PbGEM-329771|PbGEM-533915|PBANKA_051940|PbGEM-650813|PbGEM-276074|PbGEM-276082	TGACCATTGTT	0	0	0	0	0	0	0	0	0	0	0	0	0	0	0	0	0	0	0	0	0	0	0	0	0	0	0	0	0	0	0	0	0	0	0	0	0	0	0	0	0	0	0	0	0	0	0	0	0	0	0	0	0	0	0	0	0	0	0	0	1	0	0	0	0	0	0	0	0	0	0	0	0	0	0	0	0	0	0	0	0	0	0	0	0	0	0	0	0	0	0	0	0	0	0	0	0	0
PbGEM-645760|PbGEM-232885|PbGEM-121386|PbGEM-646375|PbGEM-646541|PbGEM-528068|PbGEM-329803|PbGEM-016382|PbGEM-121306|PbGEM-528350|PBANKA_052020|PbGEM-086590|PbGEM-528209	GTTAGCTGTCC	2162	2191	1905	1919	0	7	8	0	0	0	0	3	1	0	0	2	2	0	0	0	0	0	0	0	0	1	1	0	0	0	0	0	0	0	0	0	0	0	0	0	0	1	0	0	0	0	0	0	1	1	0	2115	2138	0	2334	2354	2	2	0	0	0	0	0	0	0	0	0	0	0	11	11	0	0	0	0	0	0	0	0	0	0	0	0	0	0	0	0	0	0	1	1	0	1	1	0	0	0	0
PbGEM-232971|PBANKA_052080|PbGEM-016478	CTGGCAGTTAA	0	1	0	0	0	1	0	0	0	0	0	0	0	0	0	0	0	0	0	0	0	0	0	0	0	0	0	0	0	0	0	0	0	0	0	0	0	0	0	0	0	0	0	0	0	0	0	0	0	0	0	1	0	0	0	0	0	0	0	0	0	0	0	2	0	0	0	0	0	0	1	0	0	0	0	0	0	0	0	0	0	0	0	0	0	0	0	0	0	0	0	0	0	0	0	0	0	0
PbGEM-017128|PbGEM-233989|PBANKA_060120	CAGGTTCGTTT	0	0	0	0	0	0	0	0	0	0	0	0	0	0	0	0	0	0	0	0	0	0	0	0	0	0	0	0	0	1	0	0	0	0	0	0	0	0	0	0	0	0	0	0	0	0	0	0	0	0	0	0	0	0	0	0	0	0	0	0	0	0	0	0	0	0	0	0	0	0	0	0	0	0	0	0	0	0	0	0	0	0	0	0	0	0	0	0	0	0	0	0	0	0	0	0	0	0
PBANKA_060210|PbGEM-017243|PbGEM-017251	TTATGGATGCG	0	0	0	0	0	0	0	0	0	0	0	0	0	0	0	0	0	0	0	0	0	0	0	0	0	0	0	0	0	0	0	0	0	0	0	0	0	0	0	0	0	0	1	0	0	0	0	0	0	0	0	0	0	0	0	0	0	0	0	0	0	0	0	0	0	0	0	0	0	0	0	0	0	0	0	0	0	0	0	0	0	0	0	0	0	0	0	0	0	0	0	0	0	0	0	0	0	0
PBANKA_060370|PbGEM-017506|PbGEM-232341	GTTCGGTCGGC	0	1	0	0	0	0	1	0	0	0	0	0	0	0	0	0	0	0	0	0	0	0	0	0	0	0	0	0	0	0	0	0	0	0	0	0	0	0	0	0	0	0	0	0	0	0	0	0	0	0	0	0	0	0	0	0	0	0	0	0	0	0	0	0	0	0	0	0	0	0	0	0	0	0	0	0	0	0	0	0	0	0	0	0	0	0	0	0	0	0	0	0	0	0	0	0	0	0
PbGEM-232668|PbGEM-087169|PBANKA_060570|PbGEM-017819	CTGGTGTCGAC	0	0	0	0	0	0	0	0	0	0	0	0	0	0	0	0	0	0	0	0	0	0	0	0	0	0	0	0	0	0	0	0	0	0	0	0	0	0	0	0	0	0	0	0	0	0	0	0	0	0	0	0	0	0	0	0	0	0	0	0	0	0	0	0	1	0	0	0	0	0	0	0	0	0	0	0	0	0	0	0	0	0	0	0	0	0	0	0	0	0	0	0	0	0	0	0	0	0
PBANKA_060870|PbGEM-673453|PbGEM-277810	TTCGGTACGCC	0	0	0	0	0	0	0	0	0	0	0	0	0	0	0	0	0	0	0	0	0	0	0	0	0	0	0	0	0	0	0	0	0	0	0	0	0	0	0	0	0	0	0	0	0	0	0	0	0	0	0	0	0	0	1	0	0	0	0	0	0	0	0	1	0	0	0	0	0	0	0	0	0	0	0	0	0	0	0	0	0	0	0	0	0	0	0	0	0	0	0	0	0	0	1	0	0	0
PbGEM-233743|PbGEM-087479|PbGEM-646708|PbGEM-018606|PbGEM-018598|PBANKA_061140	AGAACATACTG	1888	1875	1674	1643	0	197	192	0	133	128	0	28	32	0	0	60	60	0	62	58	0	93	107	0	0	8	8	0	0	50	51	0	0	78	74	0	121	118	141	141	0	23	24	0	0	111	112	0	77	78	0	1789	1784	0	1921	1898	186	183	0	75	74	0	0	92	91	0	0	0	0	76	75	0	0	131	126	0	0	7	7	0	108	108	129	128	0	88	88	0	0	101	101	0	36	36	124	118	107	108
PbGEM-018903|PbGEM-087660|PBANKA_061360|PbGEM-234174	AATCATTTCTG	10	1	3	5	0	1	2	0	1	1	0	2	1	0	0	5	3	0	6	3	0	0	1	0	0	0	0	0	0	1	0	0	0	0	0	0	2	2	1	0	0	0	0	0	0	0	0	0	1	0	0	2	2	0	6	2	3	1	0	0	1	0	0	1	0	0	0	0	0	7	7	0	0	3	2	0	0	0	0	0	0	0	0	1	0	1	1	0	0	0	0	0	0	1	0	0	0	0
PbGEM-646732|PbGEM-072498|PBANKA_061670	TCTCGGTTAT	1791	1752	2052	1967	0	3049	2991	0	5815	5590	0	1359	1713	0	0	2698	2618	0	2322	2372	0	1800	1906	0	0	312	302	0	0	358	344	0	0	572	567	0	753	734	74	69	0	37	35	0	0	71	67	0	1	1	0	2290	2233	0	1980	1920	2859	2754	0	3732	3608	0	0	2752	2718	0	2	2	0	4960	4792	0	0	2851	2794	0	0	173	171	0	337	325	623	613	0	731	702	0	0	60	55	0	58	54	68	68	14	13
PbGEM-279634|PBANKA_062180|PbGEM-279642|PbGEM-279650	CTGGAAGTAAT	1655	1616	1392	1343	0	113	118	0	8	8	0	38	45	0	0	170	170	0	176	185	0	44	53	0	0	54	55	0	0	135	131	0	0	1	1	0	1	1	193	181	0	97	90	0	0	231	225	0	61	60	0	1577	1524	0	1849	1807	99	95	0	10	8	0	0	31	32	0	0	0	0	426	417	0	0	93	90	0	0	92	90	0	158	156	10	10	0	1	1	0	0	132	130	0	61	59	211	201	62	58
PbGEM-021263|PbGEM-088916|PBANKA_070690|PbGEM-234317	AAGCGAGCTGT	0	0	0	0	0	0	0	0	0	0	0	0	0	0	0	0	0	0	0	0	0	0	0	0	0	0	0	0	0	0	0	0	0	0	0	0	0	0	0	0	0	0	1	0	0	0	0	0	0	0	0	0	0	0	0	0	0	0	0	0	0	0	0	0	0	0	0	0	0	0	0	0	0	0	0	0	0	0	0	0	0	0	0	0	0	0	1	0	0	0	0	0	0	0	0	0	0	0
PbGEM-234332|PbGEM-021279|PBANKA_070700|PbGEM-088932|PbGEM-088924	CTACAAGTTCA	3678	3619	3000	2956	0	9085	9052	0	8451	8280	0	2754	3418	0	0	7448	7354	0	6324	6490	0	4550	4915	0	0	17982	17637	0	0	21454	21064	0	1	10916	11010	1	16854	16504	20553	20234	1	18461	17955	1	0	20277	19989	0	18354	17987	0	3622	3565	0	3695	3639	9321	9215	0	5603	5480	0	0	5188	5257	0	4	3	0	15858	15610	0	0	8115	8063	0	0	18973	18595	0	20730	20449	14937	14671	0	18871	18546	0	1	19591	19315	1	21359	20990	19791	19495	20606	20271
PbGEM-665157|PbGEM-021754|PbGEM-467265|PbGEM-021746|PbGEM-330779|PbGEM-534323|PBANKA_071010|PbGEM-234822	ATAGGTGGTGA	2081	2004	1852	1786	0	332	330	0	1554	1464	0	461	554	0	0	1033	982	0	730	733	0	185	191	0	0	196	186	0	0	155	143	0	0	34	35	0	58	54	187	179	0	347	331	0	0	637	613	0	167	156	0	2036	1950	0	2293	2201	432	410	0	960	927	0	0	913	875	0	0	0	0	2165	2070	0	0	356	354	0	0	219	205	0	134	130	42	40	0	36	33	0	0	252	239	0	472	452	577	554	233	221
PbGEM-668685|PBANKA_071290|PbGEM-586404|PbGEM-676831|PbGEM-281658|PbGEM-281666|PbGEM-330867	ACGTCATCGAG	0	0	0	0	0	0	0	0	0	0	0	0	0	0	0	0	0	0	0	0	0	0	0	0	0	0	0	0	0	0	0	0	0	0	0	0	0	0	0	0	0	0	0	0	0	0	0	0	0	0	0	0	0	0	0	0	0	0	0	0	0	0	0	0	0	0	0	0	0	0	1	0	0	0	0	0	0	0	0	0	0	0	0	0	0	0	0	0	0	0	0	0	0	0	0	0	0	0
PbGEM-236266|PbGEM-089624|PBANKA_071690	CTTCCCGTCGA	0	0	0	0	0	0	0	0	0	0	0	0	0	0	0	0	0	0	0	0	0	1	0	0	0	0	0	0	0	0	0	0	0	0	0	0	0	0	0	0	0	0	0	0	0	0	0	0	0	0	0	0	0	0	0	0	0	1	0	0	0	0	0	0	0	0	0	0	0	0	0	0	0	0	0	0	0	0	0	0	0	0	0	0	0	0	0	0	0	0	0	0	0	0	0	0	0	0
PbGEM-089700|PbGEM-022786|PbGEM-236367|PbGEM-089708|PBANKA_071760	CACGTCAGTAT	1109	1080	805	792	0	88	87	0	4	4	0	9	9	0	0	40	38	0	46	48	0	47	55	0	0	70	69	0	0	0	0	0	0	8	9	0	0	0	1	1	0	1	0	0	0	49	48	0	54	51	0	1104	1076	0	1029	1014	99	100	0	4	3	0	0	9	9	0	0	0	0	74	72	0	0	56	60	0	0	68	64	0	1	0	2	2	0	0	0	0	0	0	0	0	0	0	65	60	82	83
PbGEM-236645|PbGEM-022991|PBANKA_071910	GCATCGTGATT	0	0	0	0	0	0	1	0	0	0	0	0	0	0	0	0	0	0	0	0	0	0	0	0	0	0	0	0	0	0	0	0	0	0	0	0	0	0	0	0	0	0	0	0	0	0	0	0	0	0	0	0	0	0	0	0	0	0	0	0	0	0	0	0	0	0	0	0	0	0	0	0	0	0	0	0	0	0	0	0	0	0	0	0	0	0	0	0	0	0	0	0	0	0	0	0	0	0
PBANKA_080560|PbGEM-236212|PbGEM-090414|PbGEM-194042|PbGEM-090422|PbGEM-024171	AATCCCGGCGA	164	163	172	166	0	0	0	0	0	0	0	0	0	0	0	0	0	0	0	0	0	0	0	0	0	0	0	0	0	0	0	0	0	0	0	0	0	0	0	0	0	0	0	0	0	0	0	0	0	0	0	172	167	0	221	214	0	0	0	0	0	0	0	0	0	0	0	0	0	0	0	0	0	0	0	0	0	0	0	0	0	0	0	0	0	0	0	0	0	0	0	0	0	0	0	0	0	0
PbGEM-646638|PbGEM-645857|PbGEM-665501|PbGEM-236398|PbGEM-528299|PbGEM-467281|PbGEM-090491|PbGEM-528158|PbGEM-024283|PbGEM-538339|PBANKA_080630|PbGEM-331395|PbGEM-528440|PbGEM-646472	GAAGGTGGTAC	2241	2275	1975	2003	0	1536	1569	0	1302	1309	0	350	473	0	0	1011	1024	0	896	944	0	691	772	0	0	387	391	0	0	579	572	0	0	502	507	0	411	417	24	25	0	31	31	0	0	60	61	0	384	388	0	2133	2175	0	2398	2437	1797	1827	0	798	802	0	0	701	713	0	0	0	0	1882	1883	0	0	1345	1375	0	0	376	373	0	543	554	725	730	0	450	452	0	0	16	16	0	45	46	50	54	464	454
PbGEM-236607|PBANKA_080730|PbGEM-024443	CTTGGGAGGCG	0	0	0	0	0	0	0	0	0	0	0	0	0	0	0	0	0	0	0	0	0	0	0	0	0	0	0	0	0	0	0	0	0	0	1	0	0	0	0	0	0	0	0	0	0	0	0	0	0	0	0	0	0	0	0	0	0	0	0	0	0	0	0	0	0	0	0	0	0	0	0	0	0	0	0	0	0	0	0	0	0	0	0	0	0	0	0	0	0	0	0	0	0	0	0	0	0	0
PbGEM-226197|PbGEM-236752|PbGEM-024548|PbGEM-645786|PbGEM-528093|PbGEM-646567|PbGEM-236773|PbGEM-646401|PbGEM-112371|PBANKA_080800|PbGEM-528234|PbGEM-111786|PbGEM-528375	AATGTCATGCA	1907	1869	1704	1675	0	12	12	0	750	732	0	282	350	0	0	419	412	0	240	251	0	2	1	0	0	463	448	0	0	689	673	0	0	371	380	0	1023	1005	249	243	0	273	268	0	0	159	156	0	50	48	0	1819	1794	0	2095	2068	6	6	0	532	512	0	0	514	520	0	0	0	0	680	653	0	0	5	5	0	0	535	520	0	699	671	566	552	0	1158	1128	0	0	253	249	0	373	364	148	147	76	74
PBANKA_080830|PbGEM-024596|PbGEM-236815	CATCCACTTCA	0	0	0	0	0	0	0	0	0	0	0	0	0	0	0	0	0	0	0	0	0	0	0	0	0	0	0	0	0	0	0	0	0	0	0	0	0	0	0	0	0	0	0	0	0	0	0	0	0	0	0	0	0	0	0	0	0	0	0	0	0	0	0	0	0	0	0	0	0	1	0	0	0	0	0	0	0	0	0	0	0	0	0	0	0	0	0	0	0	0	0	0	0	0	0	0	0	0
PbGEM-331603|PbGEM-284546|PbGEM-284538|PbGEM-342124|PBANKA_081600	CGAGCCTTGAA	2389	2399	1690	1696	0	3228	3320	0	5046	5069	0	1387	1747	0	0	2405	2409	0	2525	2672	0	1735	1934	0	0	776	776	0	0	1262	1267	0	0	799	823	0	558	557	82	86	0	180	176	0	0	154	152	0	114	113	0	2277	2290	0	2107	2108	3744	3772	0	3342	3354	0	0	2487	2542	0	2	2	1	5789	5826	1	0	3443	3497	0	0	826	826	0	1217	1224	1279	1292	0	745	737	0	0	107	106	0	176	182	179	182	146	147
PbGEM-646543|PbGEM-646377|PbGEM-238732|PbGEM-025757|PbGEM-528211|PbGEM-528070|PbGEM-238770|PbGEM-226205|PbGEM-528352|PbGEM-645762|PbGEM-331627|PBANKA_081700|PbGEM-025749	CGGATAGTCGT	2336	2279	2047	1976	0	847	836	0	832	790	0	200	248	0	0	200	196	0	154	166	0	526	552	0	0	97	95	0	0	29	27	0	0	12	10	0	8	8	1	0	0	1	0	0	0	0	0	0	29	30	0	2224	2143	0	2404	2336	940	907	0	557	531	0	0	395	393	0	0	0	0	379	369	0	0	958	938	0	0	93	92	0	25	24	1	1	0	38	38	0	0	0	0	0	1	1	0	0	30	26
PbGEM-091584|PbGEM-259484|PBANKA_082450|PbGEM-195410|PbGEM-091576	ATCTCAAAGTG	3174	3064	3470	3340	0	53	46	0	57	53	0	21	29	0	0	11	12	0	7	6	0	11	9	0	0	10	11	0	0	27	27	0	0	11	10	0	1	1	1	0	0	1	1	0	0	0	0	0	6	6	0	4003	3881	0	3260	3138	30	27	0	47	46	0	0	11	11	0	0	0	3	26	25	3	0	20	20	0	0	13	13	0	30	28	12	11	0	1	0	0	0	0	0	0	0	0	0	1	21	21
PbGEM-653941|PbGEM-586780|PbGEM-285666|PBANKA_082670|PbGEM-285658	ATTTAAAGCAG	0	0	0	0	0	0	1	0	0	0	0	0	0	0	0	0	0	0	0	0	0	0	0	0	0	0	0	0	0	0	0	0	0	0	0	0	0	0	0	0	0	0	0	0	0	0	0	0	0	0	0	0	0	0	0	0	0	0	0	0	0	0	0	0	0	0	0	0	0	0	0	0	0	0	0	0	0	0	0	0	0	0	0	0	0	0	0	0	0	0	0	0	0	0	0	0	0	0
PbGEM-286154|PbGEM-286146|PbGEM-664813|PBANKA_083110	CGAGAGATACA	1273	1269	1053	1046	0	1177	1174	0	1359	1336	0	264	349	0	0	490	489	0	441	463	0	517	577	0	0	2426	2412	0	0	2914	2878	0	0	1692	1713	0	2625	2586	1257	1234	0	1187	1165	0	0	1173	1150	0	1407	1401	0	1188	1183	0	1265	1248	1193	1196	0	795	789	0	0	570	570	0	0	0	0	1085	1068	0	0	1050	1045	0	0	2440	2389	0	2919	2882	2374	2338	0	2699	2673	0	0	1259	1249	0	1483	1460	1154	1151	1757	1739
PbGEM-237347|PbGEM-029420|PBANKA_090860	ACCTCTGACAG	0	0	0	0	0	0	1	0	0	0	0	0	0	0	0	0	0	0	0	0	0	0	0	0	0	0	0	0	0	0	0	0	0	0	0	0	0	0	0	0	0	0	0	0	0	0	0	0	0	0	0	0	0	0	0	0	0	0	0	0	0	0	0	0	0	0	0	0	0	0	0	0	0	0	0	0	0	0	0	0	0	0	0	0	0	0	0	0	0	0	0	0	0	0	0	0	0	0
PBANKA_091820|PbGEM-646952|PbGEM-646738|PbGEM-093589|PbGEM-239750|PbGEM-093581	GCGTGGAGATT	2338	2305	2097	2050	0	653	638	0	880	851	0	244	278	0	0	584	573	0	509	521	0	305	340	0	0	154	152	0	0	330	327	0	0	146	148	0	368	366	218	216	0	179	174	0	0	268	259	0	227	225	0	2317	2241	0	2429	2397	775	758	0	501	491	0	0	435	441	0	0	0	0	1098	1065	0	0	574	579	0	0	216	201	0	302	295	254	253	0	407	400	0	0	201	196	0	211	210	294	286	243	233
PbGEM-240203|PbGEM-030960|PBANKA_091990|PbGEM-030952|PbGEM-332707	CTCCTTTCTAC	2045	2091	1624	1658	0	888	915	0	602	616	0	132	172	0	0	325	345	0	368	402	0	436	514	0	0	0	0	0	0	0	0	0	0	26	27	0	1	0	65	70	0	21	22	0	0	14	14	0	5	5	1	2023	2066	1	2175	2233	970	993	0	376	386	0	0	392	409	0	0	0	0	721	747	0	0	1145	1193	0	0	1	1	0	2	2	23	22	0	0	1	0	0	27	32	0	17	17	19	20	5	5
PBANKA_092750|PbGEM-031902	CTGCAAGCGGT	0	0	0	0	0	0	0	0	1	0	0	2	0	0	0	1	2	0	0	0	0	1	0	0	0	0	0	0	0	0	0	0	0	0	1	0	0	1	0	0	0	1	0	0	0	0	0	0	0	0	0	0	0	0	0	0	0	1	0	0	0	0	0	0	0	0	0	0	0	1	2	0	0	0	0	0	0	0	0	0	0	0	0	1	0	1	2	0	0	0	2	0	0	1	0	0	1	1
PBANKA_092790|PbGEM-031966|PbGEM-121394|PbGEM-241723	CGACAAGTTCC	0	0	0	0	0	0	0	0	0	0	0	0	0	0	0	0	0	0	0	0	0	0	0	0	0	0	0	0	0	0	0	0	0	0	0	0	1	0	0	0	0	0	0	0	0	0	0	0	0	0	0	0	0	0	0	0	0	0	0	0	0	0	0	0	0	0	0	0	0	0	0	0	0	1	0	0	0	0	0	0	0	0	0	0	0	0	0	0	0	0	0	0	0	0	0	0	0	0
PbGEM-032080|PbGEM-241915|PbGEM-342300|PbGEM-094197|PBANKA_092870|PbGEM-646967	GTTTAGACCGG	0	0	0	0	0	0	0	0	0	0	0	0	0	0	0	0	0	0	0	0	0	0	0	0	0	0	0	0	0	0	0	0	0	0	0	0	0	0	0	0	0	0	0	0	0	0	0	0	0	0	0	0	1	0	0	0	0	0	0	0	0	0	0	0	0	0	0	0	0	0	0	0	0	0	0	0	0	0	0	0	0	0	0	0	0	0	0	0	0	0	0	0	0	0	0	0	0	0
PbGEM-528401|PbGEM-032467|PbGEM-527243|PbGEM-528260|PbGEM-239165|PbGEM-527251|PbGEM-539675|PbGEM-645812|PBANKA_093130|PbGEM-528119|PbGEM-332987|PbGEM-646427|PbGEM-032475|PbGEM-646593	GTAGGGGATGA	0	0	0	0	0	0	0	0	0	0	0	0	0	0	0	0	0	0	0	0	0	0	0	0	0	0	0	0	0	0	0	0	0	0	0	0	0	0	0	0	0	0	0	0	0	0	0	0	0	0	0	0	0	0	0	0	0	0	0	0	0	0	0	1	0	0	0	0	0	0	0	0	0	0	0	0	0	0	0	0	0	0	0	0	0	0	0	0	0	0	0	0	0	0	0	0	0	0
PbGEM-032507|PBANKA_093150|PbGEM-264892|PbGEM-239253	TTCCGGATTCG	0	0	0	1	0	0	0	0	0	0	0	1	0	0	0	0	0	0	0	0	0	0	0	0	0	2	0	0	0	2	0	0	0	0	0	0	1	1	0	0	0	3	0	0	0	0	0	0	0	0	0	0	0	0	0	0	0	0	0	0	0	0	0	0	0	0	0	0	0	0	0	0	0	1	0	0	0	1	0	0	1	0	2	0	0	1	0	0	0	1	1	0	1	0	4	2	6	0
PbGEM-239595|PbGEM-032706|PbGEM-645629|PBANKA_093290|PbGEM-032714|PbGEM-645697	TTCGGGATACG	3308	3219	3716	3617	0	7295	7159	0	9202	8903	0	2776	3371	0	0	7664	7534	0	6387	6583	0	3904	4222	0	0	18140	17612	0	0	21815	21162	0	0	12235	12229	0	19142	18570	23077	22440	0	19750	19029	0	0	21097	20638	1	18461	17926	0	3540	3439	0	4396	4318	8372	8191	0	5765	5575	0	0	5122	5077	0	3	3	0	16273	15879	0	0	7326	7222	0	0	19842	19235	0	21121	20601	17157	16616	0	20500	19932	0	0	22667	22035	0	24340	23728	21467	20938	21702	20980
PbGEM-672517|PbGEM-291776|PbGEM-291768|PBANKA_093800|PbGEM-291784|PbGEM-587300	CGTTGCCGTGT	0	0	0	0	0	0	0	0	0	0	0	0	0	0	0	1	0	0	0	0	0	0	0	0	0	0	0	0	0	0	0	0	0	0	0	0	0	0	0	0	0	0	0	0	0	0	0	0	0	0	0	0	0	0	0	0	0	0	0	0	0	0	0	0	0	0	0	0	0	0	0	0	0	0	0	0	0	0	0	0	0	0	0	0	0	0	0	0	0	0	0	0	0	0	0	0	0	0
PbGEM-333163|PbGEM-033491|PbGEM-240918|PbGEM-646768|PbGEM-033499|PbGEM-646736|PBANKA_093850	CAGGTCTGAAA	2120	2101	1890	1886	0	72	72	0	101	102	0	38	45	0	0	61	60	0	68	67	0	21	20	0	0	40	38	0	0	57	57	0	0	35	34	0	54	54	0	0	0	0	1	0	0	4	4	0	82	77	0	2086	2076	0	2347	2346	121	121	0	82	82	0	0	68	70	0	0	0	0	106	101	0	0	90	93	0	0	46	45	0	26	27	43	43	0	12	12	0	0	0	0	0	0	0	10	10	113	111
PbGEM-587348|PBANKA_094170|PbGEM-292248|PbGEM-676919|PbGEM-292240|PbGEM-292232	AGACTCGTCGG	0	0	0	0	0	0	0	0	0	0	0	0	0	0	0	0	0	0	0	0	0	0	0	0	0	0	0	0	0	0	0	0	0	0	0	0	0	0	0	0	0	0	0	0	0	0	0	0	0	0	0	0	0	0	0	0	0	0	0	1	1	0	0	0	0	0	0	0	0	0	0	0	0	0	0	0	0	0	0	0	0	0	0	0	0	0	0	0	0	0	0	0	0	0	0	0	0	0
PBANKA_100090|PbGEM-095284|PbGEM-034374|PbGEM-242508	AATCATGCCGG	0	0	0	0	0	0	0	0	0	0	0	1	0	0	0	0	0	0	0	0	0	0	0	0	0	0	0	0	0	0	0	0	0	0	0	0	0	1	0	0	0	0	0	0	0	0	0	0	0	0	0	0	0	0	0	0	0	0	0	0	0	0	0	0	0	0	0	0	0	0	0	0	0	0	1	0	0	0	0	0	0	0	0	0	0	0	0	0	0	0	0	0	0	0	0	0	0	0
PbGEM-096202|PbGEM-036070|PBANKA_101220|PbGEM-262884|PbGEM-096210	TAACATCTTTT	0	0	0	0	0	0	0	0	0	0	0	0	0	0	0	0	0	0	0	0	0	0	0	0	0	0	0	0	0	0	0	0	0	0	0	0	0	0	0	0	0	0	0	0	0	0	0	0	0	0	0	0	0	0	0	0	0	1	0	0	0	0	0	0	0	0	0	0	0	0	0	0	0	0	0	0	0	0	0	0	0	0	0	0	0	0	0	0	0	0	0	0	0	0	0	0	0	0
PbGEM-262964|PBANKA_101330|PbGEM-112397|PbGEM-096287|PbGEM-036210|PbGEM-647531|PbGEM-036218	AGACTACAGAC	0	0	0	0	0	0	0	0	0	0	0	0	0	0	0	0	0	0	0	0	0	0	0	0	0	0	0	0	0	0	0	0	0	0	0	0	0	1	0	0	0	0	0	0	0	0	0	0	0	0	0	0	0	0	0	0	0	0	0	0	0	0	0	0	0	0	0	0	0	0	0	0	0	0	0	0	0	0	0	0	0	0	0	0	0	0	0	0	0	0	0	0	0	0	0	0	0	0
PbGEM-096333|PBANKA_101380|PbGEM-036298|PbGEM-342436|PbGEM-671101|PbGEM-263004	GATGAGGGCCC	0	0	0	0	0	0	0	0	0	0	0	0	0	0	0	0	0	0	0	0	0	0	0	0	0	0	0	0	0	0	0	0	0	0	0	0	0	0	0	0	0	0	0	0	0	1	0	0	0	0	0	0	0	0	0	0	0	0	0	0	0	0	0	0	0	0	0	0	0	0	0	0	0	0	0	0	0	0	0	0	0	0	0	0	0	0	0	0	0	0	0	0	0	0	0	0	0	0
PbGEM-265348|PBANKA_101440|PbGEM-263052|PbGEM-036394	GGCCAGATCAC	2215	2228	1933	1958	0	87	86	0	299	298	0	102	148	0	0	235	236	0	190	205	0	63	65	0	0	40	44	0	0	187	187	0	0	43	44	0	193	191	4	4	0	3	3	0	0	92	92	0	76	77	0	2200	2232	0	2436	2419	70	67	0	206	204	0	0	209	209	0	0	0	0	529	521	0	0	78	80	0	0	19	19	0	140	139	61	62	0	161	165	0	0	17	16	0	5	5	101	98	89	89
PBANKA_101510|PbGEM-036499	GCCAGTTGAAT	0	0	0	1	0	0	0	0	0	0	0	0	0	0	0	0	1	0	0	0	0	0	0	0	0	0	0	0	0	0	0	0	0	0	0	0	0	0	0	0	0	0	0	0	0	0	0	0	0	0	0	0	0	0	0	0	0	0	0	0	0	0	0	0	0	0	0	0	0	0	0	0	0	0	1	0	0	0	0	0	0	0	0	1	0	0	0	0	0	0	0	0	0	0	0	0	0	1
PBANKA_101810|PbGEM-263308|PbGEM-036935|PbGEM-538627|PbGEM-121258	TAGGGACCAAC	0	0	0	0	0	0	0	0	1	1	0	0	0	0	0	0	0	0	0	0	0	0	0	0	0	0	0	0	0	0	0	0	0	0	0	0	0	0	0	0	0	0	0	0	0	0	0	0	0	0	0	0	0	0	0	0	0	0	0	0	0	0	0	0	0	0	0	0	0	0	0	0	0	0	0	0	0	0	0	0	0	0	0	0	0	0	0	0	0	0	0	0	0	0	0	0	0	0
PbGEM-295110|PBANKA_101970|PbGEM-295102|PbGEM-649909|PbGEM-535459|PbGEM-654517	ATAGAATAGGA	0	0	0	0	0	0	0	0	0	0	0	0	0	0	0	0	0	0	0	0	0	0	0	0	0	0	0	0	0	0	0	0	0	0	0	0	0	0	0	0	0	0	0	0	0	0	0	0	0	0	0	1	0	0	0	0	0	0	0	0	0	0	0	0	0	0	0	0	0	0	0	0	0	0	0	0	0	0	0	0	0	0	0	0	0	0	0	0	0	0	0	0	0	0	0	0	0	0
PBANKA_102010|PbGEM-096678|PbGEM-263484|PbGEM-096670|PbGEM-037264	CATCCCCTGGC	1344	1325	1231	1210	0	24	22	0	3	3	0	99	126	0	0	1166	1155	0	987	1012	0	9	10	0	0	270	264	0	0	234	227	0	0	1	1	0	0	1	519	501	0	996	959	0	0	458	447	0	372	370	0	1374	1342	0	1580	1566	28	27	0	3	3	0	0	136	136	0	0	0	0	2390	2321	0	0	12	11	0	0	262	256	0	155	151	1	1	0	0	0	0	0	606	596	0	1000	981	350	348	456	439
PbGEM-263636|PBANKA_102230|PbGEM-037567|PbGEM-646733|PbGEM-037559|PbGEM-675509	TACACCGTTTG	1751	1726	1889	1875	0	0	0	0	60	59	0	22	30	0	0	69	66	0	85	90	0	0	0	0	0	60	62	0	0	49	46	0	0	105	104	0	0	0	48	48	0	39	38	0	0	166	168	0	65	62	0	2001	1982	0	1656	1601	1	1	0	54	52	0	0	34	32	0	0	0	0	198	190	0	0	5	5	0	0	31	29	0	16	16	147	141	0	0	1	0	0	21	21	0	47	49	169	173	89	87
PbGEM-295718|PbGEM-295702|PbGEM-295710|PBANKA_102460|PbGEM-334115	CGAGTATGCTT	5159	5064	3344	3265	0	1576	1513	0	1687	1635	0	439	550	0	0	1419	1386	0	1155	1167	0	871	931	0	1	3995	3881	1	0	4089	3893	0	0	2299	2301	0	3324	3233	4019	3858	0	3242	3078	0	0	3855	3745	0	3486	3389	0	5080	4918	0	4101	4019	1789	1746	0	1200	1159	0	0	970	936	0	1	1	0	3104	2931	0	0	1527	1498	0	0	4178	3978	0	4145	4044	3454	3318	0	3576	3446	0	0	3710	3569	0	3889	3745	3644	3496	3991	3873
PbGEM-263836|PbGEM-037970|PBANKA_102510	GCCGGATGTTT	0	0	0	0	0	0	0	0	0	0	0	0	0	0	0	0	0	0	0	0	0	0	0	0	0	0	0	0	0	0	0	0	0	0	0	0	0	0	0	0	0	0	0	0	0	0	0	0	0	0	0	0	0	0	0	0	0	0	0	0	0	0	0	0	0	0	0	0	0	0	0	0	0	0	0	0	0	0	0	0	1	1	0	0	0	0	0	0	0	0	0	0	0	0	0	0	0	0
PbGEM-039262|PbGEM-039254|PbGEM-527259|PbGEM-242747|PBANKA_103440|PbGEM-527722|PbGEM-527267	CGGAGTACGTT	0	0	0	0	0	0	0	0	0	0	0	0	0	0	0	0	0	0	0	0	0	0	0	0	0	0	0	0	0	0	0	0	0	0	0	0	0	0	0	0	0	0	0	0	0	0	0	0	0	0	0	0	0	0	0	0	0	0	0	2	2	0	0	0	0	0	0	0	0	0	0	0	0	0	0	0	0	0	0	0	0	0	0	0	0	0	0	0	0	0	0	0	0	0	0	0	0	0
PbGEM-097658|PbGEM-039390|PbGEM-097666|PBANKA_103520|PbGEM-334491|PbGEM-242921	CAGCAAGTCGT	0	0	0	0	0	0	0	0	0	0	0	0	0	0	0	0	0	0	0	2	0	0	0	0	0	0	0	0	0	0	0	0	0	0	0	0	0	0	0	0	0	0	0	0	0	0	0	0	0	0	0	0	0	0	0	0	0	0	0	0	0	0	0	0	0	0	0	0	0	1	0	0	0	0	0	0	0	0	1	0	0	0	0	0	0	0	0	0	0	1	0	0	0	0	0	1	0	0
PbGEM-645701|PbGEM-645675|PbGEM-245181|PBANKA_110420|PbGEM-527730|PbGEM-040613|PbGEM-098344|PbGEM-122074	AGTAAGCCTTC	1950	1918	1810	1795	0	63	62	0	99	98	0	18	21	0	0	72	72	0	63	66	0	14	14	0	0	0	0	0	0	0	0	0	0	0	0	0	1	0	0	0	0	1	1	0	0	0	0	0	0	0	0	1959	1950	0	2212	2178	35	35	0	78	74	0	0	44	45	0	0	0	0	103	104	0	0	35	32	0	0	0	0	0	0	0	0	1	0	0	0	0	0	0	0	0	0	0	0	0	0	0
PbGEM-098495|PbGEM-040982|PbGEM-245998|PbGEM-098503|PBANKA_110690	CATATCAGCGT	0	0	0	0	0	0	0	0	0	0	0	0	0	0	0	0	0	0	0	0	0	0	0	0	0	0	0	0	0	9	9	0	0	0	0	0	0	0	0	0	0	0	0	0	0	0	0	0	0	0	0	0	0	0	0	0	0	0	0	0	0	0	0	0	0	0	0	0	0	0	0	0	0	0	0	0	0	0	0	0	0	0	0	0	0	0	0	0	0	0	0	0	0	0	0	0	0	0
PbGEM-041703|PbGEM-041695|PbGEM-243525|PBANKA_111180	TCACCTCGTGC	2003	1990	1764	1747	0	713	714	0	593	581	0	148	187	0	0	424	426	0	303	315	0	324	354	0	0	154	158	0	0	103	100	0	0	78	83	0	102	100	120	120	0	113	107	0	0	112	108	0	41	38	0	1977	1981	0	2002	1999	607	601	0	391	385	0	0	291	290	0	0	0	0	688	685	0	0	498	512	0	0	130	126	0	115	120	105	106	0	95	99	0	0	167	159	0	85	84	81	84	72	69
PbGEM-243742|PBANKA_111250|PbGEM-041815	ATGCTATCAAC	0	0	0	0	0	0	0	0	0	0	0	0	0	0	0	1	0	0	0	0	0	0	0	0	0	0	0	0	0	0	0	0	0	0	0	0	0	0	0	1	0	0	0	0	0	0	0	0	0	0	0	0	0	0	0	0	0	0	0	0	0	0	0	0	0	0	0	0	0	0	0	0	0	0	0	0	0	0	0	0	0	0	0	0	0	0	0	0	0	0	0	0	0	0	0	0	0	0
PbGEM-299419|PBANKA_111360|PbGEM-653589|PbGEM-299427|PbGEM-588020	GCTGGCAGGGT	0	0	0	0	0	0	0	0	0	0	0	0	0	0	0	0	0	0	0	0	0	0	0	0	0	0	0	0	0	0	0	0	0	0	0	0	0	0	0	1	0	0	0	0	0	0	0	0	0	0	0	0	0	0	0	0	0	0	0	0	0	0	0	0	0	0	0	0	0	0	0	0	0	0	0	0	0	0	0	0	0	0	0	0	0	0	0	0	0	0	0	0	0	0	0	0	0	0
PbGEM-121266|PbGEM-244523|PbGEM-665405|PbGEM-042217|PbGEM-121330|PBANKA_111510	TTGCTGTCGGC	5234	5022	4499	4328	0	2069	2030	0	2948	2811	0	917	1121	0	0	2693	2623	0	2535	2595	0	954	1041	0	0	193	191	0	0	124	117	0	0	93	90	0	116	111	187	180	0	239	230	0	0	172	170	0	98	98	0	5164	4992	0	5610	5426	2333	2270	0	2053	2002	0	0	1900	1882	0	1	1	0	5473	5314	0	0	1925	1868	0	0	132	122	0	141	138	133	131	0	174	171	0	0	217	205	0	307	295	175	174	141	129
PbGEM-042324|PbGEM-244695|PBANKA_111590	GTGCTGTTGGC	0	0	0	1	0	0	0	0	0	0	0	0	0	0	0	0	1	0	0	0	0	0	0	0	0	0	0	0	0	0	0	0	0	0	0	0	0	0	0	0	0	0	0	0	0	0	0	0	0	0	0	0	0	0	0	1	0	0	0	0	0	0	0	0	0	0	0	0	0	0	0	0	0	0	0	0	0	0	0	0	0	0	0	0	0	0	0	0	0	0	0	0	0	0	0	0	0	0
PbGEM-244789|PbGEM-042380|PBANKA_111630|PbGEM-342604|PbGEM-669309|PbGEM-646747|PbGEM-042388	ACGCTCCGACC	3455	3434	2856	2827	0	854	852	0	1337	1334	0	375	476	0	0	536	534	0	486	511	0	462	513	0	0	238	231	0	0	155	156	0	0	136	138	0	142	139	53	51	0	27	29	0	0	30	31	0	86	87	0	3297	3284	0	3513	3488	1048	1038	0	976	973	0	0	750	758	0	2	2	0	1169	1163	0	0	937	942	0	0	261	260	0	147	148	125	125	0	140	139	0	0	48	47	0	32	32	17	20	74	72
PbGEM-042613|PbGEM-042605|PbGEM-245278|PBANKA_111810	CGGCCTTAGAA	1	0	0	0	0	0	0	0	0	0	0	0	0	0	0	0	0	0	0	0	0	0	0	0	0	0	0	0	0	0	0	0	0	0	0	0	0	0	0	0	0	0	0	0	0	0	0	0	0	0	0	0	0	0	0	0	0	0	0	0	0	0	0	0	0	0	0	0	0	0	0	0	0	0	0	0	0	0	0	0	0	0	0	0	0	0	0	0	0	0	0	0	0	0	0	0	0	0
PBANKA_111900|PbGEM-245589	CCACCTCGCGT	0	0	0	0	0	0	0	0	0	1	0	0	0	0	0	0	0	0	0	0	0	0	0	0	0	0	0	0	0	0	0	0	0	0	0	0	0	0	0	0	0	0	0	0	0	0	0	0	0	0	0	0	1	0	0	0	0	1	0	0	0	0	0	0	0	0	0	0	0	0	0	0	0	0	0	0	0	0	0	0	0	0	0	0	0	0	0	0	0	0	0	0	0	0	0	0	0	0
PbGEM-043567|PbGEM-247392|PBANKA_112490|PbGEM-043575	TCGCGTAAAGA	1884	1848	1754	1712	0	271	268	0	31	28	0	13	12	0	0	7	7	0	0	0	0	127	133	0	0	315	305	0	0	316	309	0	0	200	208	0	222	214	1	1	0	1	0	0	0	0	0	0	276	272	0	1846	1779	0	2125	2068	342	332	0	26	27	0	0	19	19	0	0	0	0	1	0	0	0	197	197	0	0	277	266	0	271	259	341	330	0	241	240	0	0	2	1	0	0	0	1	1	321	306
PbGEM-646407|PBANKA_112690|PbGEM-528240|PbGEM-645792|PbGEM-099797|PbGEM-528099|PbGEM-099789|PbGEM-247974|PbGEM-646573|PbGEM-528381	AGAGGTCGGGT	2530	2460	1948	1892	0	150	144	0	676	649	0	204	234	0	0	74	71	0	85	85	0	49	55	0	0	343	343	0	0	448	426	0	0	358	360	0	782	741	50	48	0	12	13	0	0	39	40	0	44	43	0	2541	2447	0	2569	2472	110	111	0	472	450	0	2	446	439	2	0	0	0	63	62	0	0	67	64	0	0	262	257	0	443	434	491	477	0	805	792	0	0	41	42	0	20	19	28	27	53	46
PBANKA_112710|PbGEM-099822|PbGEM-043889|PbGEM-248051|PbGEM-043881	CTCCCAGTTTT	0	1	0	0	0	0	0	0	0	0	0	0	0	0	0	0	0	0	0	0	0	0	0	0	0	0	0	0	0	0	0	0	0	0	0	0	0	0	0	0	0	1	0	0	0	0	0	0	0	0	0	0	0	0	0	0	0	0	0	0	0	0	0	1	0	0	0	0	0	0	0	0	0	0	0	0	0	0	0	0	0	0	0	0	0	0	0	0	0	0	0	0	0	0	0	0	0	0
PbGEM-045070|PbGEM-246346|PbGEM-661347|PbGEM-588308|PbGEM-677613|PBANKA_113580|PbGEM-045062	AAGATTGAAGT	0	0	0	0	0	0	0	0	0	0	0	0	0	0	0	0	0	0	0	0	0	0	0	0	0	0	0	0	0	0	0	0	0	1	0	0	0	0	0	0	0	0	0	0	0	0	0	0	0	0	0	0	0	0	0	0	0	0	0	0	0	0	0	0	0	0	0	0	0	0	0	0	0	0	0	0	0	0	0	0	0	0	0	0	0	0	0	0	0	0	0	0	0	0	0	0	0	0
PbGEM-247286|PbGEM-100750|PbGEM-045600|PBANKA_113920	ATTAAGGCTTC	0	0	0	0	0	0	1	0	0	0	0	0	1	0	0	0	0	0	0	0	0	0	0	0	0	0	0	0	0	0	0	0	0	0	0	0	0	0	0	0	0	0	0	0	0	0	0	0	0	0	0	0	0	0	0	0	0	0	0	0	0	0	0	0	0	0	0	0	0	0	0	0	0	0	0	0	0	0	0	0	0	0	0	0	0	0	0	0	0	0	0	0	0	0	0	0	0	0
PbGEM-303050|PBANKA_114290|PbGEM-303058|PbGEM-303074|PbGEM-303066|PbGEM-335939|PbGEM-654725|PbGEM-651813	AGGCGGAATGT	0	0	0	0	0	0	0	0	0	0	0	0	0	0	0	0	0	0	0	0	0	0	0	0	0	0	0	0	0	0	0	0	0	0	0	0	0	0	0	0	0	0	0	0	0	0	0	0	0	0	0	0	0	0	0	0	0	0	0	0	0	0	0	0	0	0	0	0	0	0	0	0	0	1	0	0	0	0	0	0	0	0	0	0	0	0	0	0	0	0	0	0	0	0	0	0	0	0
PbGEM-536091|PbGEM-671965|PbGEM-336187|PBANKA_120520|PbGEM-304274|PbGEM-304282	CATGACGGTGG	0	0	0	0	0	0	0	0	0	0	0	0	0	0	0	0	0	0	0	0	0	0	0	0	0	0	0	0	0	0	0	0	0	0	0	0	0	0	0	0	0	0	0	0	0	0	0	0	0	0	0	0	0	0	0	0	0	1	0	0	0	0	0	0	0	0	0	0	0	0	0	0	0	0	0	0	0	0	0	0	0	0	0	0	0	0	0	0	0	0	0	0	0	0	0	0	0	0
PbGEM-047458|PBANKA_120730|PbGEM-245440|PbGEM-101917	GTTAGATTCCC	0	0	0	0	0	0	0	0	0	0	0	0	0	0	0	1	0	0	0	0	0	0	0	0	0	0	0	0	0	0	0	0	0	0	0	0	0	0	0	0	0	0	0	0	0	0	0	0	0	0	0	0	0	0	0	0	0	0	0	0	0	0	0	0	0	0	0	0	0	0	0	0	0	0	0	0	0	0	0	0	0	0	0	0	0	0	0	0	0	0	0	0	0	0	0	0	0	0
PbGEM-246564|PBANKA_121100|PbGEM-047958|PbGEM-047966	GATGGGACCGG	2441	2373	2119	2047	0	68	65	0	121	117	0	48	59	0	0	347	350	0	281	280	0	32	34	0	0	171	166	0	0	95	93	0	0	35	33	0	95	92	564	557	0	497	483	0	0	474	460	0	484	463	0	2304	2240	0	2510	2436	62	60	0	86	84	0	0	106	107	0	0	0	0	706	681	0	0	80	84	0	0	263	255	0	121	116	56	57	0	70	70	0	0	679	661	0	598	576	426	404	663	635
PbGEM-247171|PbGEM-048272|PbGEM-102354|PBANKA_121300	CTTCAAGCCCT	4	1	2	1	0	22	7	0	26	11	0	16	11	0	0	33	11	0	27	3	0	4	2	0	0	12	3	0	0	36	13	0	0	8	2	0	25	7	19	15	0	20	11	0	0	12	10	0	13	4	0	1	1	0	4	1	20	8	0	17	8	0	0	25	18	0	0	0	0	43	31	0	0	13	5	0	0	19	9	0	28	7	15	9	0	18	7	0	0	36	16	0	17	8	26	6	26	5
PBANKA_121320|PbGEM-305346|PbGEM-305354|PbGEM-336427	GAAACCCCTCC	0	0	0	0	0	0	0	0	0	0	0	0	0	0	0	0	0	0	0	0	0	0	0	0	0	0	0	0	0	0	0	0	0	0	0	0	0	0	0	0	0	0	0	0	0	0	0	0	0	0	0	0	0	0	0	0	3	3	0	0	0	0	0	0	0	0	0	0	0	0	0	0	0	0	0	0	0	0	0	0	0	0	0	0	0	0	0	0	0	0	0	0	0	0	0	0	0	0
PBANKA_121410|PbGEM-247435|PbGEM-102453|PbGEM-048448	GTATGCAGATT	0	0	0	0	0	0	0	0	0	0	0	0	0	0	0	0	0	0	0	0	0	0	0	0	0	0	0	0	0	0	0	0	0	0	0	0	0	0	0	0	0	0	0	0	0	0	0	0	0	0	0	0	0	0	0	0	0	0	0	0	0	0	0	0	0	0	0	0	0	0	0	0	0	0	0	0	0	0	0	0	0	0	0	0	0	0	0	0	0	1	0	0	0	0	0	0	0	0
PbGEM-048798|PbGEM-248306|PBANKA_121690	GGCAGTATGGG	0	0	1	0	0	0	0	0	0	0	0	0	0	0	0	0	0	0	0	0	0	0	0	0	0	0	0	0	0	0	0	0	0	0	0	0	0	0	0	0	0	0	0	0	0	0	0	0	0	0	0	0	1	0	0	0	0	0	0	0	0	0	0	0	0	0	0	0	0	0	0	0	0	0	0	0	0	0	0	0	0	0	0	0	0	0	0	0	0	0	0	0	0	0	0	0	0	0
PbGEM-305938|PbGEM-305930|PbGEM-305946|PBANKA_121770	CCGGCTGGAGG	1832	1799	1701	1660	0	1062	1047	0	1159	1139	0	386	475	0	0	991	976	0	842	885	0	476	527	0	0	276	277	0	0	138	132	0	0	293	290	0	79	76	82	79	0	33	30	0	0	16	15	0	176	179	0	1753	1712	0	2069	2044	1077	1055	0	766	747	0	0	674	684	0	0	0	0	2125	2079	0	1	823	816	1	0	345	342	0	135	134	357	352	0	106	101	0	0	46	45	0	36	37	32	30	249	246
PbGEM-248968|PBANKA_121870|PbGEM-049051	TGAGCTTTTAA	0	0	0	0	0	0	0	0	1	0	0	0	0	0	0	0	0	0	0	0	0	0	0	0	0	0	0	0	0	0	0	0	0	0	0	0	0	0	0	0	0	0	0	0	0	0	0	0	0	0	0	0	0	0	0	0	0	0	0	0	0	0	0	0	0	0	0	0	0	0	0	0	0	0	0	0	0	0	0	0	0	0	0	0	0	0	0	0	0	0	0	0	0	0	0	0	0	0
PbGEM-249381|PBANKA_121970|PbGEM-049204	CATGTTTGGTC	0	0	0	0	0	0	0	0	0	0	0	0	0	0	0	0	0	0	0	0	0	0	0	0	0	0	0	0	0	0	0	0	0	0	1	0	0	0	0	0	0	0	0	0	0	0	0	0	0	0	0	0	0	0	0	0	0	0	0	0	0	0	0	0	0	0	0	0	0	0	0	0	0	0	0	0	0	0	0	0	0	0	0	0	0	0	0	0	0	0	0	0	0	0	0	0	0	0
PbGEM-050103|PbGEM-103015|PbGEM-251724|PbGEM-121250|PBANKA_122560|PbGEM-103023	CTACTAGTTAA	0	0	0	0	0	0	0	0	0	0	0	0	0	0	0	0	0	0	0	0	0	0	0	0	0	0	0	0	0	0	0	0	0	0	0	0	0	0	0	0	0	0	0	0	0	0	0	0	0	0	0	0	0	0	0	0	0	0	0	0	0	0	0	0	0	0	0	0	0	0	0	0	0	0	0	0	0	0	0	0	0	0	0	0	0	0	0	0	0	0	1	0	0	0	0	0	0	0
PbGEM-103213|PBANKA_122850|PbGEM-260900|PbGEM-050553	CGCCCCCCCCC	0	1	0	0	0	0	0	0	0	0	0	0	0	0	0	0	0	0	0	0	0	0	0	0	0	0	0	0	0	0	0	0	0	0	0	0	0	0	0	0	0	0	0	0	0	0	0	0	0	0	0	0	0	0	0	0	0	0	0	0	0	0	0	0	0	0	0	0	0	0	0	0	0	0	0	0	0	0	0	0	0	0	0	0	0	0	0	0	0	0	0	0	0	0	0	0	0	0
PbGEM-307778|PbGEM-337003|PbGEM-670637|PbGEM-307786|PBANKA_123160	TATAACTTATA	1064	1058	959	943	0	57	61	0	400	408	0	170	217	0	0	252	251	0	213	222	0	32	36	0	0	0	0	0	0	0	0	0	0	0	0	0	0	0	0	0	0	0	0	0	0	5	5	0	0	0	0	1027	1025	0	1125	1117	61	60	0	262	260	0	0	308	314	0	1	1	0	647	642	0	0	43	45	0	0	0	0	0	1	0	1	1	0	0	0	0	0	1	0	0	0	0	14	14	0	0
PbGEM-051270|PBANKA_123390|PbGEM-261276	CTCTCAGGTTA	0	0	0	0	0	0	0	0	0	0	0	0	0	0	0	0	0	0	0	0	0	0	0	0	0	0	0	0	0	0	0	0	0	0	0	0	0	0	0	0	0	0	0	0	0	0	0	0	0	0	0	0	0	0	0	0	0	1	0	0	0	0	0	0	0	0	0	0	0	0	0	0	0	0	0	0	0	0	0	0	0	0	0	0	0	0	0	0	0	0	0	0	0	0	0	0	0	0
PbGEM-261340|PbGEM-051384|PBANKA_123470	CTCGACAGGCA	0	0	0	0	0	0	0	0	0	0	0	0	0	0	0	0	0	0	0	0	0	0	0	0	0	0	0	0	0	0	0	0	0	0	0	0	0	0	0	0	0	0	0	0	0	0	0	0	0	0	0	0	0	0	0	0	0	1	0	0	0	0	0	0	0	0	0	0	0	0	0	0	0	0	0	0	0	0	0	0	0	0	0	0	0	0	0	0	0	0	0	0	0	0	0	0	0	0
PbGEM-308394|PBANKA_123560|PbGEM-308410|PbGEM-308402	CGGAGGTTTAT	2097	2025	1773	1710	0	503	488	0	421	409	0	89	113	0	0	304	293	0	221	230	0	217	234	0	0	311	298	0	0	279	273	0	0	253	249	0	221	212	309	301	0	306	285	0	0	316	302	0	229	225	0	2048	1974	0	2335	2278	440	420	0	213	204	0	0	260	250	0	0	0	0	637	613	0	0	398	385	0	0	310	293	0	268	254	363	340	0	249	245	0	0	311	303	0	403	385	292	281	274	264
PbGEM-261524|PbGEM-051774|PBANKA_123750	CTACGATTGCA	0	0	0	0	0	0	0	0	0	0	0	0	0	0	0	0	0	0	0	0	0	0	0	0	0	0	0	0	0	0	0	0	0	0	0	0	0	1	0	0	0	0	0	0	0	0	0	0	0	0	0	0	0	0	0	1	0	0	0	0	0	0	0	0	0	0	0	0	0	0	0	0	0	0	0	0	0	0	0	0	0	0	0	0	0	0	0	0	0	0	0	0	0	0	0	0	0	0
PbGEM-309393|PBANKA_124410|PbGEM-664797|PbGEM-309385	GTTGAATCGGT	0	0	0	0	0	0	0	0	0	0	0	0	0	0	0	0	0	0	0	0	0	0	0	0	0	0	0	0	0	0	0	0	0	0	0	0	0	0	0	0	0	0	0	0	0	0	0	0	0	0	0	0	0	0	0	0	0	0	0	0	0	0	0	0	0	0	0	0	0	0	0	0	0	0	1	0	0	0	0	0	0	0	0	0	0	0	0	0	0	0	0	0	0	0	0	0	0	0
PbGEM-309864|PBANKA_130030|PbGEM-309871	CAGCACAGTGT	0	0	0	0	0	0	0	0	0	0	0	0	0	0	0	0	0	0	0	0	0	0	0	0	0	0	0	0	0	0	0	0	0	0	0	0	0	0	0	0	0	0	0	0	0	0	0	0	0	0	0	0	0	0	0	0	0	0	0	0	0	0	0	0	0	0	0	0	0	0	0	0	0	1	0	0	0	0	0	0	0	0	0	0	0	0	0	0	0	0	0	0	0	0	0	0	0	0
PBANKA_130110|PbGEM-310039|PbGEM-310031|PbGEM-337387|PbGEM-310047	CTCGGTCTATG	0	0	0	0	0	0	0	0	0	0	0	0	0	0	0	0	0	0	0	0	0	0	0	0	0	0	1	0	0	0	0	0	0	0	0	0	0	0	0	0	0	0	0	0	0	0	0	0	0	0	0	0	0	0	0	0	0	0	0	0	0	0	0	0	0	0	0	0	0	0	0	0	0	0	0	0	0	0	0	0	0	0	0	0	0	0	0	0	0	0	0	0	0	0	0	0	0	0
PBANKA_130530|PbGEM-248118|PbGEM-053820	GCAGGTATAAA	0	0	0	0	0	0	0	0	0	0	0	0	0	0	0	0	0	0	0	0	0	0	0	0	0	0	0	0	0	0	0	0	0	0	0	0	0	0	0	0	0	0	0	0	0	0	0	0	0	0	0	1	0	0	0	0	0	0	0	0	0	0	0	0	0	0	0	0	0	0	0	0	0	0	0	0	0	0	0	0	0	0	0	0	0	0	0	0	0	0	0	0	0	0	0	0	0	0
PbGEM-053966|PBANKA_130630|PbGEM-248515	CCAGGCGGGGA	0	0	0	0	0	0	0	0	0	0	0	0	0	0	0	0	0	0	0	0	0	0	0	0	0	0	0	0	0	0	0	0	0	0	0	0	0	0	0	0	0	0	0	0	0	0	0	0	0	0	0	0	0	0	0	0	0	0	0	0	1	0	0	0	0	0	0	0	0	0	0	0	0	0	0	0	0	0	0	0	0	0	0	0	0	0	0	0	0	0	0	0	0	0	0	0	0	0
PBANKA_130990|PbGEM-250057|PbGEM-054513|PbGEM-054521	CCGGACAGAGG	0	0	0	0	0	0	0	0	0	0	0	0	0	0	0	0	0	0	0	0	0	0	0	0	0	0	0	0	0	0	0	0	0	0	0	0	0	0	0	0	0	0	0	0	0	0	0	0	0	0	0	0	0	0	0	0	0	0	0	0	0	0	0	0	0	0	0	0	0	1	0	0	0	0	0	0	0	0	0	0	0	0	0	0	0	0	0	0	0	0	0	0	0	0	0	0	0	0
PBANKA_131150|PbGEM-054753|PbGEM-250574	CTTGAAGCGAT	0	0	0	0	0	0	0	0	0	0	0	0	0	0	0	0	0	0	0	0	0	0	0	0	0	0	0	0	0	0	0	0	0	0	0	0	0	0	0	0	0	0	0	0	0	0	0	0	0	0	0	0	0	0	0	0	0	0	0	0	0	0	0	0	0	0	0	0	0	0	0	0	0	0	0	0	0	0	0	0	0	1	0	0	0	0	0	0	0	0	0	0	0	0	0	0	0	0
PbGEM-111981|PbGEM-226293|PBANKA_131370|PbGEM-251310|PbGEM-539035|PbGEM-528222|PbGEM-112223|PbGEM-645774|PbGEM-055021|PbGEM-646389|PbGEM-646555|PbGEM-251380|PbGEM-528363|PbGEM-337739|PbGEM-528081|PbGEM-672221	CTACCCGTACA	0	0	0	0	0	0	0	0	0	0	0	0	0	0	0	0	0	0	0	0	0	0	0	0	0	0	0	0	0	0	0	0	0	0	0	0	0	0	0	0	0	0	0	0	0	0	0	0	0	0	0	0	0	0	0	0	0	0	0	0	0	0	0	0	0	0	0	0	0	0	0	0	0	0	1	0	0	0	0	0	0	0	0	0	0	0	0	0	0	0	0	0	0	0	0	0	0	0
PBANKA_131480|PbGEM-645835|PbGEM-251793|PbGEM-646616|PbGEM-528281|PbGEM-646450|PbGEM-251753|PbGEM-528140|PbGEM-105250|PbGEM-055190|PbGEM-528422	AAATAAGCGCG	1735	1681	1640	1580	0	5	5	0	0	2	0	0	0	0	0	3	3	0	0	0	0	3	3	0	0	0	0	0	0	9	9	0	0	0	0	0	0	0	0	0	0	2	1	0	0	1	1	0	0	0	0	1822	1788	0	1869	1832	1	1	0	1	1	0	0	0	0	0	0	0	0	0	0	0	0	0	0	0	0	0	0	0	9	9	0	0	0	1	0	0	0	0	0	0	0	0	0	0	1	1
PbGEM-105276|PbGEM-251903|PbGEM-055230|PBANKA_131510|PbGEM-055238|PbGEM-105284|PbGEM-251940|PbGEM-337779	AGCTGGAGTTT	2268	2219	2015	1956	0	1403	1389	0	585	565	0	201	245	0	0	485	469	0	493	513	0	541	595	0	0	1412	1377	0	0	1141	1089	0	0	955	955	0	1139	1105	1065	1040	0	1019	995	0	0	1060	1024	0	1422	1386	0	2189	2153	0	2531	2478	1345	1324	0	358	347	0	0	346	336	0	0	0	0	888	882	0	0	1117	1108	0	0	1474	1429	0	1216	1180	1444	1385	0	1251	1234	0	0	979	948	0	1149	1129	1157	1131	1730	1688
PbGEM-055262|PBANKA_131530|PbGEM-055270|PbGEM-252104|PbGEM-105309	CCTCCATATGT	0	0	0	0	0	0	0	0	0	0	0	0	0	0	0	0	0	0	0	0	0	0	0	0	0	0	0	0	0	0	0	0	0	0	0	0	0	0	0	0	0	1	1	0	0	0	0	0	0	0	0	0	0	0	0	0	0	0	0	0	0	0	0	0	0	0	0	0	0	0	0	0	0	0	0	0	0	0	0	0	0	0	0	0	0	0	0	0	0	0	0	0	0	0	0	0	0	0
PbGEM-252912|PbGEM-055580|PbGEM-337835|PbGEM-105507|PbGEM-105499|PBANKA_131750	GTAACCACACT	2212	2212	1951	1936	0	198	192	0	656	653	0	121	154	0	0	273	266	0	251	253	0	109	117	0	0	382	385	0	0	558	535	0	0	187	185	0	760	739	97	99	0	177	167	0	0	194	182	0	135	139	0	2157	2142	0	2451	2423	257	244	0	388	388	0	0	283	279	0	0	0	0	579	578	0	0	199	204	0	0	382	376	0	633	624	264	259	0	859	867	0	0	101	101	0	239	237	190	190	142	142
PbGEM-673285|PbGEM-337851|PbGEM-105530|PBANKA_131800|PbGEM-253013|PbGEM-105538	CGCCCTGTTTG	795	785	725	715	0	265	263	0	562	548	0	151	197	0	0	296	298	0	262	278	0	116	128	0	0	1082	1068	0	0	1134	1101	0	0	638	637	0	1153	1134	828	822	0	574	558	0	0	1094	1087	0	923	909	0	858	849	0	678	671	238	238	0	292	284	0	0	319	318	0	0	0	0	610	598	0	0	236	236	0	0	1146	1123	0	1097	1077	629	628	0	1078	1065	0	0	887	871	0	696	697	770	770	1207	1166
PbGEM-461628|PbGEM-312437|PBANKA_131910|PbGEM-312445|PbGEM-312453|PbGEM-337899|PbGEM-461662|PbGEM-668373	ACAGATCTGCG	1964	1923	1645	1602	0	6487	6397	0	7398	7250	0	2062	2613	0	0	4661	4577	0	3808	3956	0	3199	3476	0	0	636	611	0	0	577	566	0	0	657	657	0	1095	1071	692	680	0	504	489	0	0	675	661	0	943	927	0	1951	1918	0	1901	1864	6987	6841	0	4810	4702	0	0	3992	3970	0	1	1	0	9046	8907	0	0	5540	5487	0	0	714	702	0	538	528	971	951	0	1203	1190	0	0	725	713	0	602	585	723	700	1186	1154
PbGEM-312557|PbGEM-312565|PbGEM-312573|PBANKA_132000	GAGAGTGTGGA	0	0	0	0	0	0	0	0	1	0	0	0	0	0	0	0	0	0	0	0	0	0	0	0	0	0	0	0	0	0	0	0	0	0	0	0	0	1	0	0	0	0	0	0	0	0	0	0	0	0	0	0	0	0	0	0	0	0	0	0	0	0	0	0	1	0	0	0	0	0	0	0	0	0	0	0	0	0	0	0	0	1	0	0	0	0	0	0	0	0	0	0	0	0	0	0	0	1
PBANKA_132050|PbGEM-253763|PbGEM-056046|PbGEM-337963|PbGEM-105805	CTCTCCCTTAC	2045	2163	1651	1729	0	1	1	0	99	104	0	36	47	0	0	33	32	0	15	22	0	0	0	0	0	9	9	0	0	7	8	0	0	16	16	0	56	57	3	4	0	21	22	0	0	0	2	0	0	0	0	1885	2002	0	2242	2359	0	0	0	49	49	0	0	64	72	0	0	0	0	78	83	0	0	2	2	0	0	10	10	0	10	10	39	41	0	136	139	0	0	2	2	0	53	58	11	14	3	4
PbGEM-056433|PbGEM-254942|PBANKA_132340|PbGEM-106003	TCGCATTCGAC	0	0	0	0	0	0	0	0	0	0	0	0	0	0	0	0	0	0	0	0	0	0	0	0	0	0	0	0	0	0	1	0	0	0	0	0	0	0	0	0	0	0	0	0	0	0	0	0	0	0	0	0	0	0	0	0	0	0	0	0	0	0	0	0	0	0	0	0	0	0	0	0	0	0	0	0	0	0	0	0	0	0	0	0	0	0	0	0	0	0	0	0	0	0	0	0	0	0
PbGEM-106304|PbGEM-536739|PbGEM-343068|PbGEM-664045|PbGEM-247976|PbGEM-106296|PBANKA_132690	CACCGTGTAGG	0	0	0	0	0	0	0	0	0	0	0	0	0	0	0	0	0	0	0	0	0	0	0	0	0	0	0	0	0	0	0	0	0	0	1	0	0	0	0	0	0	0	0	0	0	0	0	0	0	0	0	0	0	0	0	0	0	0	0	0	0	0	0	0	1	0	0	0	0	0	1	0	0	0	0	0	0	0	0	0	0	0	0	0	0	0	0	0	0	0	1	0	0	0	0	0	0	2
PbGEM-057045|PbGEM-248453|PBANKA_132870	TCCGGGATAAG	0	0	1	0	0	0	0	0	2	0	0	0	0	0	0	0	0	0	0	0	0	0	0	0	0	0	0	0	0	1	1	0	0	0	0	0	0	0	0	0	0	2	1	0	0	0	0	0	2	0	0	1	0	0	0	0	0	0	0	0	0	0	0	1	0	0	0	0	0	2	2	0	0	0	0	0	0	0	1	0	0	0	1	0	0	0	0	0	0	0	0	0	0	1	0	0	0	0
PBANKA_133120|PbGEM-057333|PbGEM-106672|PbGEM-249372	CAGCTAGCAGT	0	0	0	0	0	0	0	0	0	0	0	0	0	0	0	0	0	0	0	0	0	0	0	0	0	0	0	0	0	0	0	0	0	0	0	0	0	0	0	0	0	0	0	0	0	0	0	0	0	0	0	0	0	0	0	0	0	0	0	0	0	0	0	0	0	0	0	0	0	0	0	0	0	0	0	0	0	0	0	0	0	1	0	0	0	0	0	0	0	0	0	0	0	0	0	0	0	0
PbGEM-057381|PbGEM-249506|PBANKA_133150|PbGEM-106713	GCCGGAATAGG	1	0	0	0	0	0	0	0	0	0	0	0	0	0	0	0	0	0	0	0	0	0	0	0	0	0	0	0	0	0	0	0	0	0	0	0	0	0	0	0	0	0	0	0	0	0	0	0	0	0	0	0	0	0	0	0	0	0	0	0	0	0	0	0	0	0	0	0	0	0	0	0	0	0	0	0	0	0	0	0	0	0	0	0	0	0	0	0	0	0	0	0	0	0	0	0	0	0
PBANKA_133430|PbGEM-250556|PbGEM-057794	GTGCGTTATCT	1	0	0	0	0	0	0	0	0	0	0	0	0	0	0	0	0	0	0	0	0	0	0	0	0	0	0	0	0	0	0	0	0	0	0	0	0	0	0	0	0	0	0	0	0	0	0	0	0	0	0	0	0	0	0	0	0	0	0	0	0	0	0	0	0	0	0	0	0	0	0	0	0	0	0	0	0	0	0	0	0	0	0	0	0	0	0	0	0	0	0	0	0	0	0	0	0	0
PbGEM-314797|PbGEM-672093|PbGEM-338435|PBANKA_133710|PbGEM-314789	GTAAGAGTTCT	0	0	0	0	0	0	0	0	0	0	0	0	0	0	0	0	0	0	0	0	0	0	0	0	0	0	0	0	0	0	0	0	0	0	0	0	0	0	0	0	0	0	0	0	0	0	0	0	0	0	0	0	0	0	0	0	0	0	0	0	0	0	0	0	0	0	0	0	0	0	0	0	0	0	0	0	0	0	0	0	1	0	0	0	0	0	0	0	0	0	0	0	0	0	0	0	0	1
PbGEM-058996|PbGEM-253563|PbGEM-059004|PbGEM-646927|PBANKA_134280	GTATACGGATT	2055	2001	1858	1811	0	2	1	0	33	32	0	19	24	0	0	107	106	0	100	105	0	0	1	0	0	69	65	0	0	75	75	0	0	35	35	0	99	99	129	125	0	18	19	0	0	143	136	0	39	35	0	2110	2044	0	2218	2178	24	22	0	25	26	0	0	31	30	0	0	0	0	214	204	0	0	6	6	0	0	51	48	0	78	73	38	42	0	57	54	0	0	133	128	0	23	20	79	79	49	48
PbGEM-107421|PbGEM-059134|PbGEM-253917|PbGEM-059126|PBANKA_134380	ACATCAGAAAG	2150	2123	2028	1991	0	4862	4849	0	5129	5030	0	1357	1743	0	0	2741	2694	0	2438	2506	0	2313	2509	0	0	80	77	0	0	144	152	0	0	102	107	0	78	73	140	136	0	127	125	0	0	184	182	0	135	132	0	2289	2270	0	2262	2216	4830	4773	0	3178	3085	0	0	2347	2378	0	3	3	0	6188	6082	0	0	4148	4149	0	0	103	102	0	135	132	146	141	0	77	78	0	0	191	191	0	172	168	173	172	155	150
PBANKA_134600|PbGEM-264468|PbGEM-059479|PbGEM-107605|PbGEM-254858	ACGTAAGACAA	5340	5433	4565	4613	0	5831	6005	0	5176	5273	0	1358	1822	0	0	3936	4005	0	2917	3141	0	3075	3464	0	0	2561	2627	0	0	1814	1862	0	0	1190	1234	0	1530	1555	1851	1889	0	1160	1175	0	1	1901	1942	1	2339	2377	0	5223	5324	0	5542	5677	6843	6988	0	3406	3466	0	0	2557	2639	0	1	1	0	7270	7396	0	0	5459	5611	0	0	2528	2557	0	1983	2012	1707	1711	0	1813	1825	0	0	1934	1956	0	1656	1685	1858	1903	2979	3019
PbGEM-255053|PbGEM-059559|PBANKA_134650|PbGEM-264324|PbGEM-107650	GTTATGCCTCT	0	0	0	0	0	0	0	0	0	0	0	0	0	0	0	0	0	0	0	0	0	0	0	0	0	0	0	0	0	0	0	0	0	0	0	0	0	0	0	0	0	0	0	0	0	0	0	0	0	0	0	0	0	0	0	0	0	0	0	0	0	0	0	0	0	0	0	0	0	0	0	0	0	4	4	0	0	0	0	0	0	0	0	0	0	0	0	0	0	0	0	0	0	0	0	0	0	0
PbGEM-108164|PBANKA_135330|PbGEM-251495	AATGTGCGTCC	5406	5253	4505	4395	0	3550	3487	0	5340	5177	0	1366	1679	0	0	3026	2954	0	2709	2833	0	1889	2111	0	0	709	691	0	0	1027	990	0	0	556	551	0	1294	1259	1299	1266	0	917	889	0	0	1534	1493	0	1032	1004	0	5181	5059	0	5591	5472	3852	3760	0	3296	3202	0	0	2654	2609	0	5	4	0	6395	6236	0	0	3756	3731	0	0	708	692	0	1035	1004	684	662	0	1557	1487	0	0	1221	1186	0	1203	1173	1576	1554	1233	1199
PbGEM-528458|PbGEM-528176|PBANKA_135570|PbGEM-645875|PbGEM-317163|PbGEM-646656|PbGEM-528317|PbGEM-338963|PbGEM-646490|PbGEM-317155	AAATCTGACGA	0	0	0	0	0	0	0	0	0	0	0	0	0	0	0	7	7	0	14	14	0	1	1	0	0	0	0	0	0	0	0	0	0	0	0	0	0	0	0	0	0	0	0	0	0	0	0	0	0	0	0	0	0	0	0	0	1	1	0	0	0	0	0	4	4	0	0	0	0	11	10	0	0	2	2	0	0	0	0	0	0	0	0	0	0	0	0	0	0	0	0	0	0	0	0	0	0	0
PbGEM-060978|PbGEM-343188|PbGEM-646750|PbGEM-060986|PBANKA_135660|PbGEM-252886|PbGEM-339011	CCAGGCGTCGA	2011	1982	1748	1720	0	1143	1133	0	1955	1903	0	557	700	0	0	865	834	0	689	700	0	622	643	0	0	98	89	0	0	219	208	0	0	44	45	0	187	186	110	104	0	9	8	0	0	59	57	0	15	14	0	1961	1929	0	2252	2202	1335	1312	0	1462	1437	0	0	1024	1019	0	0	0	0	1590	1546	0	0	1150	1135	0	0	89	85	0	227	216	60	56	0	226	216	0	0	97	94	0	5	5	50	51	22	18
PbGEM-061098|PBANKA_135740|PbGEM-253125	CGAGTGATCCA	0	0	0	0	0	0	0	0	0	0	0	0	0	0	0	0	0	0	0	0	0	0	0	0	0	0	0	0	0	0	0	0	0	0	0	0	0	0	0	0	0	0	0	0	0	0	0	0	0	0	0	0	0	0	1	0	0	0	0	0	0	0	0	0	0	0	0	0	0	1	0	0	0	0	0	0	0	0	0	0	0	0	0	0	0	0	0	0	0	0	0	0	0	0	0	0	0	0
PbGEM-061114|PBANKA_135750|PbGEM-253148|PbGEM-061106	GCGTAAGAGAA	0	0	0	1	0	0	0	0	0	1	0	0	0	0	0	0	0	0	0	0	0	0	0	0	0	0	0	0	0	0	0	0	0	0	0	0	0	0	0	0	0	0	0	0	0	0	0	0	0	0	0	0	0	0	0	0	0	0	0	0	0	0	0	0	0	0	0	0	0	0	0	0	0	0	0	0	0	0	0	0	0	0	0	0	0	0	0	0	0	0	0	0	0	0	0	0	0	0
PbGEM-108548|PbGEM-061290|PbGEM-253485|PBANKA_135860|PbGEM-108540	GGAGGGTATGC	1777	1693	1825	1753	0	173	167	0	25	25	0	7	7	0	0	0	0	0	0	0	0	63	64	0	0	65	62	0	0	175	165	0	0	29	27	0	60	59	0	0	0	2	2	0	0	0	0	0	179	170	0	1977	1908	0	1944	1874	183	182	0	5	4	0	0	8	9	0	0	0	0	0	0	0	0	106	104	0	0	51	49	0	175	170	58	56	0	100	91	0	0	2	1	0	0	0	0	0	213	206
PbGEM-061573|PbGEM-339171|PbGEM-108747|PBANKA_136050|PbGEM-108739|PbGEM-254126	TTGCGTTCGAC	15312	15185	13377	13252	0	1903	1896	0	2197	2165	0	684	859	0	0	1056	1047	0	770	786	0	659	715	0	0	2452	2401	0	0	3628	3544	0	0	2225	2261	0	2753	2715	1744	1718	0	1002	980	0	0	1352	1325	0	1862	1853	0	14811	14685	0	17168	17044	1764	1768	0	1679	1657	0	0	1081	1100	0	1	1	0	2004	1986	0	0	1278	1287	0	0	2400	2343	0	3947	3905	2768	2730	0	2908	2865	0	0	1799	1764	0	1395	1372	1323	1314	2353	2276
PbGEM-646404|PBANKA_136210|PbGEM-254684|PbGEM-645789|PbGEM-108856|PbGEM-339219|PbGEM-528378|PbGEM-528237|PbGEM-665125|PbGEM-108848|PbGEM-528096|PbGEM-646570	AAGGATCTATC	2014	2000	1872	1845	0	1803	1783	0	1766	1740	0	524	673	0	0	1212	1209	0	944	979	0	847	912	0	0	602	590	0	0	743	739	0	0	397	404	0	667	655	871	855	0	692	689	0	0	511	510	0	891	877	0	2091	2059	0	2209	2193	1741	1736	0	1057	1044	0	0	1064	1061	0	0	0	0	2544	2482	0	0	1473	1463	0	0	680	659	0	675	663	622	606	0	793	781	0	0	813	796	0	781	766	535	525	1100	1086
PbGEM-317971|PBANKA_136250|PbGEM-317987|PbGEM-317963|PbGEM-317955|PbGEM-317979	ATATCAGATTA	0	0	0	0	0	0	0	0	0	0	0	0	0	0	0	0	0	0	0	0	0	0	0	0	0	0	0	0	0	0	0	0	0	0	0	0	0	1	0	0	0	0	0	0	0	0	0	0	0	0	0	0	0	0	0	0	0	0	0	0	0	0	0	0	0	0	0	0	0	0	0	0	0	0	0	0	0	0	0	0	0	0	0	0	0	0	0	0	0	0	0	0	0	0	0	0	0	0
PBANKA_136540|PbGEM-318315|PbGEM-318323	TTGCATGCCTT	0	0	0	0	0	0	0	0	0	0	0	0	0	0	0	0	0	0	0	0	0	0	0	0	0	0	0	0	0	0	0	0	0	0	0	0	0	0	0	0	0	0	0	0	0	0	0	0	0	0	0	0	0	0	0	0	0	0	0	0	0	0	0	0	0	0	0	0	0	0	0	0	0	1	0	0	0	0	0	0	0	0	0	0	0	0	0	0	0	0	0	0	0	0	0	0	0	0
PBANKA_140080|PbGEM-062363|PbGEM-256157	CTCCGTTTTAG	0	1	0	0	0	0	0	0	0	0	0	0	0	0	0	0	0	0	0	0	0	0	0	0	0	0	0	0	0	0	0	0	0	0	0	0	0	0	0	0	0	0	0	0	0	0	0	0	0	0	0	0	0	0	0	0	0	0	0	0	0	0	0	0	0	0	0	0	0	0	0	0	0	0	0	0	0	0	0	0	0	0	0	0	0	0	0	0	0	0	0	0	0	0	0	0	0	0
PbGEM-251622|PbGEM-062767|PBANKA_140350|PbGEM-109304	ACCGATGTGCG	0	0	0	0	0	0	0	0	0	0	0	0	0	0	0	1	0	0	0	0	0	0	1	0	0	0	0	0	0	0	0	0	0	0	0	0	0	0	0	0	0	0	0	0	0	0	0	0	0	0	0	0	0	0	0	0	0	0	0	0	0	0	0	0	0	0	0	0	0	0	0	0	0	0	0	0	0	0	0	0	0	0	0	0	0	0	0	0	0	0	0	0	0	0	0	0	0	0
PBANKA_140410|PbGEM-318907|PbGEM-318899|PbGEM-318915	AGGTCGGTTAT	0	0	0	0	0	0	0	0	0	0	0	0	0	0	0	0	0	0	0	0	0	0	0	0	0	0	0	0	0	0	0	0	0	0	0	0	0	0	0	0	0	0	0	0	0	0	0	0	0	0	0	0	1	0	0	0	0	0	0	0	0	0	0	0	0	0	0	0	0	0	0	0	0	0	0	0	0	0	0	0	0	0	0	0	0	0	0	0	0	0	0	0	0	0	0	0	0	0
PbGEM-063054|PBANKA_140560|PbGEM-252596	TCGCTGCCGGC	0	0	0	0	0	0	1	0	0	0	0	0	0	0	0	0	0	0	0	0	0	0	0	0	0	0	0	0	0	0	0	0	0	0	0	0	0	0	0	0	0	0	0	0	0	0	0	0	0	0	0	0	0	0	0	0	0	0	0	0	0	0	0	0	0	0	0	0	0	0	0	0	0	0	0	0	0	0	0	0	0	0	0	0	0	0	0	0	0	0	0	0	0	0	0	0	0	0
PBANKA_140590|PbGEM-063102|PbGEM-252699	TTGCACACGGC	0	0	0	0	0	0	0	0	0	0	0	0	0	0	0	0	0	0	0	0	0	0	0	0	0	0	0	0	0	0	0	0	0	0	0	0	0	0	1	0	0	0	0	0	0	0	0	0	0	0	0	0	0	0	0	0	0	0	0	0	0	0	0	0	0	0	0	0	0	0	0	0	0	0	0	0	0	0	0	0	0	0	0	0	0	0	0	0	0	0	0	0	0	0	0	0	0	0
PbGEM-063150|PBANKA_140620|PbGEM-109498|PbGEM-252821	AAGCTTTTTTC	0	0	0	0	0	0	0	0	0	0	0	0	0	0	0	0	0	0	0	0	0	0	0	0	0	0	0	0	0	0	0	0	0	0	0	0	0	0	1	0	0	0	0	0	0	0	0	0	0	0	0	0	0	0	0	0	0	0	0	0	0	0	0	0	0	0	0	0	0	0	0	0	0	0	0	0	0	0	0	0	0	0	0	0	0	0	0	0	0	0	0	0	0	0	0	0	0	0
PbGEM-063278|PbGEM-252992|PBANKA_140700	ATACGTCTGGT	0	0	0	0	0	0	0	0	0	0	0	0	0	0	0	0	0	0	0	0	0	0	0	0	0	0	0	0	0	0	0	0	0	0	0	0	0	0	0	0	0	0	0	0	0	0	0	0	0	0	0	0	0	0	0	0	0	0	0	0	0	0	0	0	0	0	0	0	0	0	0	0	0	0	0	0	0	0	0	0	0	0	0	0	0	1	0	0	0	0	0	0	0	0	0	0	0	0
PbGEM-109969|PbGEM-254374|PBANKA_141120|PbGEM-063887	TTCGATATGTG	0	0	0	0	0	0	0	0	0	0	0	0	0	0	0	0	0	0	0	0	0	0	0	0	0	0	0	0	0	0	0	0	0	0	0	0	0	0	0	0	0	0	0	0	0	0	0	0	0	0	0	0	0	0	0	0	0	0	0	0	0	0	0	0	0	0	0	0	0	0	0	0	0	0	0	0	0	0	0	0	0	0	0	0	0	0	0	0	0	0	0	0	0	0	0	1	0	0
PbGEM-254414|PbGEM-063903|PBANKA_141130	CATCAAGCTCT	0	0	0	0	0	0	0	0	0	0	0	0	0	0	0	0	0	0	0	0	0	0	0	0	0	0	0	0	0	0	0	0	0	0	0	0	0	0	0	0	0	0	0	0	0	0	1	0	0	0	0	0	0	0	0	0	0	0	0	0	0	0	0	0	0	0	0	0	0	0	0	0	0	0	0	0	0	0	0	0	0	0	0	0	0	0	0	0	0	0	0	0	0	0	0	0	0	0
PbGEM-254967|PBANKA_141330|PbGEM-064111|PbGEM-264796|PbGEM-110060|PbGEM-648027	CGACTTTTCAT	0	0	0	0	0	0	0	0	0	0	0	0	0	0	0	0	0	0	0	0	0	1	1	0	0	0	0	0	0	0	0	0	0	0	0	0	0	0	0	0	0	0	0	0	0	0	0	0	0	0	0	0	0	0	0	0	0	0	0	0	0	0	0	0	0	0	0	0	0	0	0	0	0	0	0	0	0	0	0	0	0	0	0	0	0	0	0	0	0	0	0	0	0	0	0	0	0	0
PbGEM-064313|PbGEM-646777|PbGEM-255451|PbGEM-343260|PbGEM-064321|PBANKA_141470	GCTGCCACAAA	0	0	0	0	0	0	0	0	1	1	0	0	0	0	0	0	0	0	0	0	0	0	0	0	0	0	0	0	0	0	0	0	0	0	0	0	0	0	0	0	0	0	0	0	0	0	0	0	0	0	0	0	0	0	0	0	0	0	0	0	0	0	0	0	0	0	0	0	0	0	0	0	0	0	0	0	0	0	0	0	0	0	0	0	0	0	0	0	0	0	0	0	0	0	0	0	0	0
PbGEM-110413|PBANKA_141910|PbGEM-670237|PbGEM-064920|PbGEM-256541	AAGCATTTCTG	1237	1231	1162	1148	0	1223	1193	0	1277	1242	0	389	512	0	0	1482	1461	0	1195	1228	0	538	588	0	0	37	37	0	0	84	82	0	0	22	21	0	73	71	160	158	0	166	161	0	0	193	190	0	142	140	0	1322	1304	0	1325	1306	1295	1282	0	765	744	0	0	721	716	0	0	0	0	3048	2984	0	0	1048	1035	0	0	28	26	0	72	71	45	42	0	94	93	0	0	187	182	0	177	177	170	168	176	177
PBANKA_142010|PbGEM-065066|PbGEM-256770	CACGTGTGAAA	0	0	0	1	0	0	0	0	0	0	0	0	0	0	0	0	0	0	0	0	0	0	0	0	0	0	0	0	0	0	0	0	0	0	0	0	0	0	0	0	0	0	0	0	0	0	0	0	0	0	0	0	1	0	0	0	0	0	0	0	0	0	0	0	0	0	0	0	0	0	0	0	0	0	0	0	0	0	0	0	0	0	0	0	0	0	0	0	0	0	0	0	0	0	0	0	0	0
PBANKA_142660|PbGEM-065959|PbGEM-254159	AAACGTGTGGG	0	0	0	0	0	0	0	0	0	0	0	0	0	0	0	0	0	0	0	0	0	0	0	0	0	0	0	0	0	0	0	0	0	0	0	0	0	0	0	0	0	0	0	0	0	0	0	0	0	0	0	0	0	0	0	0	0	0	0	0	0	0	0	0	0	0	0	0	0	0	1	0	0	0	0	0	0	0	0	0	0	0	0	0	0	0	0	0	0	0	0	0	0	0	0	0	0	0
PbGEM-537275|PbGEM-321723|PbGEM-653037|PbGEM-667533|PbGEM-321715|PBANKA_142660|PbGEM-590420	CAGCGACTGGG	0	0	0	0	0	0	0	0	0	0	0	0	0	0	0	0	0	0	0	0	0	0	0	0	0	0	0	0	0	0	0	0	0	0	0	0	0	0	0	0	0	0	0	0	0	0	0	0	0	0	0	0	0	0	0	0	0	0	0	0	0	0	0	0	1	0	0	0	0	0	0	0	0	0	0	0	0	0	0	0	0	0	0	0	0	0	0	0	0	0	0	0	0	0	0	0	0	0
PBANKA_142800|PbGEM-110949|PbGEM-254682|PbGEM-066155	TGTGTCCGATG	0	0	0	0	0	0	1	0	0	0	0	0	0	0	0	0	0	0	0	0	0	0	0	0	0	0	0	0	0	0	1	0	0	0	0	0	0	0	0	0	0	0	0	0	0	0	0	0	0	0	0	0	1	0	0	0	0	0	0	0	0	0	0	0	0	0	0	0	0	0	0	0	0	0	0	0	0	0	0	0	0	0	0	0	0	0	0	0	0	0	0	0	0	0	0	0	0	0
PbGEM-066267|PBANKA_142870|PbGEM-254940	CTCGCCCTTAG	0	1	0	0	0	0	0	0	0	0	0	0	0	0	0	0	0	0	0	0	0	0	0	0	0	0	0	0	0	0	0	0	0	0	0	0	0	0	0	0	0	0	0	0	0	0	0	0	0	0	0	0	0	0	1	0	0	0	0	0	0	0	0	0	0	0	0	0	0	0	0	0	0	0	0	0	0	0	0	0	0	0	0	0	0	0	0	0	0	0	0	0	0	0	0	0	0	0
PbGEM-067106|PbGEM-111473|PbGEM-256446|PBANKA_143450	CTAGAAGACGT	0	0	0	0	0	0	0	0	0	0	0	0	0	0	0	0	0	0	0	0	0	0	0	0	0	0	0	0	0	0	0	0	0	0	0	0	0	0	0	0	0	0	0	0	0	0	0	0	0	0	0	0	0	0	0	0	0	0	0	0	0	0	0	5	0	0	0	0	0	0	0	0	0	0	0	0	0	0	0	0	0	0	0	0	0	0	0	0	0	0	0	0	0	0	0	0	0	0
PbGEM-067586|PbGEM-528326|PbGEM-528185|PbGEM-528467|PbGEM-646665|PbGEM-646705|PbGEM-645884|PbGEM-646499|PbGEM-646696|PbGEM-646727|PbGEM-669773|PBANKA_143750|PbGEM-340307|PbGEM-226429	GGGAATTAAGA	693	692	612	616	0	2133	2165	0	2087	2070	0	591	752	0	0	3039	2996	0	2109	2194	0	1117	1219	0	0	0	0	0	0	0	1	0	0	0	0	0	0	0	1	1	0	28	27	0	0	0	0	0	1	2	0	709	698	0	823	812	2840	2801	0	1148	1141	0	0	1177	1171	0	1	1	0	5333	5263	0	0	2426	2433	0	0	0	1	0	0	0	1	1	0	3	3	0	0	2	0	0	26	26	1	2	1	0
PBANKA_143930|PbGEM-257668|PbGEM-067839	GTCAGAGTTAT	0	0	0	0	0	0	1	0	0	0	0	0	0	0	0	0	0	0	0	0	0	0	0	0	0	0	0	0	0	0	0	0	0	0	0	0	0	0	0	0	0	0	1	0	0	0	0	0	0	0	0	0	0	0	0	0	0	0	0	0	0	0	0	0	0	0	0	0	0	0	0	0	0	0	0	0	0	0	0	0	0	0	0	0	0	0	0	0	0	0	0	0	0	0	0	0	0	0
PbGEM-323763|PbGEM-323771|PBANKA_144200|PbGEM-323755|PbGEM-323779	AAAACTTCGTG	2258	2209	2087	1994	0	81	78	0	240	237	0	63	77	0	0	11	10	0	0	1	0	32	33	0	0	0	0	0	0	64	59	0	0	22	23	0	59	58	23	23	0	0	0	0	0	2	2	0	2	2	0	2460	2419	0	2059	2009	69	68	0	184	176	0	0	117	121	0	0	0	0	15	15	0	0	69	66	0	0	0	0	0	67	69	13	13	0	48	46	0	0	23	24	0	1	1	0	0	2	2
PbGEM-646781|PbGEM-256413|PbGEM-068975|PBANKA_144690|PbGEM-079961|PbGEM-675261	GCCGGAATAAA	1995	1950	1735	1687	0	277	272	0	649	634	0	185	216	0	0	494	476	0	452	457	0	126	130	0	0	97	94	0	0	0	0	0	0	52	50	0	54	50	0	0	0	2	2	0	0	0	0	0	2	2	0	1917	1858	0	2206	2136	358	350	0	362	353	0	0	336	332	0	2	2	0	1019	995	0	0	259	246	0	0	82	80	0	1	1	98	91	0	39	37	0	0	1	1	0	0	0	0	0	7	5
PbGEM-324787|PbGEM-324771|PbGEM-324795|PbGEM-324779|PbGEM-666525|PBANKA_145030|PbGEM-646742	TCTGTCTGTGC	1894	1846	1603	1568	0	1021	1007	0	674	661	0	283	351	0	0	650	639	0	566	581	0	574	618	0	0	5	5	0	0	147	147	0	0	58	59	0	134	132	0	0	0	0	0	0	0	1	1	0	1	1	0	1855	1817	0	2079	2032	1094	1077	0	529	512	0	0	367	376	0	0	0	0	1428	1392	0	0	907	899	0	0	23	21	0	163	164	82	81	0	139	137	0	0	0	0	0	0	0	0	0	0	0
PbGEM-324859|PbGEM-324843|PBANKA_145060|PbGEM-324851	GACCGTTATAT	0	0	0	0	0	0	0	0	0	0	0	0	0	0	0	0	0	0	0	0	0	0	0	0	0	0	0	0	0	0	0	0	0	0	0	0	0	0	0	0	0	0	0	0	0	0	0	0	0	0	0	0	0	0	0	0	0	0	0	0	0	0	0	0	0	0	0	0	0	0	0	0	0	0	0	0	0	0	0	0	0	0	1	0	0	0	0	0	0	0	0	0	0	0	0	0	0	0
PbGEM-070062|PBANKA_145440|PbGEM-258164|PbGEM-070070	GTACCGAACGC	0	0	0	0	0	0	0	0	0	0	0	0	0	0	0	0	0	0	0	0	0	0	0	0	0	0	0	0	0	0	0	0	0	0	0	0	0	0	0	0	0	0	0	0	0	0	0	0	0	0	0	2	2	0	0	0	0	0	0	0	0	0	0	0	0	0	0	0	0	0	0	0	0	0	0	0	0	0	0	0	0	0	0	0	0	0	0	0	0	0	0	0	0	0	0	0	0	0
PbGEM-071416|PbGEM-259164|PBANKA_146350|PbGEM-264404	AGGATACCAAC	4654	4746	3987	4048	0	583	601	0	106	112	0	69	88	0	0	613	624	0	436	473	0	203	228	0	0	488	500	0	0	427	425	0	0	127	139	0	213	212	685	708	0	479	474	0	0	527	535	0	426	437	0	4437	4546	0	5070	5153	664	678	0	48	49	0	0	92	92	0	0	0	0	1094	1115	0	0	409	429	0	0	624	631	0	408	415	207	212	0	196	200	0	0	703	707	0	579	578	524	538	611	618
